File: MNCLW00559.txt
Search Method: Trie (MWE + Single-Word)
Total runtime: 0.023531s
Found terms: 1053

Term                            Line                  Word Place          

тагнуулын байгууллага           8, 13, 13, 47         1, 7, 10, 4         
                                49, 54, 62, 63        23, 14, 7, 7        
                                67, 70, 71, 72        33, 17, 4, 12       
                                73, 78, 79, 81        11, 1, 1, 3         
                                81, 82, 82, 86        24, 3, 24, 5        
                                197, 198, 199, 200    4, 4, 2, 2          
                                201, 202, 203, 204    2, 2, 2, 2          
                                205, 206, 219, 220    2, 2, 4, 4          
                                222, 223, 225, 226    2, 2, 2, 2          
                                228, 229, 231, 232    2, 2, 2, 2          
                                234, 235, 294, 294    2, 2, 8, 20         
                                295, 297, 301, 302    12, 10, 1, 1        
                                305, 306, 311, 312    13, 13, 9, 9        
                                358, 359, 396, 400    3, 12, 6, 21        
                                410, 410, 411, 413    11, 31, 22, 11      
                                414, 456              30, 7               
нийтлэх                         10, 11                1, 1                
үйл ажиллагаа                   13, 20, 20, 22        17, 3, 18, 3        
                                22, 25, 25, 30        20, 6, 10, 8        
                                30, 36, 37, 37        14, 5, 3, 21        
                                43, 51, 54, 72        5, 2, 6, 17         
                                73, 86, 119, 120      13, 7, 3, 3         
                                134, 143, 146, 158    13, 7, 8, 5         
                                174, 184, 188, 205    6, 9, 12, 4         
                                206, 216, 217, 234    4, 4, 4, 4          
                                235, 267, 270, 293    4, 6, 8, 5          
                                294, 295, 340, 358    10, 20, 7, 6        
                                388, 394, 456         22, 10, 14          
тагнуулын ажилтан               13, 45, 304, 347      26, 12, 18, 25      
                                348, 364, 382, 388    10, 4, 11, 4        
                                388, 391, 394, 400    19, 8, 7, 7         
                                409, 410, 414, 423    6, 17, 21, 17       
                                448                   15                  
зохиогч                         13, 260, 388, 423     14, 5, 12, 9        
журам                           13, 95, 98, 103       25, 28, 28, 11      
                                105, 171, 231, 232    5, 4, 6, 6          
                                273, 308, 319, 328    14, 12, 18, 5       
                                337, 338, 342, 349    24, 4, 13, 5        
                                423, 428              21, 8               
байгууллага                     14, 15, 20, 22        4, 2, 9, 13         
                                25, 30, 31, 33        18, 11, 6, 9        
                                34, 35, 35, 36        4, 2, 15, 4         
                                37, 37, 39, 40        2, 29, 2, 2         
                                41, 43, 44, 45        2, 4, 2, 26         
                                49, 53, 54, 56        2, 4, 2, 2          
                                58, 59, 66, 67        2, 2, 4, 2          
                                69, 70, 71, 72        3, 2, 2, 2          
                                80, 81, 82, 98        4, 9, 9, 3          
                                100, 116, 132, 134    15, 10, 37, 5       
                                141, 142, 143, 151    6, 30, 6, 7         
                                156, 168, 171, 173    3, 17, 6, 2         
                                174, 174, 178, 179    2, 11, 17, 4        
                                181, 186, 188, 259    2, 19, 11, 2        
                                260, 265, 268, 270    4, 29, 7, 2         
                                271, 276, 278, 280    2, 2, 2, 2          
                                293, 296, 303, 317    4, 12, 4, 2         
                                323, 337, 338, 351    2, 5, 6, 2          
                                354, 374, 394, 402    3, 2, 4, 2          
                                414, 416, 419, 423    2, 4, 2, 4          
                                426, 431, 440, 443    2, 2, 2, 2          
                                444, 449, 455, 456    2, 2, 4, 2          
                                456, 460, 461, 463    41, 26, 14, 2       
хэрэглэгч                       19, 103, 105, 168     3, 10, 13, 23       
                                315, 342, 443, 448    7, 15, 9, 14        
                                449                   3                   
үндэсний аюулгүй байдал         20, 35, 70, 75        29, 6, 6, 4         
                                75, 86, 132, 132      10, 11, 6, 26       
                                186, 190, 192, 222    3, 9, 3, 10         
                                223, 265, 295, 295    10, 18, 23, 32      
                                296                   13                  
тал                             20, 70, 75, 271       21, 16, 15, 7       
                                296, 296, 356, 459    17, 40, 7, 15       
талууд                          20, 70, 75, 271       21, 16, 15, 7       
                                296, 296, 356, 459    17, 40, 7, 15       
мэдээ                           20, 27, 28, 28        22, 13, 2, 16       
                                29, 51, 70, 72        5, 20, 11, 11       
                                167, 181, 296, 330    6, 7, 31, 5         
                                330, 332, 333         9, 6, 6             
шийдвэр                         20, 89, 132, 190      38, 10, 43, 7       
                                263, 270, 351, 351    12, 6, 6, 15        
                                414, 461              3, 11               
тусгай алба                     22, 25, 28, 134       11, 2, 4, 3         
                                178, 416, 423         15, 2, 2            
урьдчилан сэргийлэх             22, 136, 153, 183     33, 11, 19, 16      
                                297                   26                  
иргэн                           22, 37, 49, 49        14, 30, 9, 31       
                                51, 67, 134, 141      7, 19, 6, 10        
                                167, 168, 171, 171    19, 20, 10, 16      
                                183, 241, 276, 290    30, 21, 14, 38      
                                305, 306, 308, 338    12, 12, 5, 7        
                                338, 346, 347, 381    13, 3, 3, 10        
                                461                   17                  
газар                           22, 62, 63, 75        24, 3, 3, 2         
                                75, 81, 82, 85        18, 13, 13, 6       
                                86, 86, 88, 88        3, 23, 3, 16        
                                89, 89, 90, 91        3, 9, 3, 3          
                                95, 95, 95, 95        18, 21, 25, 31      
                                98, 98, 98, 98        18, 21, 25, 31      
                                100, 103, 103, 105    3, 3, 14, 3         
                                107, 130, 131, 137    3, 5, 3, 3          
                                163, 164, 171, 172    5, 3, 33, 3         
                                190, 201, 202, 203    2, 12, 12, 13       
                                204, 212, 213, 214    13, 12, 12, 12      
                                215, 225, 226, 228    12, 12, 12, 7       
                                229, 231, 232, 238    7, 15, 15, 3        
                                239, 240, 241, 241    3, 5, 3, 31         
                                243, 244, 249, 251    3, 3, 3, 7          
                                253, 255, 255, 257    3, 3, 27, 5         
                                258, 265, 267, 268    3, 24, 3, 3         
                                271, 272, 282, 285    9, 3, 3, 3          
                                290, 290, 290, 290    3, 15, 41, 46       
                                296, 297, 308, 319    7, 3, 15, 20        
                                321, 321, 337, 370    11, 16, 11, 6       
                                373, 374, 374, 382    19, 11, 16, 3       
                                382, 384, 384, 384    15, 3, 15, 31       
                                386, 410, 414, 423    17, 29, 5, 23       
                                428, 449, 456, 459    15, 12, 33, 21      
                                460, 461              19, 3               
салбар                          25, 81, 82, 89        20, 20, 20, 6       
                                259, 402              6, 13               
нэгж                            25, 81, 82, 89        21, 21, 21, 7       
                                100, 259, 297, 402    23, 7, 8, 14        
                                416                   17                  
ачаа                            27, 142, 296          7, 5, 28            
нууц арга, хэрэгсэл             28, 37                10, 25              
баримт бичиг                    30, 174, 340          16, 13, 12          
ажил                            30, 142, 143, 151     4, 26, 2, 2         
                                168, 244, 251, 261    2, 10, 12, 15       
                                262, 263, 267, 273    2, 2, 15, 2         
                                276, 304, 319, 321    9, 11, 6, 5         
                                356, 357, 359, 373    6, 5, 5, 10         
                                377, 378, 380, 386    5, 9, 9, 6          
                                410, 411, 414, 451    20, 4, 15, 9        
                                451                   11                  
хүн                             30, 32, 33, 37        12, 13, 19, 10      
                                43, 44, 51, 142       7, 8, 28, 14        
                                175, 280, 337, 436    8, 3, 7, 2          
                                444, 444, 448         5, 7, 4             
гүйцэтгэгч                      31, 49, 72, 151       2, 7, 8, 18         
                                246, 261, 330, 332    8, 3, 3, 3          
                                333, 337, 342, 357    3, 3, 3, 7          
                                410, 450, 451, 451    3, 7, 6, 17         
ажилтан                         31, 31, 33, 45        3, 13, 2, 20        
                                67, 72, 177, 260      4, 14, 2, 12        
                                267, 308, 311, 312    5, 2, 2, 2          
                                315, 323, 325, 326    2, 5, 3, 2          
                                336, 345, 349, 350    2, 4, 2, 4          
                                352, 361, 362, 363    2, 4, 2, 4          
                                370, 371, 372, 373    2, 4, 2, 2          
                                376, 377, 378, 379    4, 2, 2, 4          
                                380, 381, 384, 386    2, 2, 28, 2         
                                398, 404, 406, 408    2, 2, 2, 4          
                                421, 422, 424, 430    4, 2, 2, 2          
                                450, 451, 456         4, 2, 9             
гүйцэтгэх ажил                  32, 33, 138, 149      3, 4, 13, 5         
                                188, 258, 290, 388    6, 5, 24, 8         
байгууллагын нууц               32, 332, 333          8, 11, 11           
гэрээ                           33                    11                  
тагнуулын арга                  35, 328               9, 7                
зам                             35, 339, 415, 415     11, 8, 14, 22       
                                451                   13                  
хангагч                         35, 37, 37, 43        12, 14, 20, 11      
                                54, 54, 70, 86        13, 23, 9, 16       
                                90, 90, 91, 91        24, 30, 24, 30      
                                95, 98, 139, 144      13, 13, 11, 6       
                                146, 153, 156, 177    19, 32, 13, 5       
                                179, 182, 192, 199    10, 4, 6, 17        
                                200, 210, 211, 222    17, 17, 17, 21      
                                223, 259, 265, 267    21, 10, 17, 14      
                                296, 329, 396, 400    16, 12, 20, 25      
                                410, 411              21, 33              
уригч                           37, 38                8, 8                
удирдлага                       37, 37, 90, 91        17, 47, 33, 33      
                                95, 98, 146, 153      6, 5, 18, 31        
                                156, 199, 200, 210    5, 10, 10, 9        
                                211, 238, 239, 240    9, 4, 4, 6          
                                259                   9                   
технологи                       37, 38                41, 15              
мэдээлэл                        37, 38, 41, 51        42, 16, 17, 21      
                                70, 71, 71, 72        12, 7, 12, 21       
                                90, 90, 91, 91        17, 21, 17, 21      
                                116, 153, 165, 181    7, 25, 17, 8        
                                199, 200, 222, 223    16, 16, 20, 20      
                                265, 265, 294, 295    16, 36, 24, 16      
                                296, 356, 456         9, 12, 21           
хувийн ашиг сонирхол            39                    20                  
үндэсний аюулгүй байдлыг хангах үйл ажиллагаа  40                    6                   
тагнуулын мэдээ                 40, 132               3, 12               
гүйцэтгэх ажлын тусгай техник хэрэгсэл  41, 165, 168          12, 21, 24          
инженерийн дэд бүтэц            41                    24                  
тээврийн хэрэгсэл               41, 339, 339          10, 9, 19           
сан                             41, 71, 260           19, 14, 11          
үйлчилгээ                       41, 100, 323          23, 14, 4           
тохиолдол                       44, 51, 244, 329      7, 25, 8, 5         
                                339, 341, 357, 386    17, 17, 4, 14       
                                400, 411, 413, 426    20, 27, 8, 9        
                                440, 447, 459, 460    16, 3, 5, 10        
хуулийн этгээд                  45, 47, 49, 49        2, 2, 10, 32        
шуудан                          45, 165, 341          21, 11, 18          
гомдол                          45, 47                27, 8               
өргөдөл                         47                    7                   
прокурор                        49, 255, 448          27, 20, 28          
шүүгч                           49, 462               28, 7               
шүүх                            49, 462               28, 7               
этгээд                          49, 134, 137, 172     44, 9, 22, 10       
                                430, 442, 444, 462    14, 2, 11, 6        
төсөв                           53, 54                5, 16               
улсын  төсөв                    54                    3                   
улсын төсөв                     54                    3                   
санал                           56, 75, 190, 192      12, 21, 17, 11      
                                241, 255, 255, 271    28, 25, 31, 10      
                                290, 308, 321, 374    43, 17, 13, 13      
                                456, 460              44, 16              
үйл ажиллагааны зардал          62, 63                4, 4                
төрийн бус байгууллага          67, 167, 183          13, 11, 21          
аж ахуйн нэгж                   67, 141, 167, 171     16, 7, 14, 7        
                                173, 179, 183         3, 5, 24            
эд хөрөнгө                      67                    30                  
хариуцагч                       67, 297, 388, 391     35, 7, 28, 22       
                                410, 411, 413         38, 24, 13          
төлбөр                          71, 408, 419          16, 8, 11           
халхавчлах                      72                    16                  
сум                             73                    2                   
нийслэл                         73                    3                   
зөвлөл                          75, 132, 243, 265     7, 29, 16, 21       
                                295, 295              6, 26               
мөрдөн байцаагч                 90, 91, 388           25, 25, 15          
аюул                            90, 91, 116, 136      22, 22, 2, 4        
                                138, 139, 139, 144    8, 9, 13, 2         
                                153, 153, 176, 177    13, 18, 4, 3        
                                179, 182, 265, 267    8, 2, 2, 12         
                                295, 329, 341, 341    4, 10, 8, 10        
                                347, 400, 400, 402    8, 18, 23, 4        
захиргаа                        90, 91, 323, 463      32, 32, 3, 14       
жанжин штаб                     95, 228, 229, 231     35, 12, 12, 9       
                                232, 282              9, 7                
дүрэм                           95, 98, 231, 232      26, 26, 4, 4        
хил хамгаалах байгууллага       98, 210, 211, 214     33, 5, 5, 5         
                                215, 285              5, 5                
архив                           100                   10                  
ажилгүй                         100, 175, 246, 261    11, 5, 7, 4         
                                321                   3                   
спорт                           100                   27                  
хэвлэмэл хуудас                 105                   11                  
гэмт хэрэгтэй тэмцэх            112, 296, 431         3, 37, 8            
үүрэг гүйцэтгэгч                131, 210, 211, 416    5, 20, 20, 9        
                                423                   14                  
дүгнэлт                         132, 190, 192         19, 18, 12          
гишүүн                          132, 212, 213         31, 13, 13          
гэмт хэрэг                      137, 171, 183, 249    16, 36, 8, 7        
                                297, 338, 384, 423    14, 30, 7, 6        
мөрдөгч                         137, 205, 206, 216    11, 12, 12, 12      
                                217, 234, 235, 261    12, 12, 12, 6       
                                305, 306, 415         17, 17, 18          
зэвсэгт хүчин                   138                   4                   
шугам                           138                   15                  
мэдээллийн сүлжээ               139                   5                   
гоц халдварт өвчин              142                   17                  
осол                            142, 142              10, 22              
мал                             142                   15                  
ургамал                         142                   16                  
мэргэжил                        143, 146, 179, 276    9, 15, 15, 4        
                                410                   24                  
албаны нууц                     146, 297, 332, 333    3, 34, 9, 9         
                                347                   21                  
хяналт тавих                    146, 151, 158, 176    13, 12, 11, 30      
                                261, 267, 270, 273    13, 8, 11, 12       
                                297                   39                  
техникийн нөхцөл                151                   19                  
хүсэлт                          151, 245, 339         17, 2, 22           
монгол улсын нутаг дэвсгэр      158                   13                  
ажиглах                         165                   8                   
зөвшөөрөл                       168, 262, 356, 382    12, 12, 4, 17       
                                386                   19                  
тэмдэглэл                       168                   29                  
хураагч                         168, 171, 338         31, 50, 44          
орлого                          168                   34                  
тайлбар                         171, 192, 338         17, 14, 14          
шалгагч                         171, 172, 294         22, 14, 19          
объект                          174                   3                   
мэргэжлийн байгууллага          175                   6                   
галт зэвсэг                     176, 342, 426, 447    18, 5, 10, 4        
                                449                   4                   
арга хэмжээ                     177, 331, 358, 388    6, 2, 11, 10        
                                400, 448              26, 21              
заавар                          182, 261, 272, 328    12, 7, 7, 4         
захиргааны байгууллага          184                   7                   
гадаадын иргэн                  186                   9                   
нотлох баримт                   192, 384              15, 19              
цэргийн байгууллага             199, 200, 222, 223    22, 22, 26, 26      
тушаал                          203, 204, 214, 215    16, 16, 15, 15      
                                231, 232, 249, 272    18, 18, 24, 6       
                                321, 354, 366, 368    7, 2, 2, 2          
                                373, 374, 391, 391    4, 4, 6, 17         
                                457, 458, 458         17, 23, 26          
зэвсэгт хүчний удирдлага        222, 223              7, 7                
захирамж                        243                   7                   
зөвлөх                          243, 265              13, 33              
шийтгэх тогтоол                 249                   13                  
төсвийн захирагч                260                   17                  
сүлжээ                          260                   14                  
зохион байгуулагч               261, 267, 280, 329    16, 16, 8, 15       
                                358                   14                  
цэргийн цол                     269, 315              7, 3                
ашиглалт                        273                   11                  
хөтөлбөр                        278                   11                  
илтгэл                          294, 295              23, 15              
сонсогч                         294, 295, 296         25, 17, 10          
ашиг сонирхлын зөрчил           297                   22                  
хэрэг бүртгэгч                  305, 306, 388         15, 15, 13          
сонгогч                         305, 305, 306, 306    2, 7, 2, 7          
                                308                   7                   
гэрчилгээ                       305, 306              10, 10              
шалгуур үзүүлэлт                311, 312              7, 7                
цэргийн жинхэнэ алба хаагч      319                   9                   
гэр бүлийн гишүүн               329                   7                   
туслах ажилтан                  329, 340, 442         2, 4, 7             
хатгагч                         331                   8                   
хүний эмзэг мэдээлэл            332, 333              13, 13              
барилга байгууламж              337                   8                   
хилийн боомт                    337                   12                  
туслагч                         340, 442              3, 6                
гэр бүл                         341, 400              3, 10               
эрх бүхий албан тушаалтан       359                   14                  
нэмэгдэл                        372, 373, 378         12, 17, 12          
төрийн алба                     373, 378              13, 3               
орон байр                       382, 396              23, 18              
гэрч                            386                   3                   
мэдүүлэг                        386                   12                  
үр                              391                   15                  
дайчилгаа                       398                   4                   
хөнгөлөлт                       408, 419              6, 9                
бэлэн байдал                    411                   2                   
сургалт, дадлага                411                   15                  
хүнс                            411                   18                  
тээврийн хэрэгслээр зорчигч     413                   5                   
тэтгэмж                         414, 421, 422, 423    29, 6, 4, 19        
үнэлгээ                         415                   23                  
тэтгэвэр                        421, 422              5, 3                
цэргийн албан хаагчийн тэтгэвэр, тэтгэмж  422                   6                   
биеийн хүч хэрэглэх             425, 426, 428         7, 14, 5            
мэх хэрэглэх                    430                   28                  
галт зэвсэг хэрэглэх            440                   17                  
эмнэлгийн яаралтай тусламж      448                   17                  
даруй                           448                   30                  
саад учруулсан                  456                   17                  
торгуул                         462                   21                  
бусад этгээд                    463                   7                   
