File: MNCLW00674.txt
Search Method: Trie (MWE + Single-Word)
Total runtime: 0.013501s
Found terms: 541

Term                            Line                  Word Place          

аюул                            6, 11, 13, 20         4, 8, 5, 3          
                                21, 22, 24, 24        15, 22, 5, 17       
                                24, 25, 25, 25        38, 5, 17, 38       
                                26, 26, 26, 27        5, 12, 18, 8        
                                28, 29, 32, 33        8, 7, 2, 5          
                                35, 36, 43, 44        7, 15, 7, 7         
                                45, 46, 47, 49        5, 5, 5, 5          
                                53, 54, 55, 56        5, 11, 5, 5         
                                57, 58, 58, 59        5, 5, 19, 9         
                                60, 61, 63, 64        5, 13, 5, 7         
                                71, 72, 75, 76        13, 29, 4, 4        
                                77, 78, 79, 80        7, 9, 18, 4         
                                81, 82, 87, 95        7, 9, 6, 17         
                                97, 97, 97, 99        13, 28, 38, 4       
                                99, 101, 103, 105     28, 4, 4, 4         
                                105, 105, 107, 108    17, 45, 4, 7        
                                109, 110, 111, 111    4, 4, 6, 17         
                                112, 113, 114, 115    4, 6, 6, 13         
                                116, 117, 118, 119    5, 7, 7, 5          
                                119, 119, 120, 120    17, 29, 5, 12       
                                121, 122, 123, 124    5, 5, 7, 7          
                                125, 125, 126, 126    5, 13, 5, 22        
                                127, 127, 128, 129    5, 13, 5, 10        
                                130, 130, 131, 132    10, 14, 14, 14      
                                133, 134, 135, 136    11, 7, 7, 4         
                                138, 140, 141, 142    10, 7, 7, 5         
                                143, 145, 146, 148    5, 8, 8, 5          
                                149, 150, 151, 152    7, 7, 7, 5          
                                154, 155, 155, 160    5, 8, 11, 7         
                                161, 162, 164, 165    7, 4, 10, 10        
                                166, 172              10, 5               
нийтлэх                         8, 9                  1, 1                
монгол улсын хил                11                    12                  
тээвэрлэгч                      11, 11, 36, 47        16, 21, 21, 11      
                                55, 55, 58, 66        11, 16, 35, 12      
                                66, 78, 78, 80        19, 15, 20, 20      
                                80, 81, 90, 99        26, 13, 9, 32       
                                99, 103, 107, 119     46, 8, 10, 22       
үйлдвэрлэгч                     11, 36, 47, 55        18, 22, 13, 13      
                                78, 80, 82, 105       17, 21, 13, 6       
                                105, 154              41, 7               
тэсэрч дэлбэрэх бодис, тэсэлгээний хэрэгслийн эргэлт  13                    47                  
байгаль орчинд нөлөөлөх байдлын үнэлгээ  13, 154               22, 23              
ахуйн болон үйлдвэрлэлийн хог хаягдал  13                    40                  
аюултай хог хаягдал             13                    29                  
хяналт тавих                    13, 142, 143, 162     53, 12, 12, 24      
                                165, 166              15, 15              
гамшгаас хамгаалах              13                    57                  
зөвшөөрөл                       13, 35, 36, 41        20, 12, 26, 5       
                                41, 82, 99, 101       13, 15, 7, 7        
                                103, 105, 105, 149    9, 7, 35, 3         
тээвэрлэлт                      13                    35                  
эм                              15                    6                   
хүнс                            15, 51, 52, 72        11, 20, 10, 4       
                                116                   18                  
мөрдөгч                         16, 79, 107, 127      18, 24, 20, 27      
                                133                   21                  
хэрэглэгч                       18, 132               4, 6                
эрүүл мэнд                      19, 27, 28, 30        7, 15, 11, 7        
                                60, 72, 78, 152       12, 2, 25, 8        
                                172                   18                  
байгаль орчин                   19, 27, 30, 60        9, 17, 9, 14        
                                78, 172               27, 20              
хүн                             19, 27, 28, 30        6, 14, 10, 6        
                                60, 78, 99, 101       11, 24, 10, 10      
                                103, 105, 121, 128    12, 10, 7, 17       
                                152, 169              7, 4                
мал                             19, 23, 27, 30        11, 4, 19, 11       
                                60, 78, 121, 172      16, 29, 8, 22       
амьтан                          19, 23, 27, 30        12, 5, 20, 12       
                                60, 78, 121, 172      17, 30, 9, 23       
үйлчилгээ                       19                    20                  
шинжээч                         20, 30, 58, 87        11, 3, 20, 7        
                                110, 111, 119, 132    8, 18, 30, 4        
                                155, 168              12, 10              
монгол улсын нутаг дэвсгэр      21, 103               6, 19               
газар                           22, 33, 60, 63        8, 16, 29, 45       
                                65, 86, 148           12, 3, 12           
хөнөөлт шавж                    23                    10                  
хог ургамал                     23                    13                  
ургамал                         23                    6                   
боодол                          24, 25, 111           45, 45, 10          
эрсдлийн үнэлгээ                27, 53, 153, 154      2, 7, 4, 21         
                                155                   2                   
урьдчилан сэргийлэх             27, 78                31, 34              
үнэлгээ                         27                    27                  
тал                             27, 45, 46, 82        34, 15, 15, 19      
                                99, 99, 101, 112      20, 47, 15, 33      
талууд                          27, 45, 46, 82        34, 15, 15, 19      
                                99, 99, 101, 112      20, 47, 15, 33      
гишүүн                          33                    17                  
үйл ажиллагаа                   35, 43, 44, 45        10, 10, 10, 8       
                                46, 55, 56, 57        8, 19, 8, 9         
                                64, 64, 75, 76        10, 23, 7, 7        
                                79, 80, 89, 125       5, 13, 2, 9         
                                136, 154, 160, 161    8, 10, 10, 10       
                                172                   13                  
захиргаа                        36, 45, 46, 49        28, 21, 21, 16      
                                51, 52, 53, 63        30, 20, 16, 29      
                                64, 64, 66, 66        17, 33, 26, 34      
                                68, 68, 72, 131       20, 28, 15, 34      
                                145, 146, 162         21, 21, 15          
байгууллага                     36, 45, 46, 51        30, 23, 23, 32      
                                52, 63, 64, 64        22, 31, 19, 35      
                                66, 66, 68, 68        28, 36, 22, 30      
                                72, 73, 78, 79        20, 17, 5, 13       
                                105, 112, 112, 115    34, 14, 21, 9       
                                126, 127, 130, 131    17, 11, 5, 6        
                                131, 133, 145, 146    36, 6, 23, 23       
                                154, 162, 162, 165    18, 17, 23, 5       
                                166                   5                   
журам                           41, 47, 49, 52        17, 15, 10, 9       
                                53, 66, 107, 110      10, 20, 19, 21      
                                116, 119, 133         13, 13, 20          
хангагч                         45, 46, 57, 58        14, 14, 15, 40      
                                99, 119, 125          39, 19, 18          
захиргааны байгууллага          49, 53, 164           24, 24, 22          
ашиглалт                        51, 131, 165, 166     18, 16, 12, 12      
ажилгүй                         51, 52, 72, 128       22, 12, 6, 8        
                                129                   13                  
олон улсын байгууллага          54, 58, 60            21, 8, 22           
арга хэмжээ                     54, 58, 88, 155       18, 26, 7, 20       
баталгаажуулах                  54                    17                  
мэдээллийн нэгдсэн сан          55, 70, 71, 71        24, 4, 6, 24        
                                72                    41                  
мэдээ                           55, 73                21, 11              
мэргэжил                        57, 63, 128           11, 10, 9           
удирдлага                       57                    14                  
зөвлөмж                         57                    17                  
мэдээлэл                        58, 58, 73, 82        11, 38, 12, 21      
                                95, 105               19, 47              
осол                            58, 88, 130           22, 3, 17           
эрсдэл                          58, 88, 130, 155      23, 4, 18, 15       
иргэн                           58, 73, 79, 93        39, 13, 9, 7        
                                93, 112, 115, 131     9, 10, 5, 2         
                                133, 154, 164         2, 14, 2            
ажил                            59, 89, 126           16, 5, 10           
үндэсний аюулгүй байдал         60                    8                   
санал                           60, 63, 164           27, 11, 18          
зохицуулалт                     63, 97                8, 41               
дүгнэлт                         63, 89, 97, 105       12, 7, 48, 39       
                                109, 132              12, 20              
зөвлөл                          63, 63, 63, 97        21, 26, 41, 45      
салбар                          63, 68, 72            25, 12, 22          
нийслэл                         63                    34                  
дүрэм                           63, 79                42, 20              
хариуцагч                       64, 103, 145, 146     20, 26, 19, 19      
тайлан                          64, 131               26, 20              
мэдээллийн сан                  71, 72                17, 31              
аж ахуйн нэгж                   73, 78, 79, 112       14, 2, 10, 11       
                                115, 127, 130, 131    6, 8, 2, 3          
                                133, 154, 165, 166    3, 15, 2, 2         
сан                             73                    6                   
төлбөр                          73                    19                  
технологийн горим               79                    21                  
улсын бүртгэлийн дугаар         85                    3                   
боомт                           91, 148               9, 10               
улсын бүртгэлийн гэрчилгээ      93                    4                   
этгээд                          93, 103, 115, 172     2, 27, 18, 30       
орчуулагч                       95, 99, 101, 103      30, 60, 35, 41      
стандарт                        97, 152               17, 16              
хуулийн этгээд                  99, 101, 103, 105     11, 11, 13, 11      
                                169                   5                   
бүтээгдэхүүн                    99                    29                  
гэрээ                           99, 99, 101, 103      36, 50, 17, 30      
хэлэлцээр                       99, 99, 101, 103      37, 51, 18, 31      
танилцуулга                     99                    41                  
дамжин өнгөрөгч                 103                   23                  
эрсдэлийн үнэлгээ               105                   19                  
үнэлгээний тайлан               105                   27                  
мэргэжлийн байгууллага          109, 132              10, 18              
тохиолдол                       112                   7                   
тусгай зөвшөөрөл                115                   2                   
бараа бүтээгдэхүүн              116, 121              22, 11              
тээврийн хэрэгсэл               119, 120              20, 9               
нийтийн тээвэр                  122                   9                   
эрүүл ахуй                      127                   22                  
зохион байгуулагч               130                   27                  
үйлдвэрлэл-үйлчилгээний зориулалт  131                   8                   
сум                             131, 138              22, 17              
заавар                          132                   7                   
хог хаягдал                     136                   10                  
комисс                          138                   6                   
гаалийн байгууллага             142, 143, 145, 146    10, 10, 10, 10      
хяналт шалгалт                  162                   18                  
төрийн бус байгууллага          164                   3                   
хүсэлт                          164                   19                  
эд хөрөнгө                      172                   24                  
