File: MNCLW00731.txt
Search Method: Trie (MWE + Single-Word)
Total runtime: 0.019736s
Found terms: 815

Term                            Line                  Word Place          

төрийн ордон                    5                     1                   
хүний хувийн мэдээлэл           6, 13, 18             1, 5, 10            
нийтлэх                         10, 11                1, 1                
аюул                            13, 18, 19, 21        11, 19, 10, 21      
                                50, 111, 112, 119     2, 11, 11, 23       
                                191, 197, 198, 199    9, 4, 10, 8         
                                203, 204, 244, 245    5, 7, 11, 8         
                                255, 256              15, 6               
мэдээлэл                        14, 15, 18, 21        5, 3, 14, 10        
                                23, 29, 30, 30        14, 2, 2, 21        
                                32, 32, 33, 36        3, 16, 8, 12        
                                38, 38, 39, 39        2, 13, 3, 44        
                                40, 40, 41, 42        3, 41, 6, 29        
                                43, 43, 56, 69        3, 18, 5, 9         
                                71, 79, 80, 83        13, 11, 4, 10       
                                85, 87, 88, 89        4, 20, 20, 18       
                                90, 91, 93, 94        24, 3, 14, 11       
                                101, 110, 112, 112    27, 8, 10, 16       
                                114, 115, 116, 118    21, 18, 28, 6       
                                121, 122, 123, 125    9, 21, 4, 27        
                                128, 130, 132, 132    17, 5, 12, 14       
                                133, 135, 141, 142    7, 11, 9, 3         
                                143, 144, 145, 145    5, 4, 2, 5          
                                145, 146, 146, 148    11, 5, 8, 3         
                                148, 149, 149, 150    5, 5, 9, 13         
                                151, 151, 155, 155    11, 13, 3, 8        
                                156, 156, 156, 159    2, 5, 11, 4         
                                160, 162, 166, 166    4, 10, 9, 11        
                                168, 171, 172, 174    3, 11, 5, 5         
                                176, 182, 183, 184    10, 10, 12, 9       
                                184, 185, 186, 187    12, 7, 6, 8         
                                188, 188, 189, 190    6, 7, 9, 7          
                                190, 190, 190, 191    9, 14, 25, 8        
                                192, 193, 193, 195    7, 3, 11, 1         
                                196, 198, 198, 199    1, 7, 9, 7          
                                200, 202, 204, 208    13, 4, 6, 4         
                                208, 208, 209, 210    9, 12, 3, 11        
                                212, 212, 214, 215    5, 16, 7, 5         
                                216, 224, 226, 227    6, 11, 3, 21        
                                230, 231, 233, 234    1, 1, 5, 3          
                                235, 239, 241, 242    28, 11, 5, 13       
                                243, 244, 245, 247    3, 3, 15, 3         
                                253, 256, 262, 265    12, 5, 7, 11        
                                274, 284              6, 11               
нийтийн мэдээлэл                15, 34, 35, 37        14, 4, 4, 4         
                                69, 261               13, 16              
иргэн                           15, 33, 33, 87        12, 12, 30, 19      
                                165, 170, 264         7, 4, 8             
мөрдөгч                         16, 199, 202, 287     17, 16, 15, 12      
үйлчлэгч                        17, 19, 94            4, 19, 17           
хуулийн этгээд                  18, 18, 36, 36        4, 6, 18, 20        
                                70, 70, 71, 71        4, 6, 4, 6          
                                79, 100, 127, 128     4, 2, 8, 22         
                                282                   5                   
хүн                             18, 21, 29, 29        3, 12, 11, 29       
                                30, 33, 36, 39        8, 11, 17, 9        
                                39, 40, 41, 42        34, 5, 8, 4         
                                43, 71, 99, 101       5, 10, 2, 7         
                                101, 103, 127, 128    22, 12, 7, 21       
                                169, 222, 224, 227    2, 10, 3, 6         
                                228, 232, 235, 238    9, 6, 12, 10        
                                238, 239, 240, 256    24, 4, 7, 3         
                                259, 262, 265, 274    28, 6, 12, 20       
                                278, 282              2, 4                
байгууллага                     18, 36, 55, 56        9, 23, 4, 2         
                                63, 69, 70, 71        2, 2, 9, 2          
                                71, 104, 105, 106     9, 3, 3, 5          
                                107, 178, 204, 219    3, 13, 27, 23       
                                228, 230, 231, 234    24, 5, 5, 20        
                                235, 236, 241, 242    41, 10, 17, 10      
                                243, 247, 256, 265    14, 2, 9, 27        
                                266, 267, 274         33, 9, 18           
мэдээлэл цуглуулах              19, 53, 54, 55        6, 1, 1, 5          
                                70, 95, 101, 113      10, 5, 3, 15        
                                120, 124, 163, 164    6, 8, 3, 3          
                                165, 167, 181, 182    21, 7, 6, 3         
                                183, 186, 212, 236    6, 10, 7, 3         
                                237, 238, 247, 252    3, 18, 5, 12        
                                257, 273, 274, 277    3, 9, 8, 12         
гэр бүл                         21, 22                6, 15               
хангагч                         21, 50, 60, 111       23, 4, 6, 13        
                                112, 155, 166, 191    14, 7, 10, 11       
                                197, 198, 199, 201    6, 12, 10, 13       
                                203, 204, 243, 255    7, 9, 8, 25         
                                256                   15                  
үл хөдлөх эд хөрөнгө            22, 23                9, 9                
эрүүл мэндийг хамгаалах         22, 99                20, 5               
биометрик мэдээлэл              23, 40, 96, 102       18, 18, 11, 5       
                                103, 105, 106, 107    15, 13, 18, 15      
                                108, 109, 111, 122    12, 23, 5, 10       
                                244                   6                   
хувь хүний нууц                 25, 96                8, 31               
ажил                            25, 90, 234, 285      2, 8, 14, 11        
замын хөдөлгөөний аюулгүй байдлыг хангах  26                    16                  
урьдчилан сэргийлэх             26, 26, 66, 67        4, 30, 14, 9        
                                101, 106, 238, 268    12, 11, 29, 12      
гэмт хэрэг                      26, 106               27, 6               
зам                             26, 86                10, 23              
газар                           26, 39, 39, 259       14, 20, 23, 9       
                                263, 285              7, 14               
тодорхойлолт                    27                    6                   
хэрэглэгч                       28                    3                   
тоног төхөөрөмж                 29                    4                   
шинжээч                         29, 30, 281           27, 16, 10          
эрүүл мэнд                      30, 40, 96, 122       11, 12, 5, 4        
харилцаа холбоо                 32                    9                   
мэдээллийн технологи            32                    11                  
захидал                         32                    5                   
шуудан                          32, 39, 39, 42        8, 35, 37, 13       
мэдээллийн эзэн                 36, 38, 49, 69        8, 4, 6, 7          
                                76, 77, 86, 88        11, 3, 12, 4        
                                90, 91, 92, 93        26, 5, 13, 12       
                                114, 116, 117, 118    17, 5, 12, 9        
                                123, 125, 126, 128    8, 5, 5, 11         
                                131, 137, 138, 162    11, 1, 1, 7         
                                165, 166, 167, 169    13, 16, 16, 16      
                                170, 172, 178, 179    2, 11, 6, 13        
                                180, 183, 193, 200    3, 14, 13, 7        
                                202, 206, 210, 213    6, 5, 9, 7          
                                213, 215, 239, 262    20, 3, 17, 3        
                                278                   9                   
хариуцагч                       36, 76, 77, 91        2, 2, 2, 2          
                                92, 93, 111, 130      2, 2, 2, 2          
                                161, 162, 163, 180    4, 2, 2, 2          
                                182, 198, 210, 220    2, 2, 2, 2          
                                221, 224, 240         2, 2, 14            
зөвшөөрөл                       36, 49, 57, 64        10, 8, 3, 3         
                                75, 76, 77, 85        5, 13, 8, 3         
                                85, 86, 87, 90        10, 7, 26, 28       
                                92, 92, 93, 93        4, 16, 8, 17        
                                93, 94, 109, 114      20, 13, 15, 19      
                                116, 122, 125, 126    8, 3, 24, 20        
                                128, 141, 162, 165    13, 4, 9, 23        
                                166, 167, 168, 180    3, 3, 5, 13         
                                186, 208, 277         4, 3, 8             
эд хөрөнгө                      38, 66, 255, 256      10, 10, 20, 10      
хүний эмзэг мэдээлэл            39, 96, 97, 126       5, 27, 5, 14        
иргэний бүртгэлийн дугаар       39                    26                  
цахим тодорхойлогч              39                    32                  
хөрөнгө                         39, 90                29, 6               
тоон гарын үсгийн хувийн түлхүүр  40, 96                20, 13              
ял эдэлж байгаа                 40                    25                  
захидал, харилцаа               40, 96, 122           14, 7, 6            
бэлэг                           40, 40, 96, 96        32, 38, 18, 24      
                                122, 122              12, 18              
мэдээллийн систем               42, 42, 201, 245      8, 26, 6, 6         
сүлжээ                          42, 253               15, 14              
эрүүл мэндийн тусламж, үйлчилгээ  43, 259               12, 19              
сэтгэцийн эрүүл мэнд            43                    8                   
бүрэн бүтэн байдал              51, 255, 256          4, 22, 12           
тохиолдол                       56, 59, 63, 71        4, 3, 4, 12         
                                76, 92, 93, 97        6, 12, 11, 4        
                                116, 126, 128, 128    11, 13, 9, 16       
                                168, 173, 178, 206    7, 14, 10, 2        
                                210, 224, 262         8, 18, 9            
хөдөлмөрийн харилцаа            59                    4                   
мэдээлэл хариуцагч              59, 159, 160, 206     7, 1, 1, 3          
                                213, 267              17, 5               
мэдээлэл ашиглах                63, 207               5, 3                
статистикийн мэдээлэл           68, 74, 113, 114      13, 15, 11, 13      
                                115, 116, 117, 119    14, 24, 9, 9        
бүтээл                          68, 74, 113, 114      11, 11, 9, 11       
                                115, 116, 117, 119    12, 22, 7, 7        
хүнийг тодорхойлох боломжгүй болгох  69, 116               3, 12               
нээлт                           69, 74                10, 13              
журам                           69, 103, 109, 112     24, 10, 5, 7        
                                131, 164, 192, 199    5, 7, 5, 12         
                                202, 228, 234, 244    12, 8, 25, 14       
                                267                   3                   
мэдээлэл боловсруулах           76, 92, 119, 171      7, 9, 13, 5         
                                173, 179, 179         15, 5, 16           
холбоо                          79, 216               9, 4                
этгээд                          83, 268, 279          8, 10, 8            
баталгаажуулах                  86, 105, 109          22, 11, 10          
хүсэлт                          89, 131, 150, 171     12, 13, 9, 3        
                                172, 173, 174, 180    3, 3, 3, 11         
орон нутгийн өмч                90                    3                   
харилцан хамааралтай этгээдүүд  90                    19                  
бараа                           90, 125               7, 8                
үйлчилгээ                       90, 99, 259, 259      9, 10, 8, 12        
оролцогч                        90                    13                  
зохицуулалт                     94, 283               9, 5                
эрүүл мэндийн ажилтан           99                    13                  
нотлох баримт                   100                   12                  
нэхэмжлэл                       100                   5                   
тайлбар                         100, 151              10, 8               
мэдүүлэг                        100                   11                  
монгол улсын хүний эрхийн үндэсний комисс  101                   15                  
комисс                          101, 222, 227, 233    25, 13, 9, 4        
                                266, 274              4, 23               
зөвлөмж                         101, 227, 234, 235    29, 11, 22, 43      
                                236, 237, 238         12, 29, 32          
төрийн байгууллага              103, 200, 273         3, 11, 7            
иргэний улсын бүртгэл           104                   4                   
гадаадын иргэн                  105                   8                   
шалгагч                         106, 235, 235         13, 31, 36          
гишүүн                          108, 240              4, 12               
санал                           108, 228, 234, 265    8, 13, 26, 16       
ажилтан                         109, 109              8, 14               
ажил олгогч                     110                   9                   
бусад этгээд                    110                   13                  
үйл ажиллагаа                   111, 150, 171, 173    9, 5, 8, 18         
                                175, 176, 179, 179    5, 5, 8, 19         
                                181, 189, 195, 196    9, 4, 3, 3          
                                199, 203, 235, 238    14, 3, 6, 22        
                                239, 247, 258, 266    13, 9, 18, 10       
                                268, 273, 274, 285    16, 13, 12, 5       
нийтийн ашиг сонирхол           121                   4                   
гэр бүлийн гишүүн               125                   16                  
олон улсын байгууллага          127, 128              11, 25              
монгол улсын олон улсын гэрээ   132                   2                   
шүүхийн шийдвэр                 132                   10                  
мэдээ                           142, 143, 144, 212    8, 6, 15, 12        
                                279                   7                   
гуравдагч этгээд                144, 144, 178, 208    5, 12, 14, 13       
тал                             144, 145, 146, 156    14, 4, 7, 4         
                                163, 165, 167, 169    7, 20, 15, 15       
                                172, 175, 178, 184    10, 7, 5, 22        
                                198, 202, 211, 218    13, 11, 9, 10       
                                220, 221, 233, 234    9, 9, 7, 18         
                                235, 237, 237, 237    25, 14, 19, 28      
                                239, 242, 245         21, 15, 14          
талууд                          144, 145, 146, 156    14, 4, 7, 4         
                                163, 165, 167, 169    7, 20, 15, 15       
                                172, 175, 178, 184    10, 7, 5, 22        
                                198, 202, 211, 218    13, 11, 9, 10       
                                220, 221, 233, 234    9, 9, 7, 18         
                                235, 237, 237, 237    25, 14, 19, 28      
                                239, 242, 245         21, 15, 14          
сонгогч                         149                   8                   
үр                              151, 168, 169, 169    3, 10, 7, 13        
                                190, 217, 218, 220    12, 7, 7, 6         
                                221, 237, 278         6, 11, 7            
шийдвэр                         151, 169, 225, 275    6, 9, 11, 8         
                                285                   15                  
гомдол                          151, 167, 177, 219    7, 12, 3, 24        
                                235, 272, 273, 274    27, 5, 16, 15       
                                275                   12                  
мэдээллийн сан                  170                   16                  
төлбөр                          174                   10                  
гүйцэтгэгч                      192                   13                  
арга хэмжээ                     197, 200, 218         7, 5, 13            
хүртээмжтэй байдал              201                   11                  
үнэлгээ                         203, 204, 224, 227    9, 11, 19, 5        
                                228                   5                   
технологи                       204                   15                  
захиргаа                        204, 228, 241, 242    25, 22, 15, 8       
                                265, 273              25, 17              
мэдэгдэл                        205, 206, 210, 214    5, 7, 15, 5         
                                245                   18                  
даруй                           206, 213, 245         8, 19, 25           
агуулах                         214                   8                   
хяналт тавих                    234, 247, 266, 285    8, 18, 28, 9        
зохион байгуулагч               234, 285              15, 7               
мэргэжил                        243                   17                  
кибер халдлага                  245                   11                  
төрийн бус байгууллага          246                   6                   
систем                          249, 250, 251, 253    5, 5, 7, 5          
                                266, 267, 268         21, 16, 5           
зочид буудал                    259                   16                  
өр                              259, 259, 259, 259    3, 6, 13, 15        
                                259, 259              18, 26              
эмчлэх                          259                   25                  
хуулбарлах                      262, 267              13, 24              
