File: MNCLW00369.txt
Search Method: Aho-Corasick
Total runtime: 0.006146s
Found terms: 368

Term                            Line                  Word Place          

хүү                             5, 57, 99, 99         2, 11, 9, 12        
                                117                   14                  
журм                            6, 11, 13, 110        8, 61, 8, 7         
                                124, 184, 188, 194    15, 16, 30, 24      
үйл ажиллагаа                   11, 33, 34, 44        58, 8, 12, 6        
                                55, 58, 60            7, 11, 18           
баар                            11, 17, 18, 19        34, 27, 13, 21      
                                51, 60, 101, 117      33, 14, 17, 22      
                                117, 118, 120, 176    24, 19, 17, 13      
                                194, 223, 235         26, 9, 17           
шийдвэр                         14, 58, 119, 207      7, 9, 11, 7         
                                209, 213, 219         9, 7, 10            
тогтоол                         14, 151, 162, 183     8, 22, 20, 60       
                                185, 188              31, 10              
холбоо                          14                    10                  
төсөл                           20, 31, 39, 39        6, 6, 6, 8          
                                47, 59, 94, 117       6, 20, 6, 6         
                                139, 144, 149, 227    26, 8, 7, 16        
тохиолдол                       22                    15                  
ээлжит сонгууль                 23                    20                  
дайны байдал                    26                    32                  
төсл                            26, 31, 48, 64        6, 25, 2, 6         
                                83, 91, 101, 110      9, 5, 8, 10         
                                112, 116, 117, 119    4, 11, 16, 4        
                                120, 124, 128, 135    38, 5, 4, 17        
                                138, 147, 149, 150    5, 11, 21, 19       
                                151, 151, 157, 158    11, 24, 10, 10      
                                162, 164, 164, 183    12, 5, 9, 4         
                                184, 185, 190, 211    6, 11, 7, 50        
                                213, 215, 217, 221    15, 37, 7, 16       
                                225                   14                  
тодорхойлолт                    28                    6                   
гишүүн                          30, 76, 78, 83        22, 6, 4, 4         
                                83, 115, 132, 139     14, 4, 4, 12        
                                156, 156              13, 38              
газр                            30, 90, 91, 97        24, 2, 7, 5         
                                131                   2                   
хууль санаачлагч                31, 34, 38, 46        8, 4, 4, 4          
                                54, 66, 101, 101      4, 4, 14, 20        
                                135                   25                  
ачаа                            31                    12                  
мэргэжл                         31                    17                  
зам                             38, 46, 54, 96        16, 16, 16, 20      
журам                           44, 123, 136, 146     8, 7, 7, 7          
                                152, 180, 181, 182    7, 11, 11, 12       
                                207, 209              17, 19              
лаг                             47, 184               13, 13              
байгууллага                     47, 59, 61, 64        23, 8, 11, 20       
                                101, 102, 211         5, 5, 41            
байгууллаг                      47, 59, 61, 64        23, 8, 11, 20       
                                101, 102, 211         5, 5, 41            
талууд                          48, 97, 101, 128      3, 2, 9, 7          
                                134, 138              5, 6                
тал                             48, 97, 101, 128      3, 2, 9, 7          
                                134, 138              5, 6                
санал                           48, 51, 51, 59        4, 2, 10, 9         
                                61, 97, 98, 99        12, 6, 12, 16       
                                101, 115, 115, 117    10, 8, 12, 17       
                                118, 118, 118, 120    6, 22, 28, 25       
                                120, 120, 127, 130    35, 43, 3, 4        
                                131, 132, 134, 135    3, 7, 10, 8         
                                138, 139, 139, 139    9, 4, 22, 32        
                                141, 143, 145, 147    5, 8, 9, 17         
                                148, 148, 149, 150    5, 16, 30, 18       
                                150, 151, 153, 154    25, 6, 11, 14       
                                154, 156, 156, 156    20, 5, 8, 19        
                                156, 156, 156, 156    24, 33, 44, 52      
                                157, 157, 158, 158    6, 24, 6, 24        
                                160, 162, 164, 166    6, 7, 13, 13        
                                180, 181, 182, 183    3, 3, 5, 17         
                                183, 183, 184, 185    31, 56, 3, 8        
                                185, 185, 186, 186    14, 24, 3, 11       
                                186, 186, 188, 188    21, 32, 3, 13       
                                190, 190, 192, 194    3, 8, 8, 3          
                                194, 194, 196, 196    5, 21, 3, 23        
                                198, 200, 202, 202    3, 3, 3, 10         
                                202, 202, 202, 202    13, 20, 27, 36      
                                204, 204, 204, 219    13, 15, 24, 33      
                                219, 221, 221, 221    35, 7, 30, 31       
                                223, 223, 223, 223    2, 6, 34, 36        
                                225, 227, 227, 229    3, 8, 21, 7         
                                229                   22                  
зөвлөлдөх санал асуулг          49                    25                  
зөвлөлдөх санал асуулга         49                    25                  
үндсэн хуульд оруулах нэмэлт, өөрчлөлтийн төсөл  51, 62, 67, 69        38, 4, 4, 15        
                                74, 76, 78, 84        21, 7, 14, 5        
                                86, 92                13, 4               
ажл                             51, 120, 135, 137     45, 41, 23, 5       
                                170, 172, 174, 188    7, 15, 11, 27       
                                190, 194, 204, 231    15, 28, 21, 12      
                                233                   6                   
үр                              58, 60                14, 20              
мэдээлл                         58, 133               17, 11              
суваг                           59                    17                  
сувг                            59                    17                  
сан                             60                    24                  
хууль санаачлах эрх             64, 211               16, 37              
ээлжит сонгуул                  72, 80                2, 4                
ээлжит сонгуули                 72, 80                2, 4                
нэр дэвшигч                     73                    2                   
шүүх                            82, 99                3, 6                
газар                           84, 86                4, 2                
тайлбар                         95, 148               19, 21              
монгол улсын олон улсын гэрээ   96                    10                  
үндэсний аюулгүй байдл          98                    6                   
зөвлөл                          98, 99                9, 8                
комисс                          99                    15                  
зээл                            100                   2                   
үндсэн хуульд оруулах нэмэлт, өөрчлөлтийн төсл  104, 105, 108         1, 1, 4             
ажлын өдөр                      120                   14                  
дүгнэлт                         120, 127, 138, 139    44, 4, 10, 5        
                                139, 141, 143, 147    33, 6, 9, 18        
                                148, 148, 153, 219    6, 17, 12, 36       
                                221, 227, 229         8, 22, 8            
илтгэл                          125                   3                   
эвсл                            128, 139, 139, 143    2, 2, 15, 5         
хүсэлт                          129                   2                   
мэдээлэл                        142, 176, 235         5, 10, 14           
зарчмын зөрүүтэй санал          143, 144, 149         15, 5, 10           
нийтлэх                         168, 176, 198, 235    15, 12, 8, 16       
хэлэлцээр                       183                   11                  
зорилтын санал                  188                   18                  
сонгогч                         194, 196              50, 5               
жагсаал                         194, 196              52, 7               
оролцогч                        202                   15                  
