File: MNCLW00069.txt
Search Method: Trie (MWE + Single-Word)
Total runtime: 0.089090s
Found terms: 2604

Term                            Line                  Word Place          

банк                            6, 11, 11, 11         1, 5, 12, 21        
                                13, 13, 16, 18        11, 15, 6, 4        
                                20, 30, 31, 33        4, 8, 7, 8          
                                34, 38, 39, 41        8, 6, 10, 18        
                                44, 47, 47, 50        5, 7, 27, 4         
                                53, 55, 55, 55        13, 8, 13, 23       
                                55, 55, 55, 55        34, 41, 56, 66      
                                58, 58, 58, 61        4, 17, 38, 19       
                                61, 65, 65, 65        32, 5, 7, 33        
                                65, 71, 71, 74        39, 5, 11, 10       
                                75, 77, 123, 149      11, 1, 21, 5        
                                149, 150, 157, 163    28, 6, 3, 3         
                                164, 175, 176, 177    2, 17, 5, 3         
                                182, 189, 191, 198    15, 11, 20, 4       
                                199, 201, 207, 208    23, 2, 27, 10       
                                209, 210, 211, 212    19, 18, 2, 41       
                                212, 213, 213, 213    50, 7, 15, 35       
                                214, 217, 219, 221    9, 10, 7, 14        
                                223, 225, 225, 226    1, 26, 35, 7        
                                226, 237, 243, 245    8, 5, 3, 5          
                                246, 248, 248, 250    7, 26, 29, 4        
                                250, 252, 269, 269    40, 9, 2, 3         
                                271, 271, 271, 277    6, 7, 14, 6         
                                277, 279, 283, 283    7, 5, 5, 18         
                                284, 290, 290, 291    2, 3, 24, 6         
                                295, 301, 303, 308    9, 5, 4, 2          
                                308, 313, 317, 322    42, 4, 5, 13        
                                323, 326, 327, 329    12, 8, 8, 5         
                                333, 335, 336, 338    3, 4, 6, 8          
                                339, 341, 344, 346    10, 14, 7, 8        
                                346, 346, 347, 348    26, 35, 11, 11      
                                355, 357, 360, 361    5, 13, 14, 15       
                                362, 373, 376, 378    13, 4, 9, 1         
                                381, 397, 399, 401    14, 13, 6, 5        
                                403, 419, 430, 432    16, 3, 8, 2         
                                437, 440, 440, 447    6, 6, 36, 8         
                                448, 450, 450, 454    16, 3, 5, 3         
                                454, 456, 458, 467    25, 7, 19, 21       
                                468, 469, 471, 482    2, 2, 2, 2          
                                483, 483, 484, 486    6, 7, 9, 3          
                                486, 491, 492, 493    9, 16, 2, 2         
                                493, 502, 505, 507    6, 1, 1, 6          
                                509, 509, 511, 515    22, 25, 7, 21       
                                518, 519, 523, 523    10, 9, 9, 17        
                                528, 530, 535, 540    11, 13, 7, 2        
                                540, 545, 547, 547    12, 15, 11, 13      
                                549, 551, 556, 558    12, 20, 7, 9        
                                566, 583, 583, 600    2, 4, 12, 4         
                                609, 610, 610, 616    22, 12, 17, 3       
                                619, 625, 628, 633    21, 17, 3, 24       
                                634, 635, 635, 639    3, 16, 19, 13       
                                641, 642, 644, 644    16, 6, 2, 5         
                                645, 654, 660, 661    9, 2, 10, 7         
                                664, 670, 671, 675    6, 3, 11, 4         
                                688, 690, 694, 696    7, 13, 8, 20        
                                697, 703, 705, 705    11, 6, 10, 12       
                                722, 723, 724, 729    2, 33, 7, 1         
                                733, 735, 738, 742    18, 16, 9, 2        
                                744, 744, 753, 753    2, 3, 3, 19         
                                759, 769, 772, 782    8, 7, 8, 14         
                                783, 784, 797, 798    3, 10, 7, 9         
                                804, 808, 811, 815    2, 3, 2, 2          
                                815, 815, 824, 825    14, 21, 6, 5        
                                826, 826, 828, 829    8, 13, 7, 13        
                                830, 832, 836, 839    6, 1, 8, 2          
                                840, 849, 850, 862    17, 6, 8, 3         
                                865, 867, 874, 875    19, 5, 2, 2         
                                879, 879, 881, 883    4, 14, 4, 7         
                                889, 889, 892, 895    9, 17, 3, 6         
                                896, 900, 900, 901    4, 13, 31, 5        
                                903, 903, 904, 915    4, 16, 3, 4         
                                915, 919, 920, 930    17, 12, 8, 8        
                                930, 930, 930, 930    16, 21, 26, 35      
                                932, 939, 939, 952    9, 3, 8, 4          
                                955, 955, 955, 960    3, 17, 30, 4        
                                960, 963, 963, 965    22, 12, 26, 5       
                                967, 973, 977, 978    2, 11, 9, 7         
                                981, 987, 989, 990    2, 12, 7, 9         
                                990, 996, 996, 998    20, 7, 27, 18       
                                998, 998, 998, 1001   23, 26, 40, 1       
                                1006, 1007, 1010, 1012  5, 8, 4, 6          
                                1012, 1012, 1013, 1014  15, 22, 14, 9       
                                1014, 1015, 1015, 1015  16, 12, 19, 29      
                                1015, 1028, 1034, 1035  35, 8, 6, 5         
                                1036, 1037, 1039, 1046  5, 12, 35, 7        
                                1047, 1049, 1050, 1051  9, 7, 15, 17        
                                1051, 1054, 1054, 1058  32, 6, 30, 6        
                                1065, 1066, 1066, 1070  10, 10, 14, 8       
                                1072, 1098, 1104, 1110  15, 5, 11, 12       
                                1114, 1115, 1115, 1116  14, 2, 27, 9        
                                1116, 1116            13, 14              
нийтлэх                         9, 69, 619, 628       1, 15, 9, 22        
үйл ажиллагаа                   11, 11, 20, 24        16, 25, 16, 37      
                                33, 43, 44, 53        3, 9, 9, 3          
                                53, 55, 55, 55        15, 17, 35, 58      
                                55, 58, 58, 61        71, 5, 40, 3        
                                61, 61, 63, 69        11, 33, 12, 11      
                                73, 74, 77, 78        4, 11, 2, 5         
                                79, 90, 92, 95        5, 3, 4, 7          
                                105, 108, 109, 114    8, 6, 2, 9          
                                117, 119, 121, 121    5, 6, 11, 38        
                                132, 150, 152, 152    8, 8, 22, 26        
                                156, 159, 162, 172    18, 2, 9, 3         
                                179, 189, 191, 203    4, 12, 21, 3        
                                205, 210, 212, 213    4, 19, 52, 40       
                                217, 219, 230, 232    2, 9, 9, 19         
                                245, 256, 259, 262    15, 2, 9, 6         
                                273, 277, 279, 282    12, 11, 6, 2        
                                283, 285, 287, 295    19, 20, 9, 11       
                                301, 313, 317, 327    6, 5, 2, 2          
                                339, 341, 344, 350    11, 15, 8, 7        
                                360, 361, 391, 395    15, 17, 3, 16       
                                418, 421, 426, 428    20, 7, 19, 16       
                                430, 436, 440, 448    5, 4, 13, 5         
                                448, 452, 471, 472    19, 5, 3, 2         
                                481, 486, 493, 495    11, 12, 12, 2       
                                509, 517, 549, 589    30, 7, 7, 20        
                                600, 616, 625, 625    5, 5, 19, 23        
                                633, 633, 633, 644    26, 36, 69, 15      
                                654, 664, 664, 664    10, 2, 7, 17        
                                676, 682, 688, 702    2, 6, 10, 5         
                                704, 714, 719, 720    13, 9, 2, 2         
                                723, 733, 734, 758    34, 4, 13, 5        
                                760, 764, 782, 792    2, 2, 15, 2         
                                799, 806, 811, 827    4, 2, 4, 3          
                                829, 829, 846, 853    6, 14, 3, 7         
                                872, 876, 947, 963    2, 5, 10, 8         
                                963, 966, 973, 977    16, 2, 12, 12       
                                979, 1015, 1028, 1038  7, 14, 11, 11       
                                1039, 1039, 1050, 1051  20, 54, 5, 18       
                                1116, 1121            17, 13              
банкны нэгдэл                   11, 51, 576, 601      23, 6, 10, 10       
                                606, 606, 612, 637    2, 9, 2, 2          
                                677, 687, 688, 689    6, 6, 41, 6         
                                691, 734, 963         5, 8, 14            
хяналт тавих                    11, 132, 216, 421     27, 10, 9, 10       
                                427, 429, 440, 628    8, 15, 26, 15       
                                628, 652              27, 4               
арга хэмжээ                     11, 38, 360, 403      31, 36, 21, 7       
                                665, 675, 678, 706    5, 20, 5, 7         
                                707, 708, 710, 727    10, 7, 36, 2        
                                745, 749, 751, 758    11, 3, 5, 13        
                                770, 771, 774, 774    3, 6, 5, 16         
                                775, 782, 794, 801    14, 11, 5, 8        
                                806, 832, 834, 836    12, 4, 5, 15        
                                840, 847, 865, 867    4, 3, 4, 8          
                                880, 907, 940, 949    4, 14, 3, 7         
                                974, 974, 977, 987    5, 28, 5, 4         
                                989, 990, 994, 996    3, 6, 4, 3          
                                996, 1009, 1044, 1046  22, 7, 6, 11        
                                1119, 1124            3, 3                
зөвшөөрөл                       11, 20, 24, 79        7, 6, 40, 3         
                                95, 105, 114, 117     5, 11, 12, 7        
                                132, 192, 199, 226    6, 14, 2, 12        
                                231, 267, 267, 279    13, 4, 18, 9        
                                291, 293, 295, 297    5, 5, 13, 2         
                                297, 301, 313, 323    16, 9, 8, 5         
                                328, 344, 345, 345    5, 15, 8, 13        
                                355, 358, 366, 367    2, 6, 5, 14         
                                369, 374, 376, 450    16, 7, 2, 9         
                                450, 521, 532, 532    20, 6, 27, 44       
                                535, 540, 540, 545    5, 26, 46, 6        
                                551, 554, 566, 583    57, 12, 14, 36      
                                629, 721, 764, 826    9, 3, 11, 6         
                                865, 904, 989, 996    28, 5, 10, 29       
удирдлага                       11, 38, 47, 55        13, 28, 31, 3       
                                55, 55, 63, 74        24, 67, 10, 15      
                                128, 258, 378, 408    4, 2, 2, 3          
                                418, 421, 426, 428    14, 2, 16, 13       
                                478, 479, 489, 497    12, 4, 2, 2         
                                624, 633, 634, 677    18, 25, 2, 8        
                                740, 758, 758, 770    2, 2, 8, 2          
                                780, 782, 782, 784    5, 20, 35, 3        
                                786, 788, 790, 791    5, 3, 3, 3          
                                801, 804, 825, 827    5, 3, 3, 9          
                                828, 879, 947, 967    3, 6, 15, 9         
                                998                   27                  
зохиогч                         11, 38, 38, 55        14, 8, 29, 68       
                                258, 361, 378, 418    3, 9, 3, 10         
                                621, 625, 740, 758    3, 12, 3, 3         
хуулийн этгээдийн улсын бүртгэл  13, 237, 1115         22, 9, 28           
салбар                          13, 50, 201, 226      16, 5, 13, 3        
                                226, 267, 269, 271    9, 2, 4, 8          
                                277, 317, 323, 530    8, 7, 2, 2          
                                593, 824, 830, 967    3, 8, 8, 6          
                                973, 974, 1015        18, 23, 37          
хангагч                         13, 42, 55, 112       19, 10, 60, 12      
                                194, 216, 228, 233    4, 7, 6, 7          
                                245, 250, 269, 281    24, 15, 21, 15      
                                283, 285, 289, 308    43, 17, 16, 5       
                                442, 458, 465, 488    8, 16, 16, 4        
                                489, 530, 535, 535    12, 5, 19, 31       
                                540, 568, 597, 606    36, 8, 8, 16        
                                618, 633, 634, 669    8, 77, 21, 7        
                                670, 689, 723, 819    8, 26, 47, 6        
                                839, 846, 871, 918    11, 6, 6, 3         
                                930, 949, 972, 998    6, 15, 12, 19       
                                1012, 1013, 1065, 1106  30, 8, 14, 22       
                                1108                  21                  
мөрдөгч                         16, 440, 481, 878     18, 15, 13, 6       
үйлчлэгч                        17                    4                   
хөрөнгө оруулалтын төрөлжсөн банк  20, 20                11, 20              
тодорхойлолт                    22, 246, 248          6, 20, 40           
хэрэглэгч                       23, 329, 633          3, 8, 38            
төлбөр тооцоо хийх              24, 88                31, 2               
хуулийн этгээд                  24, 29, 30, 31        44, 14, 10, 23      
                                34, 35, 36, 41        15, 16, 10, 5       
                                41, 41, 42, 50        9, 22, 11, 13       
                                58, 58, 63, 63        27, 33, 6, 33       
                                157, 158, 167, 170    10, 7, 12, 3        
                                187, 213, 225, 225    3, 43, 6, 14        
                                225, 229, 230, 269    23, 5, 6, 8         
                                361, 397, 474, 493    7, 10, 8, 15        
                                547, 556, 570, 576    21, 2, 9, 6         
                                598, 601, 625, 654    9, 6, 10, 6         
                                682, 704, 714, 947    34, 2, 16, 21       
                                973                   22                  
хувьцаа                         24, 24, 24, 29        3, 12, 17, 5        
                                35, 47, 47, 58        4, 8, 33, 18        
                                58, 123, 171, 211     39, 22, 12, 3       
                                213, 213, 217, 237    26, 45, 13, 6       
                                245, 248, 250, 252    8, 30, 5, 10        
                                308, 310, 310, 310    35, 14, 20, 25      
                                346, 353, 355, 358    27, 4, 6, 8         
                                359, 360, 374, 379    7, 27, 11, 4        
                                381, 384, 397, 397    7, 2, 14, 26        
                                397, 399, 401, 403    30, 7, 7, 17        
                                405, 405, 408, 411    2, 18, 6, 7         
                                424, 438, 438, 438    9, 2, 11, 22        
                                456, 492, 509, 519    8, 3, 6, 2          
                                519, 521, 523, 523    7, 4, 10, 11        
                                523, 532, 532, 532    20, 3, 5, 32        
                                532, 535, 540, 540    34, 27, 5, 7        
                                540, 540, 543, 543    19, 20, 3, 8        
                                543, 543, 545, 545    10, 26, 8, 9        
                                545, 545, 547, 547    21, 24, 14, 15      
                                549, 551, 551, 551    13, 10, 11, 16      
                                551, 551, 551, 554    21, 40, 42, 2       
                                554, 554, 556, 558    5, 6, 8, 10         
                                562, 562, 562, 564    3, 20, 25, 5        
                                564, 566, 576, 578    7, 3, 3, 2          
                                583, 583, 583, 583    6, 7, 29, 31        
                                589, 595, 601, 602    16, 4, 3, 2         
                                621, 624, 738, 769    7, 3, 3, 12         
                                808, 864, 865, 865    4, 3, 14, 20        
                                875, 908, 910, 912    3, 5, 2, 6          
                                912, 913, 915, 927    7, 5, 20, 3         
                                944, 990, 998, 998    5, 10, 24, 35       
                                1034, 1039, 1110      7, 36, 13           
хөрөнгө                         24, 24, 24, 38        7, 11, 23, 12       
                                44, 45, 63, 65        2, 2, 8, 8          
                                69, 109, 149, 167     5, 5, 29, 15        
                                168, 175, 191, 192    3, 10, 7, 25        
                                195, 196, 199, 207    21, 3, 28, 17       
                                209, 210, 211, 212    10, 6, 11, 7        
                                212, 232, 232, 247    33, 4, 7, 4         
                                257, 282, 282, 285    3, 11, 15, 5        
                                285, 308, 308, 336    24, 9, 16, 25       
                                340, 349, 387, 440    4, 13, 3, 29        
                                502, 505, 509, 509    2, 2, 4, 10         
                                532, 535, 540, 551    12, 10, 15, 4       
                                562, 562, 583, 589    6, 9, 15, 4         
                                688, 688, 693, 812    21, 27, 11, 12      
                                820, 863, 876, 879    3, 3, 10, 15        
                                886, 900, 900, 905    2, 9, 23, 5         
                                909, 930, 939, 945    4, 24, 16, 8        
                                946, 947, 948, 948    4, 14, 2, 5         
                                949, 950, 952, 955    2, 4, 2, 2          
                                955, 955, 960, 960    20, 33, 2, 17       
                                967, 979, 989, 1012   10, 2, 8, 16        
                                1019, 1022, 1034, 1034  2, 2, 13, 17        
                                1036, 1037, 1041, 1043  6, 18, 3, 5         
                                1043, 1049, 1050, 1065  14, 8, 22, 27       
                                1070, 1104, 1106, 1110  9, 16, 2, 10        
                                1114                  3                   
зээл                            24, 121, 121, 149     29, 16, 20, 3       
                                153, 154, 170, 170    6, 11, 9, 13        
                                171, 172, 196, 207    4, 2, 10, 12        
                                209, 211, 212, 212    5, 5, 2, 28         
                                217, 308, 513, 626    15, 37, 10, 5       
                                688, 693, 738, 815    30, 6, 12, 7        
                                874, 920, 921, 930    8, 10, 11, 31       
                                932, 987, 987, 1022   16, 37, 43, 10      
                                1030, 1031, 1050, 1098  8, 12, 16, 15       
холбогдох этгээд                26, 37, 41, 47        2, 2, 11, 16        
                                153, 154, 207, 209    25, 9, 5, 2         
                                219, 225, 232, 245    2, 20, 12, 13       
                                250, 475, 484, 523    8, 6, 6, 5          
                                547, 560, 626, 634    24, 7, 2, 4         
                                635, 693, 696, 697    17, 2, 4, 4         
                                875, 920, 1039, 1066  14, 5, 47, 11       
этгээд                          26, 36, 47, 55        7, 4, 21, 27        
                                125, 203, 207, 212    2, 14, 3, 26        
                                212, 232, 250, 256    49, 10, 20, 5       
                                308, 381, 432, 458    48, 21, 11, 9       
                                474, 475, 484, 523    16, 5, 13, 2        
                                532, 535, 551, 566    18, 14, 31, 16      
                                570, 583, 598, 612    2, 21, 2, 14        
                                621, 691, 876, 881    2, 4, 2, 12         
                                983, 987, 987, 990    5, 15, 39, 29       
                                999, 1032, 1039, 1051  11, 9, 6, 9         
                                1059, 1060, 1065, 1065  9, 13, 12, 19       
                                1082, 1084, 1119      2, 2, 17            
оролцогч                        28, 42, 51, 155       3, 3, 11, 3         
                                438, 468, 469, 684    14, 5, 5, 3         
                                688, 688, 690, 690    9, 24, 3, 12        
                                696, 697, 705         3, 7, 16            
эрх бүхий албан тушаалтан       29, 31, 32, 34        17, 8, 5, 9         
                                35, 126, 246, 248     10, 8, 8, 32        
                                283, 308, 448, 450    9, 43, 9, 13        
                                452, 467, 469, 491    9, 24, 17, 19       
                                493, 494, 499, 570    17, 2, 2, 11        
                                598, 609, 633, 634    11, 31, 6, 7        
                                635, 718, 724, 879    20, 7, 11, 7        
                                1012, 1038, 1074      8, 3, 2             
банкны нэгдлийн оролцогч        29, 32, 43, 153       2, 2, 5, 2          
                                156, 201, 610, 633    6, 9, 13, 2         
                                682, 683, 688, 689    3, 4, 31, 2         
                                702                   7                   
хүн                             29, 36, 47, 47        13, 9, 25, 38       
                                58, 63, 231, 444      49, 32, 23, 14      
                                447, 572, 599, 714    6, 14, 14, 15       
нэгдмэл сонирхолтой этгээд      33, 492               9, 11               
гүйцэтгэгч                      34, 136, 195, 483     14, 12, 6, 2        
                                487, 497, 645, 667    7, 17, 7, 3         
                                733, 738, 756, 957    23, 16, 6, 16       
санал                           35, 114, 128, 397     2, 20, 31, 19       
                                397, 438, 478, 497    28, 15, 29, 32      
                                543, 769, 808, 894    28, 14, 6, 11       
                                998                   37                  
бусад этгээд                    37, 219, 558, 673     6, 12, 13, 4        
                                797, 1010, 1013, 1049  5, 2, 12, 5         
                                1119                  10                  
журам                           39, 40, 175, 195      8, 16, 25, 10       
                                196, 199, 216, 219    30, 33, 11, 28      
                                259, 277, 293, 322    11, 17, 13, 7       
                                376, 395, 426, 427    7, 19, 21, 5        
                                430, 430, 440, 463    7, 13, 16, 12       
                                477, 479, 507, 515    5, 7, 24, 9         
                                515, 517, 518, 532    24, 14, 9, 52       
                                535, 615, 628, 645    17, 6, 18, 26       
                                660, 663, 669, 670    19, 10, 2, 6        
                                671, 678, 683, 694    6, 11, 33, 28       
                                696, 725, 746, 753    24, 9, 12, 10       
                                783, 799, 825, 836    23, 15, 13, 6       
                                867, 927, 927, 931    12, 8, 13, 9        
                                939, 957, 996, 1049   23, 9, 11, 11       
                                1050, 1123            28, 17              
тусгаарлах                      39                    14                  
өөрийн хөрөнгө                  40, 44, 207, 208      4, 17, 28, 11       
                                209, 209, 212, 213    20, 28, 42, 16      
                                214, 221, 506, 507    10, 15, 4, 2        
                                507, 513, 545, 660    7, 2, 16, 5         
                                661, 661, 666, 675    2, 8, 3, 15         
                                724, 757, 759, 819    21, 2, 9, 2         
                                907, 911              7, 6                
стандарт                        40, 428, 616, 881     9, 21, 22, 14       
                                1032                  11                  
хяналт шалгалт                  43, 43, 55, 139       2, 15, 6, 13        
                                230, 349, 351, 502    15, 26, 12, 3       
                                576, 601, 633, 650    14, 14, 67, 1       
                                678, 680, 682, 683    8, 4, 9, 2          
                                683, 687, 700, 705    16, 2, 4, 2         
                                840, 846, 852, 854    18, 11, 25, 12      
                                981                   4                   
үнэлгээ                         44, 215, 675, 676     21, 16, 7, 12       
                                881, 893, 1032        7, 12, 4            
өөрийн хөрөнгийн хүрэлцээ       45, 196, 957, 974     11, 5, 11, 24       
санхүүгийн зохицуулах хороо     46, 114, 615, 630     9, 16, 8, 7         
                                683                   21                  
байгууллага                     46, 46, 50, 128       6, 18, 16, 3        
                                128, 128, 131, 215    10, 12, 11, 13      
                                230, 231, 248, 327    4, 15, 39, 7        
                                335, 381, 392, 448    10, 5, 2, 8         
                                452, 507, 515, 549    8, 16, 17, 10       
                                615, 630, 639, 641    17, 14, 2, 2        
                                642, 645, 682, 683    2, 2, 21, 30        
                                697, 931, 963, 973    22, 17, 24, 29      
                                1038, 1063, 1115      37, 20, 36          
нөлөө бүхий хувьцаа эзэмшигч    47, 310, 310, 468     2, 2, 6, 6          
                                532, 560, 568, 583    19, 2, 2, 22        
                                597                   2                   
эцсийн өмчлөгч                  47, 47, 564, 580      23, 36, 18, 2       
шийдвэр                         47, 74, 136, 175      29, 16, 6, 21       
                                196, 261, 271, 273    31, 8, 18, 16       
                                290, 309, 315, 335    9, 12, 8, 11        
                                336, 346, 346, 353    20, 18, 39, 7       
                                355, 357, 358, 359    9, 7, 11, 10        
                                367, 374, 397, 397    7, 14, 17, 33       
                                399, 408, 408, 437    14, 15, 18, 12      
                                438, 438, 448, 496    10, 29, 17, 5       
                                497, 540, 619, 663    30, 50, 15, 13      
                                671, 710, 722, 753    8, 17, 13, 11       
                                786, 788, 794, 811    7, 7, 9, 10         
                                824, 830, 830, 836    4, 4, 14, 18        
                                855, 878, 895, 895    9, 4, 3, 17         
                                987, 998, 999, 1006   9, 31, 5, 9         
                                1009, 1015, 1047, 1055  13, 33, 5, 20       
                                1115, 1119, 1121, 1124  20, 12, 12, 15      
                                1124, 1124            33, 38              
төлөөлөгчийн газар              50, 201, 269, 271     6, 14, 5, 9         
                                277, 967              9, 7                
нэгж                            50, 262, 264, 265     2, 4, 2, 2          
                                329, 426, 440, 824    2, 4, 4, 9          
                                830                   9                   
компани                         51, 51, 71, 213       4, 13, 14, 24       
                                256, 396, 399, 437    7, 8, 21, 19        
                                454, 478, 499, 645    12, 19, 6, 15       
                                705, 734              14, 12              
эрсдэл                          55, 196, 215, 513     46, 9, 25, 9        
төлбөр                          55, 65, 121, 139      48, 10, 21, 9       
                                158, 171, 174, 175    15, 6, 4, 33        
                                179, 180, 182, 195    2, 9, 10, 4         
                                308, 336, 336, 341    36, 7, 11, 17       
                                347, 347, 348, 348    12, 16, 12, 16      
                                474, 509, 562, 643    11, 23, 17, 5       
                                677, 688, 689, 703    10, 18, 10, 8       
                                733, 733, 738, 744    19, 21, 14, 6       
                                756, 761, 845, 845    4, 4, 2, 6          
                                864, 884, 898, 898    2, 3, 2, 8          
                                899, 900, 900, 907    15, 32, 43, 4       
                                911, 913, 915, 916    4, 4, 19, 9         
                                918, 922, 923, 925    7, 9, 7, 5          
                                926, 927, 950, 955    7, 2, 6, 26         
                                956, 957, 958, 960    3, 14, 8, 21        
                                1012, 1021, 1027, 1031  26, 3, 8, 6         
                                1031, 1039, 1039, 1039  13, 3, 28, 30       
                                1039, 1040, 1047, 1050  63, 5, 12, 29       
                                1058, 1066, 1072, 1078  21, 15, 18, 18      
                                1080, 1082, 1084, 1088  18, 19, 19, 16      
                                1090, 1094, 1096, 1098  5, 5, 16, 8         
                                1098, 1100, 1104, 1106  19, 3, 6, 14        
                                1108, 1108, 1110      6, 13, 5            
холбоо                          58                    25                  
үр                              58, 282, 283, 361     43, 5, 21, 4        
                                362, 418, 440, 471    6, 22, 31, 5        
                                484, 675, 839, 900    15, 12, 13, 17      
                                998                   10                  
хамаарал бүхий этгээд           63                    2                   
шуудан                          63, 63, 156, 156      14, 16, 9, 11       
                                556, 900              9, 14               
банкны үндсэн үйл ажиллагаа     65, 739               20, 5               
төлбөрийн систем                65                    12                  
систем                          65, 71, 509, 836      2, 2, 26, 9         
                                955                   4                   
өр                              65, 121, 139, 158     9, 23, 8, 14        
                                443, 562, 761, 874    10, 16, 3, 9        
                                884, 898, 907, 911    2, 7, 3, 3          
                                915, 916, 918, 924    18, 8, 6, 2         
                                926, 950, 956, 1012   6, 5, 2, 25         
                                1021, 1090, 1098, 1098  2, 4, 7, 18         
                                1100, 1104            2, 12               
нээлттэй хувьцаат компани       71                    7                   
төрийн бус байгууллага          74, 225               7, 16               
тохиолдол                       75, 123, 153, 158     10, 15, 19, 23      
                                177, 213, 345, 346    14, 6, 11, 14       
                                347, 348, 355, 369    10, 10, 4, 8        
                                397, 403, 405, 408    24, 12, 17, 5       
                                411, 526, 537, 673    6, 10, 18, 2        
                                675, 702, 723, 782    3, 11, 43, 32       
                                808, 843, 889, 900    2, 9, 13, 29        
                                949, 971, 996, 1022   11, 9, 18, 9        
                                1039, 1043, 1124      67, 4, 31           
үйлчилгээ                       83, 92, 99, 101       3, 18, 2, 2         
                                103, 153, 154, 154    2, 28, 2, 15        
                                157, 173, 174, 176    13, 5, 8, 3         
                                180, 180, 182, 187    8, 11, 16, 12       
                                201, 201, 626, 923    4, 18, 11, 6        
                                1030                  10                  
гуравдагч этгээд                84, 123, 152, 185     4, 5, 13, 8         
                                483                   13                  
батлан даалт                    84, 154, 184, 185     7, 18, 4, 13        
                                207, 208, 209, 210    19, 4, 12, 8        
                                211, 212, 212, 215    14, 13, 35, 22      
                                443, 693              2, 13               
валют                           85, 188, 189, 899     2, 4, 2, 3          
                                899                   5                   
эрдэнийн чулуу                  86                    3                   
ажил                            92, 246, 297, 431     17, 17, 8, 9        
                                620, 626, 645, 825    11, 10, 5, 8        
                                826, 923              16, 5               
хөрөнгө оруулалт                98, 943, 946, 952     2, 4, 5, 8          
                                1030                  2                   
мэдээлэл                        98, 123, 128, 134     6, 11, 27, 7        
                                136, 145, 145, 149    4, 3, 21, 7         
                                149, 149, 149, 159    17, 26, 36, 10      
                                203, 310, 319, 342    6, 31, 9, 8         
                                361, 399, 429, 483    32, 12, 11, 10      
                                564, 564, 566, 591    11, 23, 6, 3        
                                591, 617, 619, 627    6, 7, 8, 9          
                                628, 629, 630, 633    11, 5, 16, 33       
                                635, 654, 668, 683    13, 23, 6, 13       
                                684, 690, 694, 696    26, 7, 7, 7         
                                697, 723, 723, 965    23, 9, 16, 11       
                                969, 972, 1035        6, 2, 12            
зуучлагч                        100                   2                   
хүсэлт                          108, 128, 131, 132    12, 5, 24, 34       
                                136, 167, 697, 1115   9, 17, 13, 33       
нотлох баримт                   109, 247, 250, 267    10, 10, 16, 14      
                                308, 589, 609, 633    21, 9, 14, 19       
тоног төхөөрөмж                 110, 112, 246, 633    4, 4, 15, 40        
баримт бичиг                    112, 236, 250, 285    14, 7, 37, 28       
                                308, 338, 340, 360    31, 4, 10, 11       
                                371, 540              5, 37               
аюул                            112, 284, 444, 444    9, 6, 7, 16         
                                572, 572, 599, 599    7, 16, 7, 16        
                                616                   14                  
бусад оролцогч                  114, 606, 612, 637    3, 4, 4, 4          
агуулах                         117                   17                  
үйл ажиллагааны зардал          121, 784, 1022, 1076  30, 6, 4, 5         
эд хөрөнгө                      121, 171, 357, 898    18, 10, 16, 4       
                                990, 990, 1050        15, 31, 18          
түрээслүүлэх                    121                   36                  
гүйцэтгэх удирдлага             123, 283, 283, 419    29, 6, 31, 4        
                                426, 472, 480, 481    5, 4, 4, 2          
                                609, 620, 624, 671    27, 6, 9, 12        
                                671, 716, 716, 718    32, 2, 22, 4        
                                724, 767, 825, 875    8, 2, 6, 10         
                                1039, 1042            43, 7               
харилцагч                       123, 139, 174, 175    3, 5, 3, 2          
                                175, 175, 195, 199    28, 38, 19, 22      
                                201, 203, 342, 342    20, 13, 6, 15       
                                349, 367, 432, 477    4, 10, 3, 3         
                                482, 483, 815, 839    3, 8, 5, 22         
                                852, 919, 982, 1031   4, 18, 2, 4         
                                1031, 1051            10, 22              
зөвлөл                          123, 123, 259, 283    26, 33, 8, 3        
                                283, 346, 391, 392    29, 22, 8, 9        
                                393, 395, 395, 396    13, 3, 15, 6        
                                413, 415, 417, 430    6, 4, 4, 4          
                                430, 437, 438, 438    16, 9, 7, 27        
                                441, 442, 456, 458    6, 4, 3, 4          
                                460, 461, 469, 479    5, 4, 12, 10        
                                492, 497, 609, 620    7, 6, 25, 4         
                                624, 624, 639, 718    7, 20, 16, 3        
                                724, 733, 768, 855    6, 33, 3, 16        
                                875, 998, 998, 1039   7, 43, 51, 40       
                                1042                  4                   
гишүүн                          123, 283, 283, 393    28, 4, 30, 14       
                                415, 441, 442, 456    9, 7, 5, 4          
                                460, 461, 492, 497    8, 14, 8, 13        
                                624, 624, 855, 875    8, 21, 17, 9        
                                998, 1039, 1042       44, 42, 6           
шалгагч                         123, 126, 128, 143    32, 4, 28, 5        
                                297, 299, 357, 357    15, 9, 21, 25       
                                396, 396, 639         3, 5, 18            
ажилтан                         123, 426, 469, 487    34, 17, 26, 2       
                                633, 634, 635, 644    10, 11, 24, 3       
                                797, 818, 818, 875    3, 2, 11, 13        
                                1013, 1025, 1038, 1039  10, 2, 8, 45        
                                1042, 1074            9, 7                
хэрэг бүртгэгч                  128                   13                  
мөрдөн байцаагч                 128                   15                  
тагнуулын байгууллага           128                   20                  
мөнгө угаах                     128, 285, 287, 287    22, 7, 4, 16        
прокурор                        128, 128              2, 32               
терроризм                       128, 285              24, 10              
гэрээ                           131, 132, 171, 175    18, 18, 16, 32      
                                684, 816, 885, 895    20, 4, 4, 15        
                                896, 963, 964, 987    9, 43, 5, 13        
                                1026                  4                   
газар                           131, 136, 213, 225    23, 13, 33, 34      
                                381, 789, 930, 931    17, 5, 15, 21       
                                936, 982, 1015, 1090  2, 9, 39, 2         
санхүүгийн хянан зохицуулах эрх бүхий байгууллага  132, 309, 587, 640    28, 5, 4, 5         
                                684, 689              14, 13              
зохицуулах хороо                132                   2                   
зээлийн мэдээллийн сан          134, 149              4, 8                
шүүхийн шийдвэр                 136, 171, 1050, 1072  10, 18, 11, 11      
татварын алба                   139                   2                   
гаалийн татвар                  139                   6                   
мөнгөн хадгаламж                143, 1078, 1078, 1080  8, 4, 16, 4         
                                1082, 1082, 1084, 1086  5, 17, 5, 3         
                                1088, 1096            3, 3                
аудитын байгууллага             147, 231, 245, 360    2, 25, 25, 31       
                                637                   13                  
үнэт цаас                       149, 155, 156, 192    31, 7, 4, 11        
                                192, 213, 213, 214    27, 10, 36, 3       
                                523, 540, 545, 547    13, 22, 11, 17      
                                554, 562, 630, 908    8, 23, 10, 3        
                                912, 912, 947         9, 19, 6            
тайлан                          149, 231, 361, 362    25, 2, 26, 15       
                                603, 606, 615, 620    4, 12, 4, 12        
                                641, 654, 668, 825    8, 20, 4, 9         
                                1037                  17                  
зах зээл                        152, 191, 192, 1041   6, 8, 3, 7          
давуу байдал                    152, 987              17, 21              
ноёрхогч                        152                   9                   
үнэт цаас гаргагч               154, 191, 532, 551    4, 12, 7, 13        
                                583, 738, 1043        9, 5, 7             
санхүүгийн байгууллага          157, 215, 271, 450    5, 18, 15, 7        
                                454, 467, 491, 654    26, 22, 17, 3       
иргэн                           158, 167, 170, 187    9, 10, 2, 2         
                                225, 397, 547, 654    25, 12, 20, 5       
                                1048, 1048            3, 8                
зар сурталчилгаа                159, 161, 162, 163    7, 4, 3, 4          
талууд                          159, 344, 367, 540    4, 11, 5, 53        
                                633, 660, 664, 671    28, 17, 23, 20      
                                713, 716, 754, 755    3, 10, 4, 4         
                                776, 1059             12, 7               
тал                             159, 344, 367, 540    4, 11, 5, 53        
                                633, 660, 664, 671    28, 17, 23, 20      
                                713, 716, 754, 755    3, 10, 4, 4         
                                776, 1059             12, 7               
хандив                          160                   6                   
санхүүгийн тайлан               164, 229, 245, 360    5, 14, 28, 34       
                                429, 440, 505, 604    8, 22, 3, 2         
                                606, 617, 628, 632    6, 4, 9, 4          
                                633, 637, 639, 683    12, 7, 6, 9         
                                688, 723, 1054        12, 12, 31          
гадаадын иргэн                  167                   5                   
харьяалалгүй хүн                167                   7                   
хүү                             167, 170, 171, 210    24, 14, 5, 14       
                                210, 1029, 1029, 1030  23, 2, 8, 9         
                                1047                  14                  
даатгагч                        168, 1088, 1096       7, 13, 13           
харилцах данс                   175, 177, 1080, 1084  5, 8, 16, 17        
шүүх                            175                   15                  
шүүгч                           175                   15                  
үндэсний төлбөрийн систем       177                   15                  
төлбөр тооцооны төлөөлөгч       177                   22                  
албан татвар                    180, 182, 1090        3, 8, 6             
орлого                          180, 232, 589, 714    6, 21, 23, 12       
                                825, 1012, 1050, 1070  10, 31, 25, 15      
                                1106                  5                   
хураамж                         182, 952, 954, 957    11, 6, 5, 3         
төлбөр тооцоо                   188                   5                   
санхүүгийн хэрэгсэл             189                   5                   
алдагдлаас хамгаалах сан        196, 513              14, 14              
гадаадын валют                  196                   20                  
гадаад валют                    196                   20                  
шалгуур үзүүлэлт                196, 350, 677, 853    26, 3, 14, 3        
татварын өр                     199, 199              17, 29              
зарлага                         199                   5                   
харилцан хамаарал бүхий этгээд  207                   7                   
хөнгөлөлт                       210, 219              25, 16              
зээлийн мэдээлэл                213                   38                  
хэлцэл                          219, 219, 220, 551    5, 22, 8, 27        
                                645, 688, 760, 895    24, 37, 5, 16       
                                963, 964, 983, 1061   44, 6, 3, 9         
                                1064, 1065, 1065, 1066  14, 16, 29, 19      
банкийг өөрчлөн байгуулах       223, 252, 364, 366    3, 4, 3, 2          
                                366, 369, 374         8, 11, 2            
орон нутгийн өмч                225                   10                  
аудитын үйл ажиллагаа           231                   9                   
тусгай зөвшөөрөл                241, 281, 289, 290    3, 3, 3, 5          
                                303, 322, 332, 333    6, 10, 5, 5         
                                344, 345, 346, 753    3, 3, 10, 20        
                                772, 850, 1007        10, 10, 10          
өргөдөл                         241, 267, 281, 289    7, 6, 7, 43         
үүсгэн байгуулах гэрээ          242                   2                   
дүрэм                           243, 255, 307, 386    4, 4, 2, 2          
                                753, 799              9, 14               
хүлээн зөвшөөрөгдсөн байгууллага  250                   30                  
төрийн байгууллага              250, 273              25, 5               
монгол улсын нутаг дэвсгэр      273                   7                   
терроризмыг санхүүжүүлэх        287, 287              7, 19               
баримт бичгийн бүрдэл           289, 297              24, 12              
урьдчилан сэргийлэх             315, 749, 776, 782    14, 1, 8, 9         
                                840                   8                   
тайлбар                         319, 591              17, 13              
улсын бүртгэлд бүртгэсэн        324                   2                   
зарлаг                          333, 346, 399, 403    12, 30, 10, 28      
                                405, 405, 422         11, 24, 7           
уригч                           344, 815, 874, 896    12, 3, 3, 5         
                                1042, 1050            15, 9               
эрх бүхий этгээд                349, 852, 865, 944    9, 9, 25, 10        
                                1054, 1054, 1057, 1121  10, 39, 5, 9        
комисс                          357, 357              12, 26              
сонгогч                         357, 393, 432, 497    32, 15, 10, 19      
зээлдэгч                        367                   11                  
дүгнэлт                         392, 424, 488, 639    11, 7, 11, 11       
                                640, 641, 642, 642    4, 12, 11, 15       
                                682, 689, 846         42, 36, 13          
мэдэгдэл                        393, 1054             6, 17               
банкны нөхцөлт удирдлага        405, 778, 794, 803    13, 1, 2, 2         
                                812                   4                   
зөвлөх                          414, 435, 440, 484    4, 10, 39, 30       
                                639, 671, 716         19, 23, 13          
төсөв                           418, 426, 440, 551    17, 12, 12, 25      
дотоод аудит                    426, 428, 440         2, 10, 2            
зохион байгуулагч               426, 840              9, 26               
тэмдэглэл                       438                   9                   
ажилгүй                         440, 888              40, 5               
авлига                          444, 572, 599         11, 11, 11          
мэргэжил                        448, 452, 454, 467    4, 4, 16, 12        
                                491, 491, 872, 881    7, 24, 6, 11        
                                947, 1032             20, 8               
мэдээллийн технологи            454                   10                  
тушаал                          454, 671, 671, 716    31, 15, 35, 5       
                                716, 767              25, 5               
нэр дэвшигч                     458                   6                   
төлөөлөн удирдах зөвлөлийн хараат бус гишүүн  463, 465, 478         2, 2, 2             
төрийн жинхэнэ албан тушаал     473                   5                   
захиргаа                        507, 515, 615, 682    14, 15, 15, 19      
                                683, 697, 931, 1123   28, 20, 15, 7       
сан                             515, 515, 517, 518    6, 28, 11, 7        
                                660, 661, 675, 694    14, 16, 18, 6       
                                694, 937, 939, 939    19, 5, 17, 19       
                                948, 955, 1034        7, 24, 19           
банкны нөлөө бүхий хувьцаа эзэмшигч  551, 560              32, 10              
нийтэд санал болгох             551                   17                  
хариуцагч                       570, 570, 598, 598    6, 8, 6, 8          
                                676, 784, 829, 876    18, 11, 11, 7       
                                888                   6                   
гэмт хэрэг                      572, 599, 710         21, 21, 6           
компани нэгдэх                  610                   19                  
мэдээллийн сан                  616, 693              8, 16               
архив                           616                   17                  
цахим хуудас                    619, 628              11, 6               
ерөнхий нягтлан бодогч          624                   13                  
банкны нэгж                     624, 664, 763, 766    16, 13, 4, 3        
орлог                           624                   12                  
анхан шатны баримт              633                   15                  
мэдээ                           633, 635, 654, 668    32, 12, 22, 5       
                                969, 970              5, 2                
баталгаажуулах                  636, 806              6, 11               
аудитор                         637, 639, 641, 642    15, 3, 3, 3         
                                645                   3                   
татвар төлөгч                   648                   6                   
өөрийн хөрөнгийн шаардлага      657, 723              2, 44               
зөвлөмж                         664                   25                  
нэгдсэн хяналт шалгалт          682, 685, 702, 704    27, 5, 2, 4         
                                704                   10                  
улсын бүртгэл                   697                   15                  
шинжээч                         710, 710, 714, 1038   9, 30, 7, 17        
                                1039, 1043, 1051      14, 2, 15           
хураагч                         714                   13                  
даруй                           738, 988, 1015, 1038  23, 12, 41, 28      
хэвийн бус үйл ажиллагаа        753                   26                  
урьдчилсан зөвшөөрөл            760, 971              9, 11               
банкинд онцгой дэглэм тогтоох   785                   7                   
удирдамж@@                      799                   16                  
нэхэмжлэл                       817, 1052, 1054, 1055  4, 5, 13, 5         
                                1057, 1058, 1060, 1060  15, 15, 11, 14      
                                1070, 1106, 1106, 1108  2, 7, 20, 19        
                                1119                  19                  
мэдүүлэг                        825                   11                  
нийтийн ашиг сонирхол           847                   7                   
хадгаламжийн даатгалын корпораци  855                   10                  
банкны эрх хүлээн авах          857, 1006, 1015, 1038  7, 11, 6, 22        
                                1039, 1039, 1051, 1055  16, 50, 35, 15      
                                1070, 1114, 1115      4, 9, 9             
мэргэшил                        872                   9                   
банкны нэгдлийн толгой компани  886                   5                   
шилжүүлэг                       893, 894, 1039        5, 2, 4             
зохицуулалт                     895                   18                  
санхүүгийн үүсмэл хэрэгсэл      899                   11                  
төлбөр тооцооны систем          921                   5                   
тэтгэвэр                        922                   4                   
тэтгэмж                         922                   5                   
бараа                           923                   4                   
нийгмийн даатгал                924                   3                   
өрийн хэрэгсэл                  930, 1098             27, 2               
сангийн хөрөнгө                 930, 956, 958, 1092   37, 4, 4, 3         
төлбөр төлөгч                   944, 1078, 1080, 1082  13, 11, 11, 12      
                                1084                  12                  
сангийн хөрөнгийн удирдлага     947                   23                  
зам                             963, 1108             37, 18              
мэдээлэл ашиглах                970                   3                   
бүрэн бүтэн байдал              1036                  7                   
нэмэгдэл                        1042                  26                  
тусгай зориулалтын компани      1043                  11                  
алданги                         1047                  15                  
торгууль                        1047                  16                  
зээлдүүлэгч                     1051, 1058            26, 12              
нэхэмжлэгч                      1059                  8                   
хохирогч                        1064                  12                  
эрх шилжүүлэн авагч             1086                  14                  
гомдол                          1123, 1124            6, 20               
