File: MNCLW00657.txt
Search Method: Aho-Corasick
Total runtime: 0.006893s
Found terms: 490

Term                            Line                  Word Place          

ургамал хамгаалал               6, 12, 26, 38         1, 4, 1, 4          
                                41, 43, 46, 50        1, 4, 3, 7          
                                53, 70, 72, 76        5, 8, 4, 7          
                                79, 89, 91, 97        4, 10, 5, 3         
                                107, 108, 110, 111    1, 1, 5, 9          
                                115, 119, 134, 154    4, 17, 25, 1        
                                155, 159, 161, 181    1, 7, 10, 10        
нийтлэх                         9, 161                1, 24               
хорио цээр тогтоох              11, 19, 28, 140       20, 24, 9, 4        
таримал ургамал                 11, 19, 34, 48        7, 6, 6, 3          
                                143, 144              20, 20              
ургамлын өвчин                  11, 19, 24, 29        9, 11, 8, 6         
                                30, 37, 66, 67        5, 5, 2, 3          
                                116, 179              8, 3                
хөнөөлт шавж                    11, 19, 23, 24        11, 13, 13, 10      
                                29, 30, 31, 37        8, 7, 11, 7         
                                57, 66, 67, 73        7, 4, 5, 3          
                                80, 81, 83, 92        3, 5, 5, 3          
                                95, 116, 141, 143     3, 10, 5, 5         
                                144, 167, 179, 180    5, 16, 5, 5         
хог ургамал                     11, 19, 23, 24        15, 17, 17, 14      
                                29, 30, 31, 37        12, 11, 15, 11      
                                57, 67, 73, 80        11, 9, 7, 7         
                                81, 83, 92, 95        9, 9, 7, 7          
                                116, 141, 143, 144    14, 9, 9, 9         
                                180                   9                   
хяналт тавих                    11, 62, 72, 86        23, 16, 15, 10      
                                89, 168, 169          18, 14, 14          
үйл ажиллагаа                   11, 18, 19, 26        25, 5, 31, 3        
                                27, 28, 29, 30        5, 3, 31, 25        
                                32, 33, 37, 38        5, 3, 39, 6         
                                41, 62, 86, 99        3, 3, 3, 3          
                                101, 103, 104, 112    3, 3, 3, 3          
                                113, 113, 119, 121    3, 11, 7, 6         
                                134, 138, 139, 147    7, 5, 5, 7          
                                154, 155, 157, 159    3, 3, 5, 3          
                                161, 165, 175, 177    12, 3, 5, 3         
хуулийн этгээд                  11, 38, 84, 89        30, 12, 21, 8       
                                95, 99, 107, 108      19, 14, 5, 5        
                                109, 110, 115, 118    4, 2, 2, 2          
                                176, 181, 184         10, 7, 5            
амьтан                          11, 19, 22, 23        14, 16, 3, 16       
                                24, 29, 30, 31        13, 11, 10, 14      
                                37, 57, 66, 67        10, 10, 7, 8        
                                73, 80, 81, 83        6, 6, 8, 8          
                                92, 95, 116, 118      6, 6, 13, 16        
                                141, 143, 144, 167    8, 8, 8, 19         
                                179, 180              8, 8                
иргэн                           11, 68, 70, 79        29, 7, 5, 14        
                                84, 89, 95, 99        20, 7, 18, 13       
                                107, 108, 176, 181    4, 4, 9, 6          
мөрдөгч                         14, 101               17, 7               
хэрэглэгч                       16, 24, 64, 64        3, 17, 3, 13        
                                94, 168, 169          9, 12, 12           
газар                           17, 45, 46, 54        3, 4, 2, 9          
                                67, 116, 116, 117     2, 6, 18, 14        
                                143, 144              36, 36              
ургамал                         18, 18, 19, 20        2, 11, 9, 4         
                                21, 22, 23, 24        4, 5, 6, 5          
                                31, 37, 64, 93        5, 29, 4, 7         
                                118, 118, 168, 169    4, 17, 2, 2         
                                179                   2                   
хүн                             18, 167, 184          4, 7, 4             
үр                              18, 37, 79, 92        13, 24, 22, 24      
                                103, 150, 168, 169    5, 2, 3, 3          
урьдчилан сэргийлэх             19, 28, 31, 116       20, 6, 24, 20       
                                180                   17                  
бүтээгдэхүүн                    20, 23, 117, 118      9, 11, 15, 9        
                                118, 148, 166, 167    22, 6, 6, 6         
эрүүл ахуй                      23                    2                   
арга хэмжээ                     29, 30, 31, 72        3, 2, 40, 8         
                                79, 167               8, 32               
халдваргүйжүүлэх                29, 167               30, 31              
монгол улсын нутаг дэвсгэр      31                    17                  
ургамал хамгаалах бодис         31, 168, 169          33, 5, 5            
эрсдэл                          31                    22                  
байгууллага                     32, 34, 34, 34        8, 2, 14, 19        
                                35, 35, 37, 37        3, 13, 3, 42        
                                38, 48, 50, 52        2, 11, 6, 6         
                                53, 65, 78, 80        4, 15, 8, 16        
                                81, 90, 91, 97        20, 5, 3, 2         
                                119, 134, 141, 143    24, 32, 17, 28      
                                143, 144, 144, 159    32, 28, 32, 14      
                                159, 161              20, 6               
эрдэм шинжилгээний байгууллага  33, 62, 66, 84        10, 8, 13, 12       
                                86, 111, 113          6, 6, 7             
мэргэжил                        33, 56, 95, 111       8, 4, 21, 4         
                                141, 143, 144         15, 29, 29          
захиргаа                        34, 34, 48, 52        12, 17, 9, 4        
                                53, 65, 80, 119       2, 13, 14, 22       
                                134, 143, 144, 159    30, 26, 26, 12      
сум                             35, 68, 70, 74        6, 4, 2, 4          
                                76, 99, 116, 117      2, 7, 27, 9         
нийслэл                         35, 68, 70, 74        7, 5, 3, 5          
                                76, 99                3, 8                
зохион бүтээгч                  37, 92                19, 19              
тал                             37, 43, 46, 50        16, 6, 5, 11        
                                53, 56, 70, 76        7, 3, 10, 9         
                                89, 91, 92, 94        12, 7, 16, 10       
                                97, 99, 103, 110      5, 5, 11, 7         
                                113, 115              18, 6               
талууд                          37, 43, 46, 50        16, 6, 5, 11        
                                53, 56, 70, 76        7, 3, 10, 9         
                                89, 91, 92, 94        12, 7, 16, 10       
                                97, 99, 103, 110      5, 5, 11, 7         
                                113, 115              18, 6               
ажил                            37, 92                21, 21              
дүгнэлт                         37, 48, 66, 67        27, 12, 17, 17      
                                81, 92, 113, 141      21, 27, 15, 18      
                                143, 144, 178         33, 33, 8           
технологи                       37, 37, 95            32, 34, 11          
тусгай зөвшөөрөл                38, 58, 119, 134      9, 7, 10, 10        
зохион байгуулагч               47, 54, 73, 78        9, 11, 18, 15       
                                79, 84                20, 16              
ургамлын хорио цээр             48, 81, 138, 139      17, 25, 1, 1        
                                141                   26                  
хамтран ажиллах гэрээ           50                    12                  
хэлэлцээр                       50                    15                  
журам                           51, 64, 65, 146       7, 14, 8, 19        
шийдвэр                         54, 78                10, 9               
төсвийн төсөл                   55                    10                  
удирдлага                       56                    8                   
хангагч                         56                    9                   
зөвшөөрөл                       58, 121               9, 2                
гэрээ                           62, 99, 132           12, 16, 19          
сан                             65                    9                   
салбар                          66                    12                  
төсөл                           72, 79                11, 11              
хяналт шалгалт                  81, 118, 159, 161     15, 29, 15, 18      
зарлаг                          83                    19                  
тохиолдол                       84, 134               19, 14              
тариалангийн газар              89                    2                   
ус                              93                    8                   
үйлдвэрлэгч                     94, 95, 166, 168      6, 16, 7, 8         
                                169                   8                   
тээвэрлэгч                      94, 117, 166, 168     7, 6, 9, 10         
                                169                   10                  
зөвлөмж                         94                    11                  
стандарт                        95, 165               10, 6               
мэргэжлийн байгууллага          96, 104, 112          6, 6, 6             
үйлчлүүлэгч                     99                    12                  
гүйцэтгэгч                      104                   8                   
мэдээлэл                        111                   12                  
сонгогч                         112                   8                   
тайлбар                         113                   19                  
гомдол                          113                   21                  
гэрчилгээ                       117                   18                  
монгол улсын хил                118                   10                  
өргөдөл                         121                   4                   
улсын бүртгэлийн гэрчилгээ      123                   3                   
этгээд                          123                   2                   
нотлох баримт                   125, 127, 128         4, 14, 14           
өр                              125                   2                   
төлбөр                          127, 128              9, 9                
систем                          127, 128              11, 11              
эрсдэлийн үнэлгээ               130                   22                  
аюул                            130                   11                  
тайлан                          130                   24                  
боодол                          132                   13                  
тусгай зөвшөөрөл эзэмшигч       134                   15                  
бэлчээр                         143, 144              14, 14              
халдваргүйжүүлэлт               146, 151              11, 8               
агуулах                         151                   4                   
ургамлын эрүүл ахуйн үзлэг      166                   13                  
эрүүл мэнд                      167                   8                   
үйлчилгээ                       167                   25                  
үйл ажиллагааны зардал          176, 181              3, 12               
улсын төсөв                     176, 177              6, 7                
улсын  төсөв                    176, 177              6, 7                
газар эзэмших                   181                   2                   
өөрийн хөрөнгө                  181                   15                  
шинжээч                         183                   10                  
