File: MNCLW00284.txt
Search Method: Trie (MWE + Single-Word)
Total runtime: 0.019456s
Found terms: 447

Term                            Line                  Word Place          

сан                             6, 11, 12, 13         4, 8, 7, 4          
                                13, 15, 16, 17        21, 4, 4, 7         
                                24, 26, 34, 88        24, 7, 4, 1         
                                395, 395, 397, 400    4, 15, 4, 4         
                                458, 461, 461, 632    4, 340, 348, 1      
                                638, 638, 860, 862    1, 4, 4, 4          
нийтлэх                         8, 9                  1, 1                
орлого                          11                    14                  
зарлага                         11, 15, 16            16, 9, 9            
төсвийн байгууллага             13                    24                  
удирдлага                       13                    26                  
төсвийн орлого                  15, 16, 17, 26        7, 7, 13, 13        
сангийн хөрөнгө                 19, 24, 28, 35        11, 7, 7, 4         
                                860, 874              16, 4               
хөрөнгө оруулалт                19, 19, 24, 24        14, 39, 10, 27      
                                24, 35, 37, 37        49, 7, 42, 62       
                                68, 73, 83, 93        9, 3, 4, 5          
                                174, 284, 324, 395    1, 1, 1, 18         
                                414, 426, 434, 459    1, 1, 1, 10         
                                875, 897, 1009, 1156  1, 1, 1, 1          
                                1212                  1                   
гэр бүл                         19                    22                  
авто зам                        19, 24, 37, 37        30, 40, 225, 235    
                                37, 37, 37, 184       262, 276, 284, 1    
                                189, 194, 199, 204    7, 5, 7, 8          
                                209, 214, 219, 224    6, 6, 3, 7          
                                229, 234, 395, 414    6, 5, 65, 13        
                                459, 461, 461, 461    1, 471, 502, 530    
                                461, 461, 461, 461    543, 552, 577, 589  
                                461, 461, 698, 701    599, 608, 1, 7      
                                704, 707, 710, 713    6, 6, 7, 5          
                                716, 719, 722, 725    6, 8, 8, 3          
                                728, 731, 734, 737    7, 5, 6, 7          
                                740, 743, 746, 749    8, 7, 11, 6         
                                752, 755, 758, 761    11, 8, 8, 7         
                                764, 860, 860, 860    5, 77, 285, 298     
                                860, 911, 1023, 1030  337, 10, 1, 7       
                                1037, 1044, 1051, 1058  5, 7, 8, 6          
                                1065, 1072, 1079      6, 3, 7             
эрчим хүч                       19, 24, 37, 99        33, 43, 66, 3       
                                380, 395, 418, 459    1, 73, 3, 4         
                                461, 650, 860, 918    369, 3, 89, 3       
салбар                          19, 24, 459           35, 45, 6           
төсөл                           19, 24, 401, 459      41, 51, 4, 12       
                                461, 463              1, 1                
төсөл, арга хэмжээ              24, 24, 35, 37        12, 31, 9, 1        
                                38, 395, 406, 860     1, 22, 1, 20        
                                860, 875, 883         31, 3, 1            
барилга байгууламж              24, 24, 35, 37        15, 34, 12, 4       
                                38, 395, 395, 402     4, 25, 35, 3        
                                406, 692, 860, 860    4, 10, 23, 34       
                                883                   4                   
төсвийн алдагдал                26                    23                  
газрын тос                      28, 37, 174, 395      11, 201, 3, 84      
                                426, 860, 1009        3, 250, 3           
хүнс                            28, 319, 430, 1205    14, 1, 1, 1         
мөрдөгч                         30                    15                  
чөлөөт бүс                      37, 37, 58, 63        27, 36, 1, 2        
                                68, 395, 414, 860     3, 57, 5, 58        
                                860, 904, 911         70, 2, 3            
шугам сүлжээ                    37, 139, 860, 960     143, 4, 159, 4      
хот байгуулалт                  37, 179, 461, 461     209, 4, 468, 762    
                                695, 815, 860, 1016   4, 2, 262, 4        
улсын нисэх                     37, 289, 860, 1163    367, 17, 469, 17    
нийтийн тээвэр                  37, 314, 860, 1198    401, 2, 515, 2      
барилгын ажил                   37, 375               480, 6              
мэргэжил                        37, 63, 860, 904      29, 4, 60, 4        
зам                             37, 37, 37, 63        34, 40, 213, 1      
                                63, 68, 179, 461      9, 7, 1, 465        
                                695, 860, 860, 860    1, 65, 268, 357     
                                904, 904, 1016, 1086  1, 9, 1, 6          
хөрөнгө                         37, 37, 395, 400      47, 55, 44, 7       
                                408                   2                   
шугам                           37, 37, 37, 37        71, 132, 167, 181   
                                104, 129, 149, 154    3, 16, 8, 9         
                                461, 461, 824, 830    779, 790, 3, 2      
                                860, 860, 860, 860    96, 176, 209, 226   
                                925, 967, 981, 988    3, 14, 8, 9         
систем                          37, 37, 37, 159       189, 191, 395, 3    
                                159, 304, 812, 860    5, 5, 3, 237        
                                860, 860, 995, 995    239, 504, 3, 5      
                                1184                  5                   
газар                           37, 37, 279, 324      348, 422, 4, 7      
                                461, 461, 461, 461    259, 265, 343, 362  
                                461, 599, 602, 635    768, 6, 5, 3        
                                647, 794, 818, 860    3, 4, 5, 446        
                                860, 1149, 1212       541, 4, 7           
ажил                            37, 289, 461, 821     360, 10, 775, 5     
                                860, 1163             462, 10             
ажилгүй                         37, 319, 395, 430     411, 3, 93, 3       
                                860, 1205             528, 3              
хөтөлбөр                        37, 324, 860, 1212    425, 10, 544, 10    
нийслэл                         37, 314, 360, 380     485, 1, 1, 4        
                                461, 686, 1198        449, 1, 1           
тоног төхөөрөмж                 48, 304, 1184         1, 1, 1             
иргэн                           279, 461, 461, 794    1, 255, 701, 1      
                                1149                  1                   
нисэх буудал                    289, 294, 299, 797    1, 1, 1, 1          
                                800, 803, 806, 809    1, 1, 1, 1          
                                1163, 1170, 1177      1, 1, 1             
ахмад                           345                   1                   
спорт                           355, 461, 461, 461    1, 23, 31, 93       
                                461, 461, 461, 461    128, 150, 154, 196  
                                461, 473, 479, 515    200, 5, 2, 2        
                                533, 545, 548, 569    3, 4, 2, 6          
                                572, 848, 851         2, 1, 1             
арга хэмжээ                     395, 402              33, 1               
хилийн боомт                    395, 414              59, 7               
зураг төсөл                     395, 450              127, 4              
технологи дамжуулах             442                   1                   
орон сууц                       461, 461, 623, 629    314, 337, 6, 11     
цэвэрлэх байгууламж             461, 827              786, 3              
оюутан                          461, 461, 593, 626    243, 322, 2, 5      
оюутан-цэрэг                    461, 461, 593, 626    243, 322, 2, 5      
оюутан-цэрг                     461, 461, 593, 626    243, 322, 2, 5      
шийдвэр                         461                   262                 
гүйцэтгэгч                      461, 602              263, 3              
хүн                             461, 602              267, 7              
зөвлөл                          461, 608              280, 3              
мэдээлэл                        461, 638              349, 5              
сум                             461, 461, 461, 461    372, 382, 389, 396  
                                461, 461, 461, 461    403, 410, 422, 434  
                                461, 461, 461, 653    628, 810, 818, 2    
                                656, 659, 662, 665    5, 2, 2, 2          
                                668, 674, 680, 761    2, 2, 2, 4          
                                842, 842              4, 12               
боомт                           461, 656              381, 4              
ус                              461, 461, 461, 461    452, 461, 778, 785  
                                692, 824, 860, 967    8, 2, 164, 2        
хөрс                            461, 692              460, 7              
технологи                       461, 809              753, 10             
агуулах                         461, 842              813, 7              
эмнэлэг                         461, 854              832, 2              
мэргэжлийн сургалт              500, 512              1, 1                
хүүхдийн цэцэрлэг               503                   1                   
гадаадын иргэн                  599                   1                   
шүүхийн шийдвэр                 602                   1                   
бохир ус                        689, 827              1, 1                
нийслэлийн авто зам             752                   1                   
