File: MNCLW00310.txt
Search Method: Trie (MWE + Single-Word)
Total runtime: 0.009132s
Found terms: 992

Term                            Line                  Word Place          

төрийн ордон                    6, 7                  1, 1                
хүү                             6, 7, 25, 191         4, 4, 269, 2        
                                231, 249, 256, 256    31, 2, 72, 261      
                                256, 313, 462, 525    337, 1, 3, 2        
                                614, 628, 641, 712    25, 2, 25, 3        
                                715, 745, 749         2, 3, 2             
төсв                            8, 9, 15, 15          5, 5, 10, 15        
                                15, 16, 17, 17        55, 7, 5, 9         
                                17, 18, 18, 18        12, 5, 9, 12        
                                22, 23, 25, 103       8, 8, 129, 2        
                                227, 227, 228, 228    8, 11, 8, 11        
                                230, 251, 252, 253    8, 8, 6, 6          
                                613, 633, 634, 637    6, 8, 8, 9          
                                638, 641, 642, 642    9, 18, 13, 18       
                                643, 643, 645, 645    13, 18, 4, 19       
                                646, 646, 648, 649    4, 19, 14, 5        
                                653, 654, 709, 710    5, 5, 5, 5          
                                742, 743              5, 5                
орон нутгийн хөгжлийн нэгдсэн сан  15, 651, 652, 742     26, 12, 12, 7       
                                743                   7                   
орон нутгийн төсөв              15, 651, 652, 653     20, 1, 1, 7         
                                654                   7                   
орон нутгийн төсв               15, 651, 652, 709     41, 7, 7, 7         
                                710                   7                   
төсвийн ерөнхийлөн захирагч     15, 22, 23, 25        48, 10, 10, 2       
                                29, 230, 231, 233     1, 10, 2, 1         
                                251, 252, 253, 256    10, 8, 8, 2         
                                258, 613, 614, 616    1, 8, 2, 1          
улсын төсөв                     15, 15, 22, 23        6, 44, 4, 4         
                                227, 228, 230, 709    4, 4, 4, 10         
                                710                   10                  
улсын  төсөв                    15, 15, 22, 23        6, 44, 4, 4         
                                227, 228, 230, 709    4, 4, 4, 10         
                                710                   10                  
санхүүгийн дэмжлг               15, 651, 652, 653     24, 5, 5, 13        
                                654, 656, 659         13, 4, 2            
санхүүгийн дэмжлэг              15, 651, 652, 653     24, 5, 5, 13        
                                654, 656, 659         13, 4, 2            
улсын төсв                      15, 251, 252, 253     32, 4, 2, 2         
                                613, 633, 634, 637    2, 4, 4, 4          
                                638, 641, 651, 652    4, 13, 18, 18       
                                742, 743, 870, 871    13, 13, 4, 4        
орлогын шилжүүлг                15, 651, 652, 742     39, 25, 25, 20      
                                743                   20                  
орлогын шилжүүлэг               15, 651, 652, 742     39, 25, 25, 20      
                                743                   20                  
төсвийн алдагдл                 15                    61                  
орлого                          15, 15, 15, 22        13, 17, 47, 20      
                                23, 25, 25, 25        20, 19, 32, 44      
                                25, 25, 25, 25        62, 79, 96, 109     
                                25, 25, 25, 25        142, 149, 175, 180  
                                25, 25, 25, 25        192, 204, 226, 246  
                                25, 25, 25, 25        265, 280, 301, 306  
                                25, 25, 25, 35        318, 336, 350, 5    
                                43, 50, 59, 70        5, 5, 5, 5          
                                78, 85, 115, 119      5, 5, 3, 5          
                                134, 135, 144, 151    9, 5, 5, 5          
                                166, 177, 188, 195    5, 5, 5, 5          
                                204, 205, 212, 218    9, 5, 5, 5          
                                224, 227, 228, 651    5, 13, 13, 11       
                                652, 709, 710, 712    11, 15, 15, 5       
                                716                   2                   
орлог                           15, 15, 15, 22        13, 17, 47, 20      
                                23, 25, 25, 25        20, 19, 32, 44      
                                25, 25, 25, 25        62, 79, 96, 109     
                                25, 25, 25, 25        142, 149, 175, 180  
                                25, 25, 25, 25        192, 204, 226, 246  
                                25, 25, 25, 25        265, 280, 301, 306  
                                25, 25, 25, 35        318, 336, 350, 5    
                                43, 50, 59, 70        5, 5, 5, 5          
                                78, 85, 115, 119      5, 5, 3, 5          
                                134, 135, 144, 151    9, 5, 5, 5          
                                166, 177, 188, 195    5, 5, 5, 5          
                                204, 205, 212, 218    9, 5, 5, 5          
                                224, 227, 228, 651    5, 13, 13, 11       
                                652, 709, 710, 712    11, 15, 15, 5       
                                716                   2                   
байгууллага                     15, 22, 23, 25        19, 17, 17, 17      
                                25, 25, 25, 25        30, 42, 60, 77      
                                25, 25, 25, 25        94, 107, 147, 178   
                                25, 25, 25, 25        190, 202, 224, 244  
                                25, 25, 25, 25        263, 278, 304, 316  
                                25, 25, 35, 43        334, 348, 3, 3      
                                50, 59, 70, 78        3, 3, 3, 3          
                                85, 119, 135, 144     3, 3, 3, 3          
                                151, 166, 177, 188    3, 3, 3, 3          
                                195, 205, 212, 218    3, 3, 3, 3          
                                224, 872              3, 5                
байгууллаг                      15, 22, 23, 25        19, 17, 17, 17      
                                25, 25, 25, 25        30, 42, 60, 77      
                                25, 25, 25, 25        94, 107, 147, 178   
                                25, 25, 25, 25        190, 202, 224, 244  
                                25, 25, 25, 25        263, 278, 304, 316  
                                25, 25, 35, 43        334, 348, 3, 3      
                                50, 59, 70, 78        3, 3, 3, 3          
                                85, 119, 135, 144     3, 3, 3, 3          
                                151, 166, 177, 188    3, 3, 3, 3          
                                195, 205, 212, 218    3, 3, 3, 3          
                                224, 872              3, 5                
сан                             15, 15, 25, 25        37, 57, 121, 131    
                                25, 95, 103, 111      137, 1, 4, 1        
                                231, 236, 256, 459    8, 1, 254, 1        
                                614, 619, 642, 643    8, 1, 15, 15        
                                651, 652, 742, 742    23, 23, 18, 25      
                                743, 743, 872         18, 25, 14          
төсөв                           15, 25, 25, 25        51, 16, 29, 41      
                                25, 25, 25, 25        59, 76, 93, 106     
                                25, 25, 25, 25        146, 177, 189, 201  
                                25, 25, 25, 25        223, 243, 262, 277  
                                25, 25, 25, 25        303, 315, 333, 347  
                                35, 43, 50, 59        2, 2, 2, 2          
                                70, 78, 85, 119       2, 2, 2, 2          
                                135, 144, 151, 166    2, 2, 2, 2          
                                177, 188, 195, 205    2, 2, 2, 2          
                                212, 218, 224, 251    2, 2, 2, 15         
хөрөнг                          15, 20, 21, 256       59, 9, 9, 19        
                                256, 256, 256, 256    32, 56, 68, 81      
                                256, 256, 256, 256    92, 118, 129, 142   
                                256, 256, 256, 256    162, 197, 209, 226  
                                256, 256, 256, 256    239, 250, 263, 284  
                                256, 256, 256, 256    296, 307, 319, 332  
                                256, 256, 256, 256    347, 359, 370, 381  
                                256, 256, 256, 256    393, 403, 413, 426  
                                256, 270, 281, 299    438, 1, 1, 1        
                                310, 321, 332, 350    1, 1, 1, 1          
                                358, 370, 385, 411    1, 1, 1, 1          
                                422, 434, 445, 456    1, 1, 1, 1          
                                463, 478, 489, 500    1, 1, 1, 1          
                                511, 522, 533, 544    1, 1, 1, 1          
                                555, 566, 577, 588    1, 1, 1, 1          
                                593, 600, 607, 637    1, 1, 1, 6          
                                638, 641, 642, 643    6, 15, 24, 24       
                                870, 871              6, 6                
хөрөнгө                         15, 20, 21, 256       59, 9, 9, 19        
                                256, 256, 256, 256    32, 56, 68, 81      
                                256, 256, 256, 256    92, 118, 129, 142   
                                256, 256, 256, 256    162, 197, 209, 226  
                                256, 256, 256, 256    239, 250, 263, 284  
                                256, 256, 256, 256    296, 307, 319, 332  
                                256, 256, 256, 256    347, 359, 370, 381  
                                256, 256, 256, 256    393, 403, 413, 426  
                                256, 270, 281, 299    438, 1, 1, 1        
                                310, 321, 332, 350    1, 1, 1, 1          
                                358, 370, 385, 411    1, 1, 1, 1          
                                422, 434, 445, 456    1, 1, 1, 1          
                                463, 478, 489, 500    1, 1, 1, 1          
                                511, 522, 533, 544    1, 1, 1, 1          
                                555, 566, 577, 588    1, 1, 1, 1          
                                593, 600, 607, 637    1, 1, 1, 6          
                                638, 641, 642, 643    6, 15, 24, 24       
                                870, 871              6, 6                
этгээд                          17, 18, 25, 216       20, 20, 322, 1      
                                256, 591              407, 1              
төсвийн орлог                   20, 21                5, 5                
төсвийн орлого                  20, 21                5, 5                
өрийн удирдлаг                  20, 21, 649           10, 10, 10          
өрийн удирдлага                 20, 21, 649           10, 10, 10          
зарлаг                          20, 21, 742, 743      7, 7, 28, 28        
                                745, 745, 745, 745    13, 21, 29, 37      
                                745, 745, 745, 745    45, 53, 61, 69      
                                745, 745, 745, 745    77, 85, 93, 101     
                                745, 745, 745, 745    109, 117, 125, 133  
                                745, 745, 745, 745    141, 149, 157, 165  
                                745, 745, 755, 760    173, 181, 3, 3      
                                765, 770, 775, 780    3, 3, 3, 3          
                                785, 790, 795, 800    3, 3, 3, 3          
                                805, 810, 815, 820    3, 3, 3, 3          
                                825, 831, 836, 841    3, 3, 3, 3          
                                846, 851, 856, 861    3, 3, 3, 3          
зарлг                           20, 21, 742, 743      7, 7, 28, 28        
                                745, 745, 745, 745    13, 21, 29, 37      
                                745, 745, 745, 745    45, 53, 61, 69      
                                745, 745, 745, 745    77, 85, 93, 101     
                                745, 745, 745, 745    109, 117, 125, 133  
                                745, 745, 745, 745    141, 149, 157, 165  
                                745, 745, 755, 760    173, 181, 3, 3      
                                765, 770, 775, 780    3, 3, 3, 3          
                                785, 790, 795, 800    3, 3, 3, 3          
                                805, 810, 815, 820    3, 3, 3, 3          
                                825, 831, 836, 841    3, 3, 3, 3          
                                846, 851, 856, 861    3, 3, 3, 3          
зарлиг                          20, 21, 742, 743      7, 7, 28, 28        
                                745, 745, 745, 745    13, 21, 29, 37      
                                745, 745, 745, 745    45, 53, 61, 69      
                                745, 745, 745, 745    77, 85, 93, 101     
                                745, 745, 745, 745    109, 117, 125, 133  
                                745, 745, 745, 745    141, 149, 157, 165  
                                745, 745, 755, 760    173, 181, 3, 3      
                                765, 770, 775, 780    3, 3, 3, 3          
                                785, 790, 795, 800    3, 3, 3, 3          
                                805, 810, 815, 820    3, 3, 3, 3          
                                825, 831, 836, 841    3, 3, 3, 3          
                                846, 851, 856, 861    3, 3, 3, 3          
зарлага                         20, 21, 742, 743      7, 7, 28, 28        
                                745, 745, 745, 745    13, 21, 29, 37      
                                745, 745, 745, 745    45, 53, 61, 69      
                                745, 745, 745, 745    77, 85, 93, 101     
                                745, 745, 745, 745    109, 117, 125, 133  
                                745, 745, 745, 745    141, 149, 157, 165  
                                745, 745, 755, 760    173, 181, 3, 3      
                                765, 770, 775, 780    3, 3, 3, 3          
                                785, 790, 795, 800    3, 3, 3, 3          
                                805, 810, 815, 820    3, 3, 3, 3          
                                825, 831, 836, 841    3, 3, 3, 3          
                                846, 851, 856, 861    3, 3, 3, 3          
эрүүл мэндийн даатгалын сан     25, 25, 134, 204      167, 293, 1, 1      
санхүүгийн зохицуулах хороо     25, 46, 256, 362      35, 1, 134, 1       
байгаль орчин                   25, 81, 256, 437      99, 1, 230, 1       
аялал жуулчлал                  25, 81, 256, 437      101, 3, 232, 3      
төлөөлөгчийн газр               25, 92                117, 2              
гадаадын тусламж                25, 115               140, 1              
улсын бүртгэл                   25, 126               158, 1              
батлан хамгаалах                25, 140, 256, 492     184, 1, 300, 1      
хот байгуулалт                  25, 169, 256, 569     230, 2, 386, 2      
                                614, 622              13, 2               
ашигт малтмал                   25, 184               255, 1              
газрын тос                      25, 184               257, 3              
эрүүл мэнд                      25, 211, 256, 547     311, 1, 363, 1      
чөлөөт бүс                      25, 217               327, 2              
харилцаа холбоо                 25, 223, 256, 598     343, 3, 421, 3      
газр                            25, 25, 25, 34        13, 86, 89, 5       
                                73, 73, 256, 256      5, 8, 13, 124       
                                256, 256, 262, 353    217, 220, 5, 3      
                                425, 425, 648         5, 8, 4             
шүүх                            25, 39, 256, 256      23, 1, 49, 60       
                                256, 291, 302, 605    432, 3, 1, 1        
зөвлөл                          25, 39, 256, 256      25, 3, 62, 101      
                                256, 302, 335, 373    148, 3, 6, 3        
зохицуулалт                     25, 54, 645, 646      54, 4, 13, 13       
                                649                   26                  
газар                           25, 25, 25, 25        55, 73, 126, 135    
                                25, 25, 25, 25        161, 165, 215, 234  
                                25, 25, 25, 54        240, 259, 292, 5    
                                66, 99, 107, 126      4, 3, 3, 4          
                                130, 158, 173, 173    3, 4, 1, 7          
                                184, 203, 649         5, 5, 4             
мэргэжл                         25, 66                70, 1               
эмнэлэг                         25, 25, 134, 204      172, 298, 6, 6      
эмнэлг                          25, 25, 134, 204      172, 298, 6, 6      
зам                             25, 25, 154, 162      207, 217, 1, 1      
                                256, 481              288, 1              
нисэх                           25, 158               213, 2              
геодез                          25, 173               237, 4              
геодези                         25, 173               237, 4              
хүн                             25, 180, 256, 514     251, 3, 325, 3      
хүнс                            25, 191, 231, 249     268, 1, 30, 1       
                                256, 525, 614, 628    336, 1, 24, 1       
үйлчилгээ                       25, 203               290, 3              
ажл                             25, 217, 256, 396     330, 5, 177, 2      
төлбөр                          230, 256, 462, 645    19, 262, 4, 26      
                                646                   26                  
үндэсний аюулгүй байдл          256, 335              98, 3               
төрийн алб                      256, 373              146, 1              
төрийн алба                     256, 373              146, 1              
гадаад зээл                     256, 464              265, 1              
гадаадын зээл                   256, 464              265, 1              
эрчим хүч                       256, 558              374, 1              
сахилгын хороо                  256, 605              433, 2              
шүүгч                           256, 291              51, 5               
комисс                          256, 256, 313, 396    75, 182, 4, 7       
прокурор                        256, 324              87, 3               
аудитор                         256, 342              113, 4              
авлиг                           256, 353              122, 1              
авлига                          256, 353              122, 1              
зээл                            256, 462              260, 2              
төсвийн зарлага                 633, 634              11, 11              
төсвийн  зарлага                633, 634              11, 11              
төсвийн зарлаг                  633, 634              11, 11              
төсөл, арга хэмжээ              637, 638, 641, 870    13, 13, 7, 12       
                                871                   16                  
хөрөнгө оруулалт                637, 638, 870, 871    11, 11, 10, 14      
барилга байгууламж              637, 638, 641, 870    16, 16, 10, 15      
                                871                   19                  
концесс                         641, 871              4, 11               
засгийн газрын өр               645, 646              22, 22              
зээллэг                         645, 646              10, 10              
зээллг                          645, 646              10, 10              
өр                              645, 646, 648, 648    12, 12, 6, 8        
                                649                   25                  
засгийн газрын өрийн удирдлага  649                   15                  
засгийн газрын өрийн удирдлаг   649                   15                  
үйл ажиллагаа                   649                   27                  
шилжүүлэг                       745, 750              4, 1                
шилжүүлг                        745, 750              4, 1                
хөтөлбөр                        869, 869, 872         10, 11, 7           
үр                              869                   13                  
төсөл                           872                   6                   
сум                             872                   10                  
