File: MNCLW00177.txt
Search Method: Aho-Corasick
Total runtime: 0.008647s
Found terms: 830

Term                            Line                  Word Place          

дайчилгаа                       6, 11, 11, 20         1, 22, 46, 3        
                                20, 22, 22, 22        11, 2, 8, 16        
                                29, 34, 39, 41        4, 18, 4, 23        
                                46, 46, 48, 48        10, 18, 8, 14       
                                50, 58, 62, 65        8, 2, 11, 5         
                                71, 88, 89, 91        2, 4, 4, 4          
                                93, 106, 110, 112     22, 4, 2, 5         
                                118, 119, 121, 122    1, 1, 7, 5          
                                125, 126, 127, 131    5, 4, 5, 6          
                                136, 138, 144, 145    4, 4, 7, 2          
                                156, 158, 159, 166    5, 9, 5, 3          
                                167, 170, 172, 177    9, 8, 7, 2          
                                179, 180, 184, 193    1, 1, 2, 9          
                                204, 205, 209, 211    4, 2, 6, 6          
                                213, 231, 240, 261    6, 3, 3, 4          
                                263, 264, 266, 271    1, 1, 22, 5         
                                274, 288, 329, 361    7, 13, 23, 4        
нийтлэх                         8, 9                  1, 1                
аж ахуйн нэгж                   11, 27, 29, 37        39, 40, 11, 12      
                                52, 68, 100, 101      11, 9, 7, 14        
                                108, 110, 149, 150    17, 18, 12, 2       
                                153, 167, 179, 180    4, 6, 17, 17        
                                195, 235, 242, 246    10, 4, 4, 4         
                                247, 254, 274, 287    2, 2, 2, 15         
                                288, 292, 296, 298    5, 6, 3, 7          
                                313, 350, 351, 352    6, 6, 4, 2          
                                366, 367              9, 4                
дайны байдал                    11, 14, 27, 41        10, 20, 9, 10       
                                43, 46, 51            9, 6, 6             
зэвсэгт хүчин                   11, 27, 41, 43        14, 12, 13, 13      
зохион байгуулагч               11, 27, 43, 48        17, 15, 16, 4       
                                54, 61, 62, 86        5, 8, 12, 2         
                                95, 154, 157, 166     8, 12, 8, 5         
                                171, 191, 192, 194    9, 7, 9, 8          
                                202, 203, 204, 226    13, 8, 9, 31        
                                230, 233, 314, 319    13, 9, 16, 15       
бэлэн байдал                    11, 39, 43, 97        19, 5, 18, 9        
                                122, 167, 204, 205    6, 10, 5, 3         
                                212, 231, 240, 249    6, 9, 8, 8          
                                329, 351              2, 7                
төрийн байгууллага              11                    28                  
нэгжийн удирдлага               11, 62                36, 9               
хангагч                         11, 43, 49, 51        21, 20, 4, 10       
                                56, 103, 112, 123     9, 16, 7, 3         
                                154, 169, 188, 188    8, 3, 9, 11         
                                204, 207, 212, 226    7, 8, 8, 18         
                                229, 231, 240, 249    3, 11, 10, 10       
                                334, 343              10, 28              
журам                           11, 86, 98, 148       25, 5, 5, 4         
                                153, 166, 231, 269    14, 7, 7, 7         
                                293, 322, 333, 343    14, 4, 9, 33        
                                345, 367              8, 12               
захиргаа                        11, 27, 27, 50        33, 31, 35, 2       
                                52, 52, 62, 62        2, 6, 2, 6          
                                93, 100, 101, 108     13, 2, 2, 5         
                                110, 146, 147, 158    6, 2, 2, 2          
                                172, 179, 180, 182    2, 4, 4, 8          
                                183, 184, 186, 190    6, 7, 8, 2          
                                193, 195, 197, 198    6, 4, 6, 4          
                                199, 200, 205, 209    2, 18, 14, 2        
                                215, 276, 280, 287    2, 17, 22, 10       
                                306, 351, 352, 366    4, 21, 14, 16       
байгууллага                     11, 27, 27, 27        38, 27, 33, 39      
                                29, 37, 52, 52        10, 11, 4, 10       
                                62, 65, 93, 100       4, 2, 15, 10        
                                101, 101, 108, 108    4, 13, 7, 16        
                                110, 110, 135, 146    8, 17, 2, 4         
                                147, 149, 153, 167    4, 11, 3, 5         
                                172, 179, 179, 180    4, 6, 16, 6         
                                180, 182, 183, 184    16, 10, 8, 9        
                                186, 190, 193, 195    10, 4, 8, 9         
                                197, 198, 199, 200    8, 7, 5, 20         
                                201, 204, 205, 209    2, 2, 16, 5         
                                211, 215, 235, 242    2, 5, 3, 3          
                                276, 278, 279, 280    19, 8, 5, 6         
                                280, 287, 288, 288    24, 18, 4, 25       
                                289, 292, 292, 298    3, 5, 21, 6         
                                313, 331, 350, 351    5, 14, 5, 3         
                                351, 352, 366, 367    23, 16, 8, 3        
иргэн                           11, 27, 29, 31        42, 43, 14, 21      
                                52, 100, 101, 115     14, 11, 23, 13      
                                153, 179, 179, 180    7, 11, 20, 11       
                                180, 217, 222, 229    20, 5, 5, 7         
                                242, 256, 261, 287    7, 3, 3, 19         
                                327                   4                   
батлан хамгаалах                14, 37, 118, 119      12, 4, 10, 10       
                                162, 177, 200, 205    11, 6, 13, 9        
                                276, 280, 323, 351    9, 17, 5, 16        
                                352                   9                   
тохиолдол                       16, 29, 93, 153       11, 6, 11, 10       
                                273                   9                   
мөрдөгч                         16, 17, 241           15, 17, 14          
цэргийн бэлтгэл үүрэгтэн        25, 31, 331           6, 18, 26           
нэгж                            27, 52, 64            38, 9, 10           
эд хөрөнгө                      29, 83, 116, 202      19, 2, 23, 4        
                                249, 260, 287, 288    2, 4, 4, 8          
                                289, 291              6, 5                
зарлаг                          29, 60, 76, 77        5, 2, 4, 11         
                                78, 88, 89, 91        2, 5, 5, 5          
                                93, 94, 95, 97        2, 4, 2, 2          
                                98, 125, 126, 126     2, 6, 2, 5          
                                127, 136, 137, 138    6, 5, 6, 5          
                                149, 156, 157, 170    2, 6, 2, 9          
                                171, 177, 193, 194    2, 3, 10, 2         
                                209, 211, 231, 232    7, 7, 4, 2          
                                240, 244, 271, 271    4, 2, 6, 7          
                                274, 288, 292, 327    8, 14, 2, 14        
                                329                   18                  
дайчилгааны даалгавар           31, 52, 64, 100       11, 15, 8, 12       
                                101, 101, 101, 108    7, 17, 24, 13       
                                146, 184, 201, 219    7, 12, 4, 5         
                                228, 232, 235, 242    3, 4, 7, 8          
                                244, 283, 287, 301    4, 12, 6, 11        
                                351                   10                  
эмнэлгийн багаж                 32                    16                  
хөрөнгө                         32, 123, 221, 286     2, 6, 8, 4          
                                290                   2                   
хүнс                            32, 275, 334          11, 17, 6           
эм                              32                    19                  
тушаал                          34, 34, 55, 152       3, 25, 3, 3         
удирдлага                       34, 280               7, 16               
салбар                          34, 201, 204, 211     12, 3, 3, 3         
газар                           34, 35, 36, 37        22, 16, 15, 10      
                                98, 101, 110, 118     7, 10, 14, 9        
                                118, 119, 119, 122    15, 9, 15, 13       
                                134, 143, 144, 156    11, 6, 4, 4         
                                162, 163, 164, 165    16, 4, 8, 6         
                                169, 170, 174, 176    7, 6, 13, 6         
                                177, 184, 188, 196    11, 17, 15, 16      
                                200, 226, 257, 275    24, 9, 7, 12        
                                283, 285, 293, 308    25, 7, 3, 11        
                                309, 313, 322, 333    6, 20, 14, 11       
                                336, 345, 348, 367    7, 10, 13, 14       
дайчилгааны бэлтгэл             35, 41, 49, 103       4, 19, 2, 10        
                                135, 141, 154, 203    8, 6, 6, 5          
                                206, 207, 210, 270    3, 6, 4, 5          
                                273, 322              16, 8               
ажил                            35, 36, 157, 171      9, 8, 7, 7          
                                194, 202, 204, 226    7, 12, 8, 30        
                                230, 274, 276, 283    12, 15, 8, 6        
                                331                   11                  
зохиогч                         35, 36, 41, 278       10, 9, 16, 10       
                                280                   8                   
сонгогч                         35, 36                12, 11              
захиалагч                       37, 250, 298          2, 2, 2             
үйлчилгээ                       37, 334               20, 12              
хариуцагч                       39, 275, 285, 290     16, 25, 17, 15      
                                341, 342, 343, 348    18, 2, 40, 27       
                                352                   17                  
зам                             46, 116, 280, 280     16, 6, 2, 13        
захиргааны байгууллага          50, 100, 158, 195     6, 5, 5, 7          
                                275, 285, 287, 290    23, 15, 13, 13      
                                301, 307, 348, 366    17, 2, 19, 19       
дайчилгааны төлөвлөгөө          52, 108, 110, 110     18, 22, 11, 21      
                                116, 132, 147, 158    20, 5, 7, 15        
                                190, 200, 201, 226    5, 9, 8, 6          
                                226, 228, 241, 252    19, 7, 5, 4         
дайчилгааны нөөц                53, 116, 134, 162     2, 28, 3, 6         
                                173, 187, 210, 267    2, 3, 8, 7          
дайчилгаатай сургууль           54, 258, 324, 331     3, 6, 6, 4          
                                338, 339, 342, 345    5, 23, 21, 3        
                                348, 350, 351, 352    2, 9, 25, 6         
дайчилгааны сургууль            54, 258, 324, 331     3, 6, 6, 4          
                                338, 339, 342, 345    5, 23, 21, 3        
                                348, 350, 351, 352    2, 9, 25, 6         
шийдвэр                         59, 126, 137, 141     3, 19, 8, 24        
                                192, 200, 312         7, 27, 4            
мэдээлэл                        60, 66, 94, 95        3, 2, 5, 3          
                                97, 98, 147, 219      3, 3, 18, 14        
                                231, 361              5, 7                
үйл ажиллагаа                   65, 66, 211           3, 4, 4             
бүтээгдэхүүн                    67, 68                6, 5                
үйлдвэрлэгч                     68                    6                   
үндэсний аюулгүй байдал         77, 174, 196          2, 8, 11            
зөвлөл                          77                    5                   
дүгнэлт                         77, 122, 190          6, 18, 9            
зарлиг                          78, 88, 89, 91        7, 6, 6, 6          
                                93, 126, 138, 157     5, 10, 7, 5         
                                171, 194, 269, 288    5, 5, 11, 19        
хүн                             81, 341, 370          2, 19, 4            
мэргэжил                        81, 186, 270, 325     7, 16, 13, 14       
даруй                           88, 89, 91, 93        10, 10, 14, 24      
                                126, 138              12, 13              
арга хэмжээ                     93, 158               26, 10              
хяналт тавих                    93, 123, 128, 134     31, 12, 3, 6        
                                135, 147, 158, 172    17, 12, 20, 13      
                                175, 201, 206, 219    13, 12, 10, 8       
                                221, 235, 242         11, 10, 11          
гүйцэтгэгч                      93, 276               29, 21              
жанжин штаб                     95, 103, 112, 132     6, 20, 11, 3        
                                139, 226, 325, 339    3, 23, 10, 3        
                                343, 346, 348         38, 17, 25          
нийслэл                         101, 101, 108, 110    6, 20, 10, 10       
                                110, 146, 147, 167    24, 6, 6, 3         
                                172, 179, 180, 184    6, 9, 9, 11         
                                186, 206, 217, 219    12, 2, 3, 3         
                                222, 224, 225, 226    3, 4, 2, 5          
                                237, 241, 273, 275    2, 10, 11, 21       
                                285, 290, 301, 308    13, 11, 15, 7       
                                325, 327, 336, 348    26, 6, 2, 17        
сум                             101, 101, 108, 110    11, 26, 9, 15       
                                167, 179, 180, 217    2, 8, 8, 2          
                                219, 222              2, 2                
хөдлөх бүрэлдэхүүн              116, 280              7, 11               
нисэх                           116, 279, 339, 339    3, 6, 6, 8          
                                341, 343, 343         3, 6, 8             
тал                             121, 122, 131, 134    8, 11, 7, 9         
                                144, 174, 219         8, 4, 11            
талууд                          121, 122, 131, 134    8, 11, 7, 9         
                                144, 174, 219         8, 4, 11            
илтгэл                          122, 139, 147         14, 10, 17          
сонсогч                         122, 139, 147, 219    17, 11, 19, 15      
хэсэгчилсэн дайчилгаа           137                   4                   
цэргийн алба                    141                   18                  
улсын захиалга-даалгавар        150                   6                   
улсын захиалга-даалгавр         150                   6                   
зохицуулалт                     159                   3                   
санал                           159, 188, 200         12, 12, 21          
гишүүн                          165, 170, 176, 177    7, 7, 7, 12         
удирдамж@@                      166                   9                   
шалгагч                         167, 195, 329, 351    12, 13, 4, 9        
мэдээ                           167, 196, 292, 361    14, 5, 22, 6        
төсвийн төсөл                   169, 229              4, 4                
төсвийн захирагч                169, 229              10, 12              
төсөл                           184, 190, 200, 241    14, 7, 11, 7        
цэргийн техник                  188                   4                   
дайчилгааны сургалт             191, 258, 304, 305    5, 4, 1, 1          
                                336                   13                  
туслагч                         195                   14                  
төсөв                           221, 323              7, 9                
бие бүрэлдэхүүн                 226                   14                  
шилжүүлэх байр                  234                   2                   
аюул                            266                   10                  
мэдэгдэл                        271, 327, 329         9, 16, 20           
захирамж                        273                   14                  
үүрэг гүйцэтгэгч                275, 348              10, 11              
тоног төхөөрөмж                 279, 292, 293         11, 11, 7           
аэродром                        279                   8                   
усан замын тээвэр               280                   3                   
ашиглалт                        280, 295, 343         14, 5, 30           
авто тээврийн хэрэгсэл          281                   3                   
тээврийн хэрэгсэл               282, 285              10, 2               
агаар                           283                   3                   
мал                             283                   7                   
тээвэрлэгч                      290                   6                   
барилга байгууламж              292, 293              9, 4                
галт зэвсэг                     301                   6                   
ажилтан                         306, 313              5, 10               
улсын төсөв                     316                   5                   
улсын  төсөв                    316                   5                   
тэтгэвэр авагч                  331                   29                  
оролцогч                        334                   3                   
эмнэлэг                         334                   11                  
тэмдэглэл                       336                   21                  
төрийн нууц                     357                   13                  
нууцын зэрэглэл                 359                   2                   
нийтийн мэдээлэл                361                   9                   
орон нутгийн төсөв              364                   6                   
хуулийн этгээд                  370                   5                   
