File: MNCLW00085.txt
Search Method: Trie (MWE + Single-Word)
Total runtime: 0.006179s
Found terms: 503

Term                            Line                  Word Place          

валют                           7, 13, 13, 14         1, 5, 22, 4         
                                15, 18, 32, 33        2, 2, 6, 4          
                                37, 38, 39, 39        11, 19, 11, 15      
                                40, 40, 42, 43        11, 15, 14, 8       
                                45, 45, 48, 48        5, 10, 10, 16       
                                52, 53, 55, 56        1, 1, 4, 2          
                                58, 59, 62, 68        6, 7, 3, 3          
                                69, 70, 72, 76        4, 3, 6, 2          
                                77, 83, 85, 87        2, 2, 15, 6         
                                87, 88, 90, 100       24, 12, 9, 2        
                                101, 113, 117, 118    2, 4, 4, 9          
                                119, 136, 142, 143    13, 10, 1, 1        
                                145, 147, 148, 149    8, 4, 2, 2          
                                149, 151, 151, 153    14, 2, 12, 4        
                                155, 156, 158, 159    2, 2, 11, 15        
                                160, 162, 166, 167    5, 17, 16, 2        
                                168, 168, 168, 169    2, 7, 21, 2         
                                170                   7                   
зохицуулалт                     7, 13, 14, 15         2, 6, 5, 3          
                                52, 53, 55, 62        2, 2, 5, 4          
                                68, 155, 167          4, 3, 3             
нийтлэх                         10, 11                1, 1                
аж ахуйн нэгж                   13, 87, 109, 130      14, 19, 4, 28       
                                134, 136, 145, 155    10, 2, 4, 9         
                                168, 170              18, 2               
валютын гүйлгээ                 13, 71, 73, 74        19, 12, 4, 12       
                                80, 81, 82, 83        1, 1, 4, 18         
                                86, 89, 99, 139       6, 7, 2, 7          
                                157, 161, 162, 166    2, 2, 2, 10         
хяналт тавих                    13, 64, 74, 144       24, 10, 15, 4       
                                145, 159              20, 18              
үндэсний валют                  13, 18, 19, 84        28, 6, 2, 10        
                                85                    4                   
байгууллага                     13, 13, 33, 38        10, 17, 11, 16      
                                39, 40, 87, 109       8, 8, 22, 7         
                                122, 130, 134, 136    13, 31, 13, 5       
                                144, 145, 153, 155    6, 7, 6, 12         
                                158, 167, 168, 169    4, 20, 16, 4        
                                170                   5                   
иргэн                           13, 87, 109, 115      18, 23, 8, 4        
                                124, 136, 155, 161    4, 6, 8, 13         
                                162, 168, 170         34, 15, 6           
журам                           16, 76, 85, 100       11, 7, 18, 8        
                                101, 113, 119, 170    8, 33, 16, 15       
мөрдөгч                         16, 158, 177, 178     19, 13, 12, 12      
валютын үнэт зүйлс              18, 22                24, 2               
гадаадын валют                  18, 20, 20, 21        8, 2, 32, 18        
                                23, 35, 43, 43        11, 4, 4, 16        
                                43, 44, 46, 46        34, 3, 7, 24        
                                63, 71, 84, 85        2, 5, 4, 8          
                                88, 91, 92, 93        15, 2, 2, 2         
                                94, 95, 96, 97        2, 9, 9, 2          
                                98, 104, 105, 106     2, 3, 3, 2          
                                107, 108, 109, 110    2, 5, 9, 24         
                                112, 113, 116, 120    18, 29, 10, 13      
                                124, 125, 140         7, 4, 25            
гадаад валют                    18, 20, 20, 21        8, 2, 32, 18        
                                23, 35, 43, 43        11, 4, 4, 16        
                                43, 44, 46, 46        34, 3, 7, 24        
                                63, 71, 84, 85        2, 5, 4, 8          
                                88, 91, 92, 93        15, 2, 2, 2         
                                94, 95, 96, 97        2, 9, 9, 2          
                                98, 104, 105, 106     2, 3, 3, 2          
                                107, 108, 109, 110    2, 5, 9, 24         
                                112, 113, 116, 120    18, 29, 10, 13      
                                124, 125, 140         7, 4, 25            
тооцооны нэгж                   18                    19                  
мөнгөжсөн алт                   18, 21, 22, 34        21, 2, 6, 9         
төлбөр                          18, 19, 19, 20        16, 7, 19, 7        
                                20, 57, 63, 64        23, 10, 7, 5        
                                65, 73, 91, 92        8, 7, 6, 6          
                                120, 128, 130, 138    3, 20, 21, 6        
                                139, 140, 157, 161    10, 10, 5, 5        
                                162                   4                   
үнэт цаас                       19, 20, 36, 36        23, 27, 7, 14       
төлбөрийн хэрэгсэл              19, 20, 112           25, 29, 24          
үнэт металл                     22                    9                   
эрдэнийн чулуу                  22                    11                  
цэвэршүүлсэн алт                23, 59, 87            2, 5, 25            
шуудан                          23                    13                  
валютын харилцаанд оролцогч байнга оршин суугч  24                    2                   
байнга оршин суугч              24, 25, 25, 29        9, 4, 8, 5          
                                112, 113, 115         13, 19, 16          
зорчигч                         25                    17                  
хүн                             25, 29, 174           20, 18, 4           
хуулийн этгээд                  26, 30, 174           12, 12, 5           
төлөөлөгчийн газар              26, 27, 30, 31        18, 8, 19, 8        
                                31                    16                  
салбар                          26, 30, 31, 140       17, 18, 15, 24      
валютын харилцаанд оролцогч, түр оршин суугч  28                    2                   
түр оршин суугч                 28, 116, 119, 140     9, 4, 6, 4          
олон улсын байгууллага          31                    11                  
банк                            33, 34, 42, 45        14, 4, 4, 3         
                                48, 84, 87, 89        5, 2, 17, 5         
                                90, 99, 108, 111      3, 7, 3, 2          
                                116, 120, 120, 126    9, 8, 16, 7         
                                130, 130, 134, 139    7, 26, 8, 12        
                                140, 140              15, 23              
санхүүгийн байгууллага          34, 48, 126, 130      5, 7, 8, 8          
                                138                   9                   
зээл                            39, 40, 57, 65        27, 27, 6, 6        
                                97, 98, 115, 116      4, 4, 23, 18        
                                125, 128, 130, 132    6, 19, 11, 8        
                                134, 134, 136         6, 16, 11           
монгол улсын валютын зах        41, 42                4, 19               
үйл ажиллагаа                   42, 83, 90, 91        17, 16, 12, 8       
                                92, 168               8, 8                
компани                         42                    7                   
хэрэглэгч                       43                    25                  
зарлаг                          43, 46                42, 38              
уригч                           44                    7                   
тохиолдол                       44, 169, 170          19, 12, 17          
шийдвэр                         44, 59                30, 11              
гаалийн болон бусад татвар ногдуулах  46                    17                  
орлого                          46, 112, 112          10, 17, 34          
хөрөнгө                         46, 106, 107, 115     28, 9, 9, 21        
                                130, 134, 168         13, 19, 22          
төрийн байгууллага              52, 53                4, 4                
тал                             52, 53, 55, 62        3, 3, 6, 5          
                                68, 132, 163, 166     5, 17, 5, 15        
талууд                          52, 53, 55, 62        3, 3, 6, 5          
                                68, 132, 163, 166     5, 17, 5, 15        
газар                           57, 61, 62, 65        5, 5, 2, 5          
                                73, 126, 128, 128     3, 11, 3, 10        
                                128, 130, 134, 139    22, 15, 3, 6        
                                145, 159              11, 3               
төсөл                           57                    12                  
улсын нөөц                      59                    2                   
арга хэмжээ                     63, 70                10, 7               
зохиогч                         64                    7                   
санал                           65, 72, 166           10, 14, 21          
төлбөр тооцоо                   71, 125               15, 7               
үр                              72                    20                  
гүйцэтгэгч                      73, 84, 102, 103      9, 15, 9, 9         
                                111, 138              4, 12               
төлбөр тооцоо хийх              74, 166               6, 7                
тайлан                          76, 77, 100, 101      4, 5, 5, 5          
                                157                   10                  
мэдээ                           76, 161, 168          5, 14, 14           
зээлдэгч                        83, 110, 116          7, 30, 14           
монгол улсын хил                85, 117               10, 5               
сан                             85, 115, 128, 128     21, 26, 12, 15      
                                139, 159              2, 23               
зөвшөөрөл                       90, 102, 103, 138     7, 8, 8, 11         
                                166                   13                  
ажил                            97, 98, 108, 113      13, 13, 7, 5        
харилцагч                       104, 105, 106, 107    2, 2, 5, 5          
хангагч                         104, 105, 162         10, 10, 12          
хүү                             106, 107, 132         12, 12, 10          
үйлчилгээ                       108, 113              8, 6                
гэрээ                           116                   17                  
гадаадын иргэн                  118, 119              5, 9                
харьяалалгүй хүн                118, 119              7, 11               
гаалийн байгууллага             118                   10                  
гаалийн мэдүүлэг                121                   8                   
гадаадын зээл                   126, 128              14, 6               
гадаад зээл                     126, 128              14, 6               
шугам                           126, 128              12, 4               
санхүүгийн зохицуулах хороо     145                   13                  
шалгагч                         155, 156, 157, 158    19, 7, 14, 15       
монгол улсын олон улсын гэрээ   159                   4                   
ашиглалт                        159                   16                  
тодорхойлолт                    161                   15                  
тайлбар                         161, 162              16, 44              
этгээд                          164                   8                   
хэрэг бүртгэгч                  167                   16                  
мөрдөн байцаагч                 167                   18                  
шинжээч                         167, 173              11, 10              
арбитрын хэлэлцээр              170                   11                  
