File: MNCLW00259.txt
Search Method: Aho-Corasick
Total runtime: 0.011683s
Found terms: 1186

Term                            Line                  Word Place          

сан                             8, 13, 13, 13         3, 23, 25, 31       
                                23, 27, 49, 65        4, 3, 11, 5         
                                79, 80, 81, 84        1, 1, 4, 25         
                                86, 89, 89, 90        13, 11, 16, 11      
                                90, 91, 92, 95        16, 11, 8, 4        
                                96, 96, 98, 98        31, 33, 30, 35      
                                99, 99, 101, 116      30, 35, 3, 10       
                                117, 118, 118, 119    10, 3, 11, 3        
                                119, 151, 168, 172    11, 3, 4, 1         
                                173, 174, 176, 177    1, 6, 6, 6          
                                183, 184, 201, 248    4, 8, 9, 9          
                                250, 251, 370, 400    4, 9, 4, 4          
                                401, 415, 417, 419    2, 8, 8, 4          
                                441, 445              3, 3                
нийтлэх                         10, 11, 18            1, 1, 14            
сангийн хөрөнгө                 13, 24, 37, 54        34, 5, 4, 5         
                                64, 66, 101, 103      10, 5, 11, 14       
                                105, 155, 165, 169    14, 7, 12, 6        
                                244, 277, 279, 382    11, 2, 7, 3         
                                383, 398              6, 5                
үйл ажиллагаа                   13, 24, 29, 30        41, 13, 15, 27      
                                31, 49, 49, 73        15, 12, 39, 4       
                                77, 87, 104, 105      5, 30, 8, 27        
                                137, 141, 151, 152    10, 9, 7, 7         
                                153, 162, 188, 196    4, 16, 8, 10        
                                201, 202, 208, 209    10, 11, 5, 5        
                                234, 237, 243, 248    5, 6, 7, 12         
                                254, 258, 259, 272    14, 3, 3, 2         
                                275, 276, 278, 279    2, 5, 6, 16         
                                296, 319, 323, 324    12, 2, 12, 6        
                                325, 331, 343, 349    3, 3, 13, 13        
                                351, 362, 368, 375    21, 4, 16, 4        
                                376, 382, 390, 401    28, 11, 10, 5       
                                402, 406, 409, 410    4, 5, 2, 4          
                                414, 415, 416, 417    4, 11, 4, 11        
                                424, 425, 426, 429    4, 4, 5, 5          
                                431, 433, 433         4, 4, 8             
орлого                          13, 30, 30, 31        11, 4, 17, 5        
                                86, 87, 88, 88        5, 40, 20, 23       
                                93, 98, 99, 102       23, 14, 14, 12      
                                140, 168, 176, 177    12, 17, 8, 8        
                                370                   6                   
хөрөнгө                         13, 18, 22, 23        29, 2, 17, 2        
                                23, 24, 24, 26        13, 2, 7, 2         
                                30, 38, 41, 42        18, 2, 2, 2         
                                46, 48, 52, 55        2, 2, 2, 2          
                                61, 67, 68, 71        12, 2, 2, 2         
                                71, 72, 72, 73        4, 2, 4, 2          
                                75, 77, 89, 90        7, 2, 13, 13        
                                98, 99, 103, 107      24, 24, 2, 4        
                                108, 114, 115, 116    4, 17, 17, 6        
                                117, 127, 133, 135    6, 2, 12, 2         
                                153, 158, 158, 159    2, 2, 16, 5         
                                159, 160, 160, 160    8, 3, 24, 28        
                                161, 161, 165, 168    2, 5, 20, 6         
                                179, 181, 208, 209    2, 2, 2, 2          
                                216, 232, 232, 235    5, 7, 17, 2         
                                247, 262, 270, 279    13, 2, 10, 10       
                                327, 327, 327, 328    4, 7, 11, 8         
                                360, 367, 368, 369    4, 4, 10, 2         
                                369, 375, 391, 399    6, 2, 2, 10         
                                407, 427, 429         2, 2, 2             
зохиогч                         13, 18, 47, 320       38, 8, 10, 3        
                                362                   15                  
үр                              13, 30, 30, 42        54, 9, 30, 3        
                                66, 140, 141, 324     7, 8, 11, 8         
                                325, 326, 367, 368    7, 9, 9, 13         
                                406                   7                   
удирдлага                       13, 18, 18, 24        56, 3, 7, 3         
                                26, 46, 48, 52        3, 3, 3, 3          
                                62, 67, 73, 103       8, 3, 3, 3          
                                127, 135, 135, 153    3, 3, 5, 3          
                                179, 181, 208, 209    3, 3, 3, 3          
                                232, 232, 251, 265    8, 18, 10, 5        
                                325, 327, 348, 349    2, 2, 2, 2          
                                351, 352, 354, 356    2, 2, 2, 2          
                                357, 359, 362, 372    2, 2, 14, 2         
                                377, 379, 380, 381    4, 2, 2, 2          
                                382, 383, 392, 407    2, 2, 2, 3          
                                412, 420, 429         3, 2, 3             
үйлчлэгч                        16, 212               5, 14               
хуулийн этгээд                  18, 75, 87, 137       5, 5, 34, 6         
                                180, 208, 209, 235    5, 8, 8, 11         
                                444                   5                   
сангийн хөрөнгийн удирдлага     19, 26, 27, 29        3, 22, 9, 12        
                                30, 30, 44, 102       6, 24, 4, 4         
                                124, 125, 140, 141    1, 1, 5, 6          
                                152, 202, 277, 323    4, 8, 10, 7         
                                368, 406, 426         6, 2, 2             
тодорхойлолт                    20                    7                   
хэрэглэгч                       21                    3                   
үнэт цаасны зах зээл            22, 34, 35            5, 6, 5             
бусад этгээд                    25, 343, 373          13, 39, 7           
газар                           26, 83, 92, 98        19, 17, 16, 8       
                                99, 101, 104, 105     8, 22, 23, 40       
                                118, 118, 119, 119    23, 28, 23, 28      
                                138, 139, 140, 142    18, 7, 20, 16       
                                143, 144, 146, 148    26, 6, 21, 19       
                                176, 177, 180, 181    4, 4, 11, 16        
                                183, 184, 196, 213    11, 6, 6, 6         
                                217, 218, 219, 220    14, 23, 6, 6        
                                233, 234, 235, 236    18, 19, 22, 4       
                                237, 238, 240, 242    16, 15, 6, 16       
                                243, 244, 245, 249    27, 6, 15, 6        
                                253, 254, 256, 261    6, 6, 6, 8          
                                266, 267, 277, 279    7, 7, 5, 3          
                                289, 292, 293, 298    6, 31, 6, 20        
                                301, 302, 308, 310    6, 6, 6, 10         
                                318, 326, 344, 376    11, 16, 5, 15       
                                377, 386, 393, 414    12, 26, 6, 20       
                                415, 416, 417, 421    6, 35, 6, 7         
                                422, 431, 435, 436    7, 17, 6, 6         
төрийн өмчит хуулийн этгээд     27                    22                  
зөвлөл                          28, 28, 29, 49        3, 6, 10, 4         
                                49, 50, 50, 104       9, 6, 11, 5         
                                138, 139, 142, 143    27, 11, 2, 12       
                                146, 147, 148, 149    2, 8, 11, 8         
                                150, 151, 186, 189    2, 2, 2, 2          
                                192, 195, 196, 196    2, 5, 9, 17         
                                197, 198, 205, 210    2, 2, 2, 2          
                                217, 218, 219, 220    19, 7, 22, 9        
                                221, 229, 234, 237    2, 2, 2, 4          
                                238, 238, 254, 271    2, 7, 11, 2         
                                287, 292, 292, 293    3, 10, 20, 14       
                                293, 294, 294, 296    22, 2, 12, 19       
                                296, 298, 299, 300    28, 2, 5, 8         
                                300, 301, 302, 303    11, 9, 9, 2         
                                306, 311, 311, 312    2, 2, 5, 2          
                                312, 313, 314, 314    14, 2, 2, 7         
                                314, 315, 316, 326    12, 5, 2, 2         
                                330, 331, 332, 332    5, 2, 2, 12         
                                333, 334, 335, 335    2, 2, 2, 16         
                                336, 337, 338, 340    10, 5, 2, 2         
                                341, 348, 351, 353    2, 10, 5, 7         
                                357, 360, 366, 366    8, 2, 2, 8          
                                370, 378, 380, 381    27, 2, 18, 19       
                                383, 384, 393, 428    4, 14, 9, 2         
байгууллага                     28, 138, 210, 211     13, 8, 7, 18        
                                213, 218, 218, 236    13, 28, 35, 14      
                                250, 251, 262, 281    13, 8, 11, 8        
                                285, 296, 300, 308    21, 8, 5, 16        
                                309, 310, 370, 376    9, 2, 25, 25        
                                377, 377, 379, 381    22, 32, 4, 15       
                                382, 384, 420, 429    22, 7, 13, 13       
хангагч                         29, 50, 67, 155       7, 15, 10, 24       
                                166, 198, 246, 254    12, 6, 6, 17        
                                282, 283, 286, 288    6, 9, 7, 11         
                                296, 306, 307, 343    23, 6, 18, 10       
                                372, 374              5, 9                
хөрөнгө оруулалт                30, 31, 57, 59        2, 2, 7, 7          
                                86, 102, 131, 137     2, 9, 3, 14         
                                157, 168, 170, 235    5, 14, 8, 7         
                                265, 338, 343, 375    2, 6, 11, 13        
                                376                   26                  
хүү                             30                    13                  
сангийн хөрөнгө оруулалтын орлого  31                    7                   
хувийн ашиг сонирхол            32, 33                9, 13               
ашиг сонирхлын зөрчил           32, 33, 336           13, 17, 5           
урьдчилан сэргийлэх             32, 33                16, 20              
менежментийн компани            34, 386, 399          3, 3, 14            
этгээд                          34, 49, 159, 163      14, 15, 11, 3       
                                205, 208, 217, 296    5, 19, 8, 24        
                                307, 322, 323, 343    7, 5, 15, 16        
                                358, 380, 441         9, 21, 8            
үүсмэл                          35, 93, 157           2, 7, 2             
төрийн байгууллага              46, 47                5, 12               
сонгогч                         47, 104, 190, 192     4, 11, 4, 4         
                                211, 212, 213, 217    4, 6, 8, 22         
                                218, 219, 238, 245    25, 24, 4, 4        
                                255, 283, 285, 289    3, 2, 12, 12        
                                290, 292, 294, 296    14, 24, 23, 30      
                                298, 311, 322, 322    4, 15, 9, 13        
                                323, 339, 355, 436    16, 10, 13, 17      
                                436                   21                  
гэрээ                           47, 48, 155, 156      7, 10, 25, 6        
                                189, 190, 191, 220    4, 6, 3, 14         
                                293, 301, 322, 351    24, 14, 14, 12      
                                353, 354, 364, 364    9, 10, 3, 16        
                                436                   22                  
ашиг сонирхлын зөрчилтэй гэж ойлгогдохуйц нөхцөл байдал  49                    28                  
эрх бүхий албан тушаалтан       49, 308, 345          17, 25, 6           
гүйцэтгэх удирдлага             49, 50, 170, 271      21, 8, 16, 3        
                                322, 346, 347, 347    2, 5, 2, 5          
                                350, 358, 364, 381    2, 3, 6, 20         
                                384, 386, 428         19, 19, 4           
гишүүн                          49, 50, 92, 98        10, 7, 17, 9        
                                99, 101, 105, 138     9, 23, 41, 19       
                                139, 140, 144, 146    8, 21, 7, 22        
                                181, 184, 189, 190    17, 7, 3, 3         
                                192, 196, 198, 207    3, 7, 3, 2          
                                210, 217, 217, 218    11, 15, 20, 8       
                                219, 219, 220, 220    7, 23, 7, 10        
                                221, 233, 234, 238    3, 19, 20, 3        
                                238, 245, 245, 246    16, 3, 16, 3        
                                253, 254, 286, 289    7, 7, 4, 7          
                                293, 293, 293, 294    7, 15, 23, 20       
                                295, 296, 298, 298    15, 29, 3, 21       
                                301, 301, 302, 302    7, 10, 7, 10        
                                303, 306, 311, 311    3, 3, 7, 10         
                                312, 318, 333, 334    17, 12, 3, 11       
                                335, 339, 345, 352    17, 4, 4, 19        
                                355, 386, 393, 415    12, 27, 7, 7        
                                417, 422, 431, 435    7, 8, 18, 7         
                                436                   7                   
оролцогч                        49, 208, 209, 215     14, 7, 7, 5         
ажилтан                         49, 202, 210, 309     23, 6, 14, 15       
                                345, 365              15, 2               
шийдвэр                         49, 60, 74, 165       37, 3, 9, 3         
                                165, 170, 242, 247    16, 7, 9, 15        
                                261, 262, 292, 293    6, 4, 33, 11        
                                297, 327, 328, 335    14, 9, 14, 28       
                                348, 356, 357, 362    8, 7, 6, 19         
                                375, 376, 393, 421    6, 30, 23, 9        
ил тод байх зарчим              51                    5                   
талууд                          52, 142, 336, 369     4, 5, 8, 10         
тал                             52, 142, 336, 369     4, 5, 8, 10         
мэдээлэл                        52, 53, 279, 362      7, 7, 19, 13        
                                420, 426              5, 9                
журам                           52, 96, 101, 118      13, 19, 14, 17      
                                119, 210, 217, 238    17, 5, 5, 9         
                                245, 281, 298, 298    9, 23, 6, 14        
                                321, 323, 341, 352    3, 18, 7, 22        
                                366, 367, 433         13, 7, 19           
үнэ цэнэ                        55, 140               4, 3                
эрсдэл                          56, 58, 59, 131       7, 5, 13, 8         
зах зээл                        59, 61, 169           10, 9, 8            
тохиолдол                       64, 87, 147, 154      5, 20, 4, 6         
                                155, 188, 233, 237    6, 6, 12, 2         
                                277, 292, 293, 294    7, 18, 20, 10       
                                303, 312, 340, 352    7, 12, 6, 5         
                                354, 358, 364, 380    15, 7, 11, 16       
                                381, 386              17, 18              
төлбөр                          64, 160, 165          8, 11, 22           
хөрөнгө оруулалтын стратеги     70, 145, 146, 147     2, 4, 3, 9          
                                150, 151, 230, 234    3, 15, 3, 7         
                                262, 317, 368, 381    6, 2, 2, 3          
                                405                   3                   
мөрдөгч                         70, 91, 100, 109      6, 47, 31, 42       
                                113, 122, 178, 352    30, 23, 35, 30      
                                448                   12                  
тусгаарлах                      71, 72                5, 5                
тайлан                          74, 151, 234, 279     7, 20, 13, 18       
                                400, 412, 418, 433    5, 4, 6, 6          
дүгнэлт                         74, 149, 151, 187     8, 11, 21, 4        
                                230, 231, 243, 413    10, 17, 19, 2       
                                417, 417, 424, 424    21, 24, 11, 13      
зөвлөмж                         74, 230, 231, 235     10, 11, 15, 15      
                                243, 310, 326, 423    20, 3, 3, 3         
                                423                   5                   
эс үйлдэхүй                     76                    7                   
төрийн өмчийн оролцоотой хуулийн этгээд  83                    8                   
ашиглалтын тусгай зөвшөөрөл     83                    4                   
хувьцаа                         83, 209, 270          21, 10, 2           
нөөц ашигласны төлбөр           84, 93                14, 16              
ашигт малтмал                   84, 87, 93, 93        12, 21, 10, 14      
ашигт малтмал ашиглах           87                    27                  
зам                             87, 164, 164, 282     12, 2, 4, 11        
                                289                   13                  
суурь жил                       88                    21                  
бүтээгдэхүүн                    93                    12                  
ажил                            96, 192, 211, 255     26, 5, 29, 5        
                                285, 296, 343, 379    7, 33, 28, 5        
                                393                   18                  
хөрөнгө оруулалтын менежментийн компани  101, 383, 384, 399    6, 14, 2, 3         
                                429                   8                   
төсөв                           101, 182, 324         2, 2, 3             
кастодиан                       101                   5                   
заавар                          101, 321, 366         16, 4, 14           
зөвлөх баг                      104, 231, 239, 240    6, 12, 4, 15        
                                240, 245, 254, 415    18, 6, 8, 25        
улсын төсөв                     104                   28                  
улсын  төсөв                    104                   28                  
зөвлөх                          105, 144, 191, 233    31, 16, 2, 22       
                                242, 349, 352, 352    18, 8, 11, 25       
                                355, 361, 369, 386    9, 4, 14, 29        
сангийн хөрөнгө оруулалтын цэвэр орлого  110                   5                   
иргэн                           114, 115, 203, 281    10, 10, 3, 13       
                                282, 282, 283, 284    7, 14, 12, 19       
                                290, 291              7, 8                
санал                           118, 119, 138, 143    25, 25, 28, 19      
                                210, 231, 235, 236    16, 14, 14, 17      
                                237, 294, 295, 311    10, 22, 20, 9       
                                314, 339, 369         9, 6, 11            
асран хамгаалагч, харгалзан дэмжигч  120, 121              6, 6                
хүсэлт                          120, 121, 223, 287    14, 14, 12, 7       
зорилтот түвшин                 129                   2                   
хөрөнгө оруулах хэрэгсэл        132, 133, 137, 160    7, 5, 3, 16         
валют                           134, 263              4, 5                
нэгж                            137, 265, 327, 345    2, 12, 3, 11        
шуудан                          137, 137, 160, 217    17, 19, 7, 21       
                                318                   13                  
захиргаа                        138, 250, 251, 281    6, 11, 6, 6         
                                285, 296, 344, 370    19, 6, 14, 23       
                                420                   11                  
төсөл                           138, 252              10, 2               
хяналт тавих                    139, 150, 181, 182    14, 8, 8, 9         
                                196, 230, 232, 234    12, 8, 22, 27       
                                325                   5                   
тайлбар                         143                   15                  
даруй                           143, 148, 233, 386    29, 13, 24, 31      
мэдэгдэл                        144, 393              8, 14               
зээл                            154, 155, 155, 165    7, 10, 12, 6        
                                165, 166, 168, 169    34, 6, 7, 2         
                                170                   5                   
батлан даалт                    155, 200              14, 2               
хэлцэл                          155, 156, 351, 354    26, 7, 10, 11       
үнэт цаас                       163, 199              5, 4                
үл хөдлөх эд хөрөнгө            164                   18                  
инженерийн дэд бүтэц            164                   14                  
нисэх буудал                    164                   5                   
хот байгуулалт                  164                   8                   
үнэлгээ                         169, 216, 367         10, 6, 6            
аудитор                         182, 236, 309, 415    8, 7, 21, 24        
баримт бичиг                    186, 231              16, 6               
зохион байгуулагч               192, 255, 285, 291    6, 6, 22, 13        
                                295, 363              9, 7                
мэргэжил                        199, 213, 253, 376    12, 10, 12, 45      
                                377                   35                  
өр                              200                   8                   
хүн                             201, 201, 210, 211    2, 7, 20, 31        
                                217, 248, 248, 248    17, 2, 7, 11        
                                347, 348, 358, 382    9, 4, 2, 19         
                                433, 444              13, 4               
эрдэм шинжилгээний ажилтан      211                   22                  
багш                            211                   25                  
төрийн бус байгууллага          212, 284              17, 12              
банк                            214                   3                   
мэргэжилтэн                     214, 215, 216         4, 9, 11            
холбоо                          214, 215, 216, 216    5, 10, 12, 14       
мэргэжлийн байгууллага          215, 216, 296         6, 8, 15            
санхүүгийн тайлангийн аудит     236                   10                  
гүйцэтгэгч                      250, 251, 264, 296    14, 15, 20, 34      
                                312, 312, 344, 344    9, 21, 8, 16        
                                355, 355, 356, 358    18, 21, 16, 11      
харилцах данс                   263                   6                   
гадаадын валют                  264                   6                   
гадаад валют                    264                   6                   
зарлаг                          264                   13                  
хариуцагч                       265, 356, 377         9, 19, 5            
өөрийн хөрөнгө                  266, 398              2, 2                
мэдээллийн сан                  281, 281              17, 20              
мэргэжлийн холбоо               284                   17                  
өргөдөл                         287                   6                   
хөрөнгийг удирдах               308, 376, 377         13, 22, 19          
санхүүгийн байгууллага          308, 343              20, 19              
тушаал                          308, 377, 379, 380    31, 26, 7, 25       
аудитын үйл ажиллагаа           309                   5                   
хөрөнгө оруулалтын шийдвэр      309                   10                  
мэргэшсэн нягтлан бодогч        309                   18                  
шинжээч                         309, 443              17, 10              
хуульч                          309                   22                  
нээлт                           322, 436              8, 16               
зөвшөөрөл                       323, 383, 384         20, 5, 15           
гарын үсэг зурах                334, 354              12, 20              
тэмдэглэл                       334, 356, 356         5, 8, 13            
баталгаажуулах                  334                   6                   
хамаарал бүхий этгээд           345                   21                  
дүрэм                           349, 352, 353, 361    5, 7, 12, 2         
итгэмжлэл                       351                   20                  
төлбөр тооцоо                   362                   7                   
хөдөлмөрийн гэрээ               365                   3                   
эрсдэлийг бууруулах             368                   18                  
дунд хугацааны төсвийн хүрээний мэдэгдэл  370                   9                   
эрх бүхий этгээд                381, 390              10, 4               
арга хэмжээ                     385                   5                   
санхүүгийн тайлан               403, 404              2, 2                
үйл ажиллагааны зардал          407                   4                   
төсвийн орлого                  408                   2                   
төрийн аудитын байгууллага      416                   16                  
санхүүгийн хэрэгсэл             427                   4                   
бусад оролцогч                  429                   15                  
аудитын байгууллага             433, 436              15, 12              
торгууль                        445                   7                   
