File: MNCLW00671.txt
Search Method: Aho-Corasick
Total runtime: 0.006865s
Found terms: 443

Term                            Line                  Word Place          

нийтлэх                         8, 9                  1, 1                
иргэн                           11, 11, 23, 26        5, 12, 9, 3         
                                29, 32, 32, 50        26, 3, 11, 37       
                                62, 63, 71, 71        19, 19, 3, 6        
                                72, 72, 74, 123       3, 6, 18, 12        
                                124, 129, 130, 131    12, 5, 2, 15        
                                131, 132, 134, 134    28, 2, 3, 7         
                                135, 135, 136, 137    3, 7, 5, 6          
                                138, 138, 139, 139    5, 16, 5, 16        
                                140, 140, 141, 141    9, 10, 9, 10        
                                144, 148, 149, 150    8, 23, 5, 6         
                                153, 154, 161, 163    3, 3, 11, 2         
                                164, 171, 172, 174    2, 4, 5, 1          
                                175, 179, 180, 183    1, 2, 2, 3          
                                184, 186, 188, 188    3, 3, 3, 15         
                                188, 190, 191, 195    19, 4, 4, 4         
                                196, 200, 205, 206    17, 26, 3, 3        
                                207, 208, 211, 212    5, 3, 13, 7         
                                213, 214, 220, 223    5, 16, 17, 3        
                                228, 230, 230, 233    64, 2, 10, 7        
                                234, 236, 241, 242    8, 6, 5, 10         
                                243, 243, 246, 253    5, 22, 14, 3        
                                256, 257, 261, 261    1, 1, 1, 19         
                                262, 262              1, 19               
журам                           14, 77, 104, 105      12, 9, 7, 7         
                                108, 109, 111, 114    16, 16, 10, 9       
                                118, 119, 190, 191    4, 4, 52, 52        
                                205, 206, 209, 213    10, 10, 21, 10      
                                261, 262              30, 30              
мөрдөгч                         14, 267, 268, 269     20, 5, 12, 12       
хүн                             16, 55, 71, 72        3, 2, 15, 15        
                                74, 74, 82, 83        10, 23, 8, 8        
                                86, 87, 123, 124      9, 9, 6, 6          
                                144, 186, 188, 195    12, 26, 22, 9       
                                196, 200, 200, 216    22, 31, 55, 9       
                                220, 242, 242, 243    21, 9, 26, 9        
                                246, 253, 265         13, 13, 4           
байгууллага                     29, 86, 87, 123       41, 5, 5, 13        
                                124, 190, 190, 191    13, 16, 35, 16      
                                191, 195, 196, 200    35, 3, 4, 12        
                                220, 228, 230, 230    29, 33, 25, 31      
                                230, 241, 242, 246    43, 11, 37, 43      
                                256, 257, 261, 262    19, 19, 38, 38      
тодорхойлолт                    29, 216, 228          42, 11, 35          
баримт бичиг                    31, 32, 155, 156      6, 6, 4, 4          
                                218                   26                  
гэрчилгээ                       32, 34                18, 15              
гадаадын иргэн                  34, 57, 65, 66        6, 1, 3, 3          
                                75, 81, 111, 114      26, 4, 21, 12       
                                114, 131, 144, 146    20, 2, 14, 7        
                                186, 188, 214, 218    7, 25, 33, 44       
                                220, 223, 226, 228    3, 11, 10, 7        
                                246, 256, 257         24, 7, 7            
нотлох баримт                   34                    19                  
монгол улсын нутаг дэвсгэр      49, 50, 62, 63        12, 15, 26, 26      
                                186, 200              16, 18              
харьяалалгүй хүн                51, 57, 81, 114       11, 4, 6, 22        
                                179, 180              3, 3                
байнга оршин суугч              53, 62, 63, 200       5, 34, 34, 23       
                                200, 242              48, 6               
хангагч                         59, 65, 66            8, 24, 24           
төрийн албан ёсны хэл           62, 63                6, 6                
талууд                          62, 63, 155, 156      14, 14, 2, 2        
                                195, 196, 211, 216    10, 25, 17, 10      
                                228                   50                  
тал                             62, 63, 155, 156      14, 14, 2, 2        
                                195, 196, 211, 216    10, 25, 17, 10      
                                228                   50                  
өргөдөл                         62, 63, 210           22, 22, 2           
захиргааны байгууллага          65, 66, 111, 114      9, 9, 27, 18        
                                144, 146, 185, 186    20, 13, 4, 13       
                                188, 190, 191, 196    31, 22, 22, 11      
                                214, 218, 220, 223    39, 50, 9, 17       
                                226, 228, 230, 246    16, 13, 7, 30       
                                246, 256, 257         38, 13, 13          
гэмт хэрэг                      68, 69, 82, 83        6, 6, 11, 11        
мэргэжил                        75                    12                  
мэргэшил                        75                    13                  
салбар                          75                    19                  
газар                           77, 190, 191, 200     11, 48, 48, 41      
                                214, 218, 242, 246    31, 17, 44, 21      
үндэсний аюулгүй байдал         84, 85, 195, 228      3, 3, 13, 22        
үйл ажиллагаа                   84, 85                10, 10              
гишүүн                          86, 87                6, 6                
аюул                            88, 89, 127, 128      3, 3, 9, 9          
уригч                           92, 93                5, 5                
хүсэлт                          101, 114, 118, 119    5, 28, 10, 10       
                                123, 124, 125, 126    4, 4, 4, 4          
                                131, 132, 148, 167    18, 15, 20, 13      
                                169, 170, 186, 195    23, 23, 27, 7       
                                196, 200, 200, 205    20, 29, 53, 6       
                                206, 207, 208, 209    6, 8, 6, 10         
                                212, 213, 214, 228    10, 8, 8, 5         
                                228, 233, 236, 237    17, 11, 17, 12      
ял эдэлж байгаа                 106, 107, 125, 126    2, 2, 19, 19        
гоц халдварт өвчин              108, 109              4, 4                
хэрэглэгч                       108, 109              9, 9                
эд хөрөнгө                      123, 124              17, 17              
хүнд гэмт хэрэг                 125, 126              6, 6                
шийдвэр                         125, 126, 161, 177    18, 18, 23, 10      
                                178, 188, 222, 228    10, 7, 10, 42       
                                232, 234, 241, 242    7, 11, 9, 14        
                                242, 255, 256, 257    29, 7, 5, 5         
                                260, 261, 262         7, 28, 28           
хүүхэд үрчлэн авах              131                   10                  
санал                           131, 186, 195, 196    24, 35, 23, 35      
                                218, 220, 228         40, 23, 37          
тохиолдол                       137, 144, 161, 165    3, 7, 14, 14        
                                167, 167, 168, 169    10, 25, 14, 13      
                                170, 172, 233, 233    13, 8, 13, 19       
этгээд                          148                   11                  
мэдээлэл                        155, 156              7, 7                
зөвшөөрөл                       171, 172              8, 12               
төрийн байгууллага              174, 175              4, 4                
улсын бүртгэлийн байгууллага    190, 191, 200, 243    36, 36, 14, 10      
улсын бүртгэл                   190, 191, 196, 246    17, 17, 6, 33       
                                246                   44                  
захиргаа                        190, 191, 200, 230    26, 26, 3, 41       
                                242                   35                  
нэгж                            190, 191, 200         29, 29, 6           
дүгнэлт                         195, 196, 200, 216    17, 36, 59, 12      
                                220, 225, 226, 228    24, 6, 18, 15       
                                228, 228, 228, 230    38, 55, 57, 13      
иргэний бүртгэл                 196                   23                  
гэр бүл                         210                   4                   
нийслэл                         214, 216, 218, 242    10, 5, 5, 16        
сум                             216                   13                  
баримт бичгийн бүрдэл           218                   20                  
шалгагч                         218                   23                  
орчуулагч                       218                   38                  
агуулах                         228                   29                  
ачаа                            228                   44                  
ажилгүй                         230                   21                  
зарлиг                          233, 236, 237         17, 14, 9           
захирамж                        233                   20                  
хариуцагч                       242                   45                  
төлөөлөгчийн газар              243                   18                  
иргэний улсын бүртгэлийн мэдээллийн сан  246                   50                  
хураагч                         246                   22                  
хяналт тавих                    255, 256, 257         9, 25, 25           
гомдол                          260, 261, 262         8, 33, 33           
шинжээч                         264                   10                  
хуулийн этгээд                  265                   5                   
