File: MNCLW00077.txt
Search Method: Aho-Corasick
Total runtime: 0.002393s
Found terms: 209

Term                            Line                  Word Place          

баяжуулсан хүнс                 6, 27, 48, 54         1, 12, 3, 9         
                                78                    2                   
нийтлэх                         8                     1                   
эрүүл мэндийг хамгаалах         10                    7                   
урьдчилан сэргийлэх             10                    14                  
хүн                             10, 92                5, 4                
хүнс                            10, 11, 12, 12        19, 4, 2, 14        
                                15, 16, 16, 19        6, 6, 9, 2          
                                19, 20, 21, 21        15, 4, 4, 7         
                                21, 22, 25, 25        16, 4, 12, 23       
                                28, 29, 31, 33        2, 2, 4, 2          
                                34, 37, 38, 39        2, 3, 2, 2          
                                40, 46, 47, 48        2, 9, 2, 5          
                                49, 50, 51, 51        2, 10, 4, 6         
                                52, 55, 56, 59        8, 4, 2, 2          
                                59, 62, 63, 72        4, 2, 2, 7          
                                76, 77, 79, 79        4, 4, 2, 4          
                                80, 81, 82, 83        3, 4, 2, 4          
                                84, 86, 88, 90        10, 8, 12, 4        
журам                           10, 15, 16, 21        21, 13, 2, 2        
                                25, 27, 32, 47        21, 11, 3, 6        
                                49, 51, 77, 84        9, 2, 2, 2          
                                84                    9                   
тохирлын үнэлгээний итгэмжлэл   12                    27                  
хүнсний бүтээгдэхүүн            12, 59, 86            17, 10, 2           
техникийн зохицуулалт           12, 27                25, 2               
хяналт шалгалт                  12, 86                33, 15              
аюул                            12, 59, 73            19, 12, 10          
хангагч                         12, 54, 59, 64        21, 16, 14, 8       
                                77                    16                  
стандартчилал                   12                    24                  
мөрдөгч                         13, 74, 94            17, 9, 12           
үйлчлэгч                        14, 15, 16            4, 24, 15           
баяжуулагч бэлдмэл              15, 21, 22, 29        15, 20, 5, 7        
                                32, 72, 73, 88        9, 12, 14, 21       
үйлдвэрлэгч                     15, 16, 19, 28        18, 4, 14, 3        
                                28, 29, 47, 59        12, 3, 3, 3         
                                82                    3                   
тодорхойлолт                    17                    6                   
хэрэглэгч                       18, 20, 49            3, 8, 8             
стандарт                        22, 27, 28, 60        9, 19, 9, 6         
                                77, 88                14, 8               
үйл ажиллагаа                   23, 24, 84            4, 5, 5             
зохиогч                         23                    6                   
захиргаа                        25, 46, 50, 51        16, 5, 6, 10        
                                84, 86, 88            14, 12, 16          
байгууллага                     25, 46, 50, 51        18, 7, 8, 12        
                                73, 84, 86, 86        5, 16, 14, 20       
                                88                    18                  
санал                           25, 26                25, 5               
газар                           25, 26, 37            27, 13, 2           
албан журмаар баяжуулах хүнсний жагсаалт  26                    7                   
захиргааны байгууллага          27                    7                   
хариуцагч                       27                    5                   
бүтээгдэхүүн                    27, 28, 29, 77        17, 11, 5, 9        
                                82                    9                   
төрийн байгууллага              30                    6                   
тал                             31, 37, 46, 50        6, 5, 11, 12        
                                54                    13                  
талууд                          31, 37, 46, 50        6, 5, 11, 12        
                                54                    13                  
тоног төхөөрөмж                 32, 65                6, 4                
гаалийн татвар                  32                    13                  
зээл                            32                    15                  
хөтөлбөр                        33, 34, 39, 40        7, 7, 7, 7          
                                42, 43                6, 6                
зохион байгуулагч               38, 52, 54            7, 19, 19           
хяналт тавих                    38                    10                  
хөрөнгө                         42, 43                9, 9                
тээвэрлэгч                      47                    5                   
мэдээллийн сан                  48, 63                14, 12              
үр                              52                    10                  
хүнсний аюулгүй байдал          53                    7                   
зөвлөх                          53                    11                  
ачаа                            54                    11                  
иргэн                           54                    14                  
мэдээлэл                        54, 63, 64            15, 7, 7            
борлуулалт                      63                    6                   
гэрчилгээ                       73, 88                13, 30              
тээвэрлэлт                      74                    6                   
хүнс баяжуулах                  84                    3                   
хүнсийг баяжуулах               84                    3                   
монгол улсын нутаг дэвсгэр      88                    23                  
хүнсний чанар                   88                    6                   
боомт                           88                    2                   
мэдэгдэл                        88                    32                  
шинжээч                         91, 92                10, 11              
хуулийн этгээд                  92                    5                   
