File: MNCLW00553.txt
Search Method: Trie (MWE + Single-Word)
Total runtime: 0.011186s
Found terms: 414

Term                            Line                  Word Place          

нийтлэх                         10, 11, 128           1, 1, 5             
насан туршийн боловсрол         17                    15                  
үйл ажиллагаа                   17, 21, 23, 24        26, 18, 18, 22      
                                25, 26, 27, 28        28, 17, 17, 24      
                                29, 31, 32, 33        15, 21, 18, 19      
                                34, 35, 37, 39        19, 13, 24, 26      
                                41, 94, 99, 136       34, 5, 11, 2        
                                141, 163, 170, 180    4, 23, 2, 5         
                                191, 192, 193, 199    6, 3, 9, 7          
                                212                   9                   
тодорхойлолт                    19                    7                   
хэрэглэгч                       20                    3                   
сургалтын байгууллага           21, 23, 24, 25        21, 28, 32, 38      
                                37                    27                  
хүсэлт                          26, 27, 28, 41        9, 9, 10, 17        
                                95, 101, 188, 212     8, 8, 13, 14        
зөвлөл                          26, 27, 41, 124       12, 12, 20, 6       
                                126, 126, 127, 162    2, 6, 8, 19         
                                166                   10                  
шийдвэр                         26, 27, 28, 41        13, 13, 19, 21      
                                131, 135, 162, 166    6, 7, 20, 11        
                                168, 193              7, 13               
мэргэжлийн байгууллага          28                    16                  
захиргаа                        28, 54, 77, 78        15, 12, 12, 20      
                                78, 90, 96, 97        37, 21, 12, 32      
                                99, 105, 111, 113     28, 13, 8, 20       
                                126                   13                  
ажил                            28, 57, 115, 123      20, 14, 7, 17       
                                138, 142, 145, 148    8, 15, 15, 21       
                                163, 199              12, 2               
нүүдлийн бүлгийн сургалт        31, 211               18, 5               
үндсэн сургалт                  31                    4                   
багш                            31, 33, 35, 35        17, 2, 2, 17        
                                81, 82, 82, 84        5, 4, 12, 9         
                                88, 90, 92, 99        14, 8, 14, 21       
                                103, 109, 113, 123    12, 6, 6, 10        
                                126, 127, 140, 146    4, 6, 2, 2          
                                148, 154, 155, 158    15, 4, 15, 11       
                                158, 158, 162, 176    13, 15, 6, 2        
                                180, 191, 211         12, 5, 2            
стандарт                        32, 33, 34, 41        6, 6, 6, 25         
                                44, 45, 46, 53        5, 5, 8, 9          
                                56, 74, 80, 148       18, 6, 7, 12        
                                167                   4                   
зохиогч                         32, 33, 34, 57        16, 17, 17, 11      
                                69, 70, 94, 160       3, 3, 7, 15         
гэр бүл                         33, 34                8, 8                
үйлчлэгч                        34                    11                  
мэргэжлийн сургалт              35                    20                  
туслагч                         35, 50, 51, 178       18, 15, 21, 13      
                                180, 199, 200         13, 11, 9           
ажилтан                         35, 81, 132, 140      23, 13, 2, 3        
                                144, 146              2, 3                
нийгмийн халамж                 37, 214               4, 13               
сум                             39                    5                   
хүүхдийн цэцэрлэг               41, 104               10, 5               
сургалтын орчин                 41, 146, 188          27, 4, 2            
аюул                            41, 77, 80, 86        23, 5, 15, 5        
                                146, 147, 148, 163    9, 14, 10, 15       
                                168, 170, 188, 201    4, 8, 7, 3          
боловсролын агуулга             44, 45, 46            3, 3, 6             
агуулах                         47                    6                   
ариун цэвэр                     48, 78, 80, 148       8, 11, 13, 8        
                                177, 178, 195         4, 7, 10            
эрүүл ахуй                      48, 56, 78, 146       10, 19, 9, 7        
                                170, 177, 209         4, 2, 18            
хүрээлэн байгаа орчин           49                    6                   
талууд                          49, 54, 86, 135       11, 5, 11, 6        
                                167, 192, 201         9, 12, 9            
тал                             49, 54, 86, 135       11, 5, 11, 6        
                                167, 192, 201         9, 12, 9            
байгууллага                     54, 77, 78, 78        14, 14, 22, 39      
                                85, 88, 90, 90        5, 6, 6, 23         
                                96, 97, 99, 105       14, 34, 30, 15      
                                111, 113, 126, 133    10, 22, 15, 16      
                                134, 149, 160, 173    8, 8, 24, 8         
                                183                   8                   
хангагч                         56, 75, 140, 146      22, 17, 4, 11       
                                147, 160, 170, 177    17, 29, 11, 8       
                                196, 209              16, 23              
зохион байгуулагч               57, 76, 100, 100      24, 15, 8, 23       
                                103, 105, 138, 139    9, 6, 9, 7          
                                142, 145, 145, 148    16, 17, 24, 22      
                                180                   8                   
газар                           57, 59, 61, 117       19, 12, 8, 12       
                                216                   13                  
журам                           57, 59, 61, 105       22, 7, 11, 8        
                                117, 127, 158, 166    10, 5, 7, 8         
                                193                   7                   
үнэлгээ                         58                    7                   
чадамж                          59                    3                   
гишүүн                          59                    13                  
үйлчилгээ                       61, 74, 75, 81        2, 11, 12, 11       
                                98, 101, 133, 173     18, 30, 7, 12       
                                183, 187, 191, 196    12, 6, 4, 10        
                                197, 198              5, 4                
хувилбарт сургалт               63, 64, 76, 99        6, 6, 13, 16        
                                103, 105, 145         7, 4, 11            
шинжээч                         72, 187, 222          10, 5, 10           
мэргэжил                        76, 88, 92, 103       22, 13, 7, 11       
                                115, 125, 158, 160    8, 2, 17, 4         
                                160, 167, 169, 199    25, 15, 19, 3       
дүрэм                           77, 78, 166, 193      3, 8, 7, 6          
гэр цэцэрлэг                    78                    2                   
сувиллын цэцэрлэг               78                    5                   
эрүүл мэнд                      78, 163, 168, 171     14, 13, 2, 2        
                                178, 190              5, 2                
халамжийн цэцэрлэг              78                    25                  
хүнсний эрүүл ахуй              80, 148, 188          10, 5, 4            
барилга байгууламж              80                    3                   
мөрдөгч                         80, 166               22, 12              
туслах багш                     81, 82, 84, 88        6, 5, 11, 15        
                                175                   4                   
аж ахуйн нэгж                   85, 134               2, 5                
төлбөр                          85                    8                   
гэрээ                           86, 134, 201          21, 12, 17          
салбар бүлэг                    87                    7                   
нийгмийн ажилтан                88, 109               20, 7               
биеийн тамир                    92                    12                  
санал                           95, 97, 101, 127      7, 26, 7, 9         
                                188, 191              12, 12              
гамшиг                          97                    7                   
нийслэл                         97                    23                  
тохиолдол                       100, 101, 162, 168    18, 22, 10, 9       
тусгай цэцэрлэг                 107                   4                   
хөгжлийн бэрхшээлтэй суралцагч  109                   10                  
багшийн хөгжил                  115                   2                   
нэмэгдэл                        115, 117              11, 5               
удирдлага                       120, 121, 122, 124    2, 2, 5, 3          
                                125, 160              5, 28               
сонгогч                         132, 187              3, 8                
хэлцэл                          134                   13                  
хяналт тавих                    138, 188, 191, 192    11, 16, 10, 15      
хөтөлбөр                        139, 193              3, 5                
мэргэшил                        140, 160              13, 7               
төсөв                           141, 141              2, 10               
хөрөнгө                         141                   11                  
үр                              141, 144              14, 4               
мэдээ                           142                   7                   
оролцогч                        152, 153              5, 5                
боловсролын байгууллага         155                   3                   
зөвлөх                          158                   14                  
төлбөр авагч                    162                   15                  
иргэн                           166                   19                  
мэдээлэл                        171, 190, 192         16, 8, 13           
гомдол                          188                   14                  
хандив                          192                   9                   
ашиглалт                        192                   11                  
хариуцагч                       195, 198, 203, 212    15, 11, 6, 20       
улсын төсөв                     209, 211, 214, 216    33, 14, 22, 7       
улсын  төсөв                    209, 211, 214, 216    33, 14, 22, 7       
салбар                          212                   7                   
хуулийн этгээд                  223                   5                   
хүн                             223                   4                   
