File: MNCLW00383.txt
Search Method: Trie (MWE + Single-Word)
Total runtime: 0.080088s
Found terms: 4350

Term                            Line                  Word Place          

төрийн ордон                    5                     1                   
хүү                             5, 142, 221, 315      4, 25, 4, 29        
                                365, 471, 491, 494    22, 17, 6, 26       
                                518, 579, 609, 614    14, 6, 20, 15       
                                664, 700, 701, 702    2, 4, 4, 12         
                                779, 786, 787, 863    13, 29, 15, 5       
                                1009, 1162, 1183, 1183  5, 18, 5, 10        
                                1183, 1183, 1183, 1183  20, 32, 38, 48      
                                1233, 1277, 1312, 1312  23, 23, 12, 16      
шүүх                            6, 13, 13, 13         3, 7, 26, 38        
                                13, 14, 15, 18        42, 5, 3, 2         
                                18, 19, 20, 21        14, 5, 12, 22       
                                27, 30, 31, 33        2, 1, 1, 3          
                                34, 35, 37, 37        4, 3, 3, 11         
                                37, 38, 38, 39        16, 7, 15, 5        
                                39, 39, 39, 39        8, 14, 18, 25       
                                41, 41, 42, 43        6, 7, 3, 17         
                                45, 48, 49, 50        4, 41, 4, 38        
                                53, 56, 58, 66        12, 6, 3, 5         
                                71, 72, 76, 77        25, 25, 3, 3        
                                79, 79, 80, 80        3, 17, 3, 14        
                                80, 80, 81, 82        17, 23, 18, 11      
                                82, 82, 85, 85        21, 27, 3, 5        
                                85, 87, 89, 90        17, 24, 3, 3        
                                92, 93, 93, 94        3, 3, 5, 11         
                                99, 100, 104, 113     6, 3, 13, 2         
                                115, 115, 116, 125    5, 9, 10, 3         
                                125, 126, 131, 133    12, 15, 3, 7        
                                136, 137, 142, 144    2, 28, 15, 19       
                                147, 149, 152, 154    2, 3, 14, 18        
                                157, 157, 162, 171    8, 13, 6, 8         
                                174, 178, 181, 183    3, 18, 16, 5        
                                190, 190, 191, 192    49, 59, 10, 12      
                                197, 198, 199, 200    3, 3, 5, 5          
                                201, 201, 202, 203    3, 6, 3, 3          
                                204, 205, 206, 207    3, 3, 15, 3         
                                210, 210, 210, 212    6, 8, 13, 3         
                                214, 216, 217, 218    4, 3, 7, 4          
                                218, 219, 229, 230    14, 7, 5, 3         
                                231, 231, 231, 232    3, 9, 26, 3         
                                233, 234, 235, 236    3, 3, 5, 5          
                                237, 238, 239, 240    3, 3, 3, 3          
                                242, 243, 243, 246    5, 3, 19, 5         
                                247, 248, 251, 252    5, 3, 21, 3         
                                258, 259, 260, 261    6, 4, 4, 4          
                                261, 261, 262, 263    15, 26, 4, 4        
                                266, 267, 273, 274    10, 13, 11, 6       
                                274, 275, 276, 277    12, 3, 3, 7         
                                277, 278, 278, 278    18, 3, 10, 12       
                                279, 281, 281, 295    3, 3, 16, 4         
                                296, 301, 301, 312    3, 3, 18, 5         
                                321, 345, 348, 349    12, 33, 6, 19       
                                353, 353, 354, 354    3, 8, 3, 5          
                                354, 355, 356, 359    9, 20, 4, 3         
                                359, 360, 365, 390    10, 7, 11, 3        
                                390, 398, 402, 406    15, 2, 10, 3        
                                406, 407, 409, 409    8, 6, 8, 25         
                                409, 409, 411, 413    28, 35, 21, 13      
                                420, 435, 436, 439    9, 25, 26, 3        
                                439, 439, 440, 441    9, 11, 3, 5         
                                441, 442, 459, 492    8, 11, 11, 2        
                                494, 497, 501, 509    8, 9, 7, 9          
                                514, 514, 579, 601    12, 18, 3, 11       
                                601, 607, 609, 613    13, 27, 10, 14      
                                614, 614, 615, 616    11, 25, 13, 8       
                                617, 617, 617, 619    5, 12, 20, 7        
                                621, 623, 623, 624    22, 6, 15, 9        
                                624, 625, 628, 628    13, 16, 6, 10       
                                629, 629, 630, 631    6, 10, 7, 10        
                                637, 638, 641, 644    14, 8, 4, 6         
                                645, 650, 651, 651    9, 11, 4, 13        
                                661, 661, 662, 670    12, 27, 3, 3        
                                672, 672, 672, 672    3, 5, 8, 18         
                                673, 673, 673, 678    3, 5, 11, 4         
                                681, 682, 684, 687    8, 10, 9, 17        
                                690, 690, 694, 694    4, 6, 10, 11        
                                696, 697, 697, 699    7, 53, 57, 6        
                                699, 699, 701, 702    16, 28, 3, 7        
                                702, 707, 707, 709    11, 3, 13, 4        
                                709, 710, 710, 720    16, 15, 17, 7       
                                720, 720, 720, 720    35, 38, 64, 68      
                                721, 724, 725, 725    7, 3, 3, 5          
                                726, 726, 729, 730    3, 5, 18, 3         
                                730, 734, 744, 745    5, 15, 4, 6         
                                830, 831, 850, 850    8, 7, 5, 7          
                                851, 851, 853, 857    7, 9, 14, 18        
                                909, 909, 910, 911    3, 5, 8, 3          
                                911, 916, 923, 934    5, 14, 2, 7         
                                939, 939, 939, 948    3, 8, 13, 3         
                                962, 963, 969, 977    2, 6, 20, 4         
                                981, 982, 1004, 1075  12, 5, 7, 13        
                                1310, 1320, 1322, 1323  26, 15, 5, 3        
                                1327, 1328, 1329, 1330  3, 3, 15, 3         
                                1330, 1331, 1332, 1336  30, 3, 3, 3         
                                1342, 1347            9, 8                
шүүхийн иргэдийн төлөөлөгч      13, 574, 575          31, 4, 4            
үйл ажиллагаа                   13, 13, 38, 40        11, 49, 8, 2        
                                42, 45, 62, 63        8, 7, 4, 4          
                                64, 67, 81, 153       2, 8, 12, 5         
                                155, 219, 292, 315    2, 8, 3, 23         
                                328, 329, 416, 439    20, 20, 62, 12      
                                447, 448, 450, 493    13, 12, 13, 22      
                                516, 542, 677, 686    12, 4, 16, 5        
                                687, 720, 721, 725    20, 48, 20, 6       
                                726, 734, 749, 771    6, 4, 2, 2          
                                805, 819, 820, 825    2, 11, 17, 3        
                                844, 850, 853, 868    3, 10, 9, 3         
                                909, 911, 917, 920    8, 8, 4, 8          
                                971, 1010, 1013, 1014  5, 3, 10, 13        
                                1058, 1108, 1122, 1159  3, 12, 10, 7        
                                1344, 1346            10, 3               
сахилгын хороо                  13, 39, 39, 106       43, 26, 29, 3       
                                151, 153, 160, 368    3, 3, 3, 4          
                                373, 379, 415, 546    9, 4, 24, 6         
                                558, 885, 887, 986    9, 35, 15, 4        
                                987, 989, 992, 992    4, 25, 25, 41       
                                993, 993, 994, 995    25, 41, 7, 7        
                                996, 996, 997, 997    15, 51, 15, 51      
                                998, 999, 1005, 1007  25, 25, 16, 18      
                                1014, 1019, 1022, 1037  8, 6, 4, 20         
                                1047, 1055, 1056, 1058  8, 13, 20, 7        
                                1059, 1061, 1061, 1063  5, 16, 22, 13       
                                1081, 1086, 1092, 1100  6, 6, 5, 3          
                                1102, 1105, 1108, 1119  23, 28, 3, 12       
                                1125, 1128, 1133, 1143  3, 23, 26, 6        
                                1155, 1159, 1159, 1163  11, 23, 27, 8       
                                1165, 1193, 1193, 1195  25, 17, 54, 19      
                                1207, 1209, 1210, 1221  13, 7, 15, 21       
                                1232, 1234, 1235, 1235  10, 3, 4, 24        
                                1255, 1256, 1261, 1279  13, 13, 25, 6       
                                1292, 1293, 1294, 1297  21, 8, 10, 13       
                                1300, 1301, 1335, 1344  19, 26, 5, 8        
шүүгч                           13, 13, 13, 19        13, 17, 23, 4       
                                20, 21, 32, 35        9, 21, 6, 4         
                                35, 35, 35, 35        6, 11, 25, 33       
                                37, 37, 89, 89        4, 8, 5, 6          
                                90, 91, 91, 91        5, 2, 7, 13         
                                92, 92, 92, 93        5, 16, 26, 7        
                                93, 93, 93, 94        18, 25, 34, 7       
                                103, 105, 105, 105    6, 2, 11, 17        
                                109, 111, 112, 114    30, 4, 2, 5         
                                117, 119, 121, 122    11, 18, 2, 2        
                                125, 125, 131, 131    9, 10, 5, 7         
                                136, 136, 137, 140    4, 5, 27, 8         
                                142, 144, 144, 147    14, 20, 27, 3       
                                147, 148, 149, 149    18, 4, 5, 10        
                                150, 151, 154, 156    2, 5, 17, 2         
                                157, 157, 157, 157    2, 10, 15, 20       
                                158, 159, 159, 160    2, 2, 4, 8          
                                161, 162, 162, 162    2, 2, 29, 35        
                                163, 163, 164, 165    4, 23, 2, 2         
                                165, 165, 166, 174    29, 31, 7, 10       
                                178, 179, 183, 191    15, 5, 4, 11        
                                192, 192, 193, 193    7, 14, 3, 14        
                                193, 193, 203, 203    25, 30, 6, 9        
                                205, 205, 229, 230    5, 6, 7, 5          
                                231, 231, 232, 232    5, 11, 5, 8         
                                233, 233, 234, 235    5, 9, 5, 7          
                                236, 237, 238, 240    7, 5, 5, 4          
                                243, 251, 252, 252    5, 23, 5, 12        
                                262, 262, 285, 286    6, 7, 1, 1          
                                295, 295, 296, 300    5, 14, 4, 16        
                                301, 301, 301, 301    5, 14, 20, 22       
                                302, 303, 305, 305    3, 3, 2, 7          
                                306, 309, 310, 311    5, 8, 6, 7          
                                312, 312, 312, 312    2, 6, 9, 24         
                                314, 316, 321, 322    23, 20, 7, 8        
                                324, 324, 324, 325    3, 17, 22, 41       
                                331, 339, 342, 345    32, 3, 3, 25        
                                345, 345, 346, 347    28, 34, 8, 7        
                                347, 348, 349, 350    15, 7, 20, 13       
                                353, 354, 355, 355    5, 7, 7, 10         
                                355, 357, 359, 359    15, 2, 4, 9         
                                360, 360, 361, 362    8, 10, 3, 3         
                                363, 365, 365, 365    7, 9, 46, 62        
                                366, 367, 368, 369    5, 7, 8, 3          
                                369, 371, 372, 373    15, 3, 10, 11       
                                375, 376, 378, 387    11, 8, 4, 7         
                                387, 388, 388, 389    33, 2, 9, 5         
                                390, 390, 391, 391    5, 27, 4, 7         
                                392, 392, 393, 393    4, 7, 7, 25         
                                394, 395, 396, 401    2, 3, 3, 11         
                                406, 406, 409, 409    5, 9, 9, 14         
                                410, 411, 412, 415    26, 18, 6, 34       
                                416, 416, 417, 418    30, 65, 5, 12       
                                420, 423, 427, 428    8, 4, 24, 17        
                                429, 430, 433, 434    8, 4, 11, 4         
                                437, 446, 447, 448    7, 27, 25, 24       
                                450, 451, 452, 452    22, 21, 17, 22      
                                452, 453, 458, 471    30, 22, 8, 14       
                                476, 477, 478, 487    3, 4, 4, 8          
                                488, 489, 492, 492    9, 7, 4, 5          
                                514, 519, 519, 525    13, 6, 17, 3        
                                531, 531, 535, 536    6, 14, 28, 12       
                                536, 536, 537, 538    18, 26, 4, 4        
                                544, 552, 553, 555    22, 21, 20, 8       
                                557, 557, 558, 561    12, 23, 6, 3        
                                563, 567, 568, 569    7, 10, 21, 19       
                                570, 571, 572, 601    27, 18, 8, 10       
                                642, 651, 651, 661    9, 7, 12, 9         
                                661, 662, 671, 673    18, 4, 4, 6         
                                673, 696, 699, 715    12, 6, 5, 3         
                                716, 717, 720, 720    4, 8, 10, 37        
                                720, 721, 721, 722    41, 10, 23, 10      
                                722, 734, 745, 745    20, 2, 10, 13       
                                752, 752, 753, 753    17, 19, 17, 19      
                                756, 756, 756, 763    5, 8, 39, 3         
                                765, 766, 799, 800    6, 6, 3, 2          
                                800, 801, 802, 802    6, 6, 3, 26         
                                802, 803, 803, 810    48, 2, 11, 4        
                                812, 813, 814, 815    2, 2, 16, 8         
                                816, 816, 831, 831    4, 9, 4, 10         
                                854, 865, 869, 888    6, 15, 4, 3         
                                888, 888, 889, 937    16, 21, 3, 8        
                                937, 947, 948, 949    10, 5, 4, 3         
                                950, 951, 953, 960    11, 7, 13, 11       
                                967, 989, 991, 991    10, 7, 5, 8         
                                991, 992, 992, 992    39, 17, 19, 43      
                                992, 993, 993, 993    47, 17, 19, 43      
                                993, 996, 996, 996    47, 2, 17, 53       
                                997, 997, 997, 998    2, 17, 53, 27       
                                999, 1000, 1000, 1001  27, 3, 24, 3        
                                1006, 1030, 1030, 1103  3, 9, 20, 3         
                                1103, 1103, 1104, 1134  16, 21, 3, 3        
                                1136, 1136, 1137, 1137  9, 23, 4, 7         
                                1152, 1159, 1164, 1164  13, 6, 4, 12        
                                1164, 1164, 1164, 1174  19, 27, 30, 20      
                                1182, 1183, 1183, 1183  2, 2, 12, 40        
                                1189, 1203, 1241, 1241  2, 2, 7, 12         
                                1266, 1289, 1289, 1312  10, 4, 8, 2         
                                1328, 1329, 1344      18, 20, 3           
баар                            13, 32, 34, 37        27, 4, 5, 12        
                                38, 38, 40, 41        2, 6, 22, 5         
                                43, 55, 56, 56        7, 4, 2, 15         
                                67, 71, 72, 80        6, 32, 32, 8        
                                80, 81, 102, 109      11, 9, 9, 27        
                                140, 142, 144, 145    18, 21, 8, 14       
                                147, 158, 163, 163    10, 8, 11, 32       
                                166, 168, 174, 193    12, 12, 5, 23       
                                201, 220, 278, 307    9, 21, 18, 22       
                                317, 318, 320, 326    21, 21, 21, 18      
                                328, 329, 332, 341    32, 32, 22, 9       
                                354, 356, 365, 365    20, 14, 10, 58      
                                368, 369, 390, 410    14, 19, 18, 16      
                                427, 428, 451, 452    16, 12, 35, 12      
                                452, 453, 457, 461    36, 21, 11, 5       
                                471, 474, 474, 490    5, 6, 11, 19        
                                503, 531, 535, 540    5, 4, 10, 5         
                                560, 600, 624, 635    2, 20, 11, 8        
                                651, 661, 663, 669    5, 13, 2, 4         
                                670, 671, 720, 720    4, 2, 8, 39         
                                721, 734, 745, 751    8, 32, 2, 8         
                                754, 755, 777, 779    34, 34, 22, 41      
                                792, 802, 809, 812    16, 40, 18, 16      
                                820, 825, 826, 831    14, 14, 7, 8        
                                863, 886, 891, 892    14, 19, 29, 23      
                                896, 947, 948, 978    11, 4, 25, 9        
                                989, 989, 994, 995    21, 28, 39, 39      
                                998, 999, 1002, 1003  49, 49, 20, 20      
                                1005, 1013, 1014, 1014  10, 6, 3, 7         
                                1016, 1037, 1038, 1040  9, 10, 10, 8        
                                1045, 1050, 1062, 1063  11, 13, 11, 12      
                                1090, 1100, 1101, 1105  2, 20, 19, 31       
                                1105, 1154, 1165, 1186  54, 19, 34, 9       
                                1193, 1194, 1202, 1203  30, 33, 19, 11      
                                1205, 1206, 1208, 1210  25, 14, 6, 14       
                                1211, 1213, 1230, 1236  6, 9, 10, 32        
                                1241, 1255, 1256, 1261  15, 21, 21, 34      
                                1270, 1271, 1278, 1280  18, 7, 11, 28       
                                1288, 1292, 1305, 1329  18, 36, 8, 13       
                                1342, 1345            21, 12              
зөвлөл                          13, 39, 39, 43        40, 20, 23, 10      
                                68, 69, 71, 72        41, 41, 36, 36      
                                85, 87, 106, 151      20, 21, 2, 2        
                                153, 160, 162, 163    2, 2, 37, 19        
                                191, 192, 222, 278    13, 16, 6, 22       
                                294, 305, 306, 307    25, 14, 2, 20       
                                312, 315, 316, 317    31, 63, 2, 17       
                                318, 320, 324, 326    17, 19, 2, 24       
                                328, 328, 329, 329    28, 43, 28, 43      
                                331, 331, 332, 339    10, 77, 2, 2        
                                341, 342, 345, 347    14, 2, 2, 9         
                                347, 349, 350, 350    17, 2, 2, 24        
                                351, 366, 368, 369    2, 11, 2, 2         
                                371, 373, 376, 379    27, 19, 2, 3        
                                410, 412, 415, 421    12, 11, 23, 12      
                                423, 424, 425, 425    11, 2, 2, 20        
                                426, 427, 428, 433    2, 42, 2, 15        
                                437, 439, 440, 442    13, 6, 5, 14        
                                454, 459, 473, 492    14, 8, 11, 14       
                                535, 580, 596, 600    26, 9, 8, 25        
                                603, 605, 606, 607    2, 2, 28, 2         
                                611, 624, 625, 646    2, 2, 13, 12        
                                647, 648, 650, 659    5, 5, 5, 4          
                                660, 661, 662, 668    4, 7, 2, 2          
                                670, 680, 699, 701    2, 9, 42, 2         
                                710, 715, 720, 721    2, 2, 53, 29        
                                722, 724, 734, 736    12, 2, 37, 2        
                                744, 750, 751, 752    2, 4, 2, 2          
                                753, 756, 757, 757    2, 2, 2, 19         
                                758, 759, 760, 761    2, 2, 2, 2          
                                762, 763, 764, 765    2, 2, 4, 5          
                                766, 766, 767, 767    2, 5, 2, 44         
                                769, 780, 784, 794    2, 20, 27, 17       
                                795, 796, 799, 800    14, 10, 2, 5        
                                801, 801, 802, 803    2, 5, 2, 13         
                                804, 806, 807, 813    2, 19, 19, 18       
                                814, 815, 816, 817    22, 10, 2, 4        
                                818, 819, 819, 820    4, 2, 10, 2         
                                821, 822, 823, 824    2, 2, 4, 4          
                                825, 825, 827, 828    2, 8, 2, 2          
                                828, 829, 830, 831    7, 2, 2, 2          
                                832, 833, 834, 837    4, 2, 2, 2          
                                842, 843, 844, 845    4, 2, 2, 2          
                                847, 849, 853, 854    14, 2, 8, 2         
                                857, 857, 859, 860    2, 5, 2, 2          
                                861, 862, 863, 863    2, 4, 2, 30         
                                864, 865, 873, 874    2, 2, 2, 4          
                                875, 879, 885, 887    2, 2, 4, 25         
                                888, 889, 891, 891    2, 2, 2, 27         
                                893, 894, 895, 897    6, 2, 4, 2          
                                898, 898, 899, 904    2, 7, 2, 6          
                                904, 906, 909, 910    11, 7, 11, 14       
                                911, 969, 985, 1004   13, 27, 5, 5        
                                1034, 1099, 1100, 1102  7, 11, 2, 15        
                                1105                  59                  
журм                            13, 20, 54, 58        51, 6, 5, 23        
                                66, 68, 69, 71        12, 39, 39, 34      
                                72, 84, 133, 137      34, 10, 12, 33      
                                142, 171, 182, 186    10, 5, 9, 10        
                                204, 208, 209, 209    12, 9, 9, 17        
                                209, 212, 264, 265    22, 18, 10, 8       
                                280, 294, 322, 331    7, 16, 25, 8        
                                342, 343, 348, 351    9, 29, 23, 27       
                                352, 364, 366, 412    9, 13, 9, 9         
                                421, 437, 438, 473    10, 11, 6, 9        
                                504, 528, 529, 541    7, 22, 22, 7        
                                577, 578, 580, 604    19, 13, 7, 6        
                                614, 628, 629, 646    22, 5, 5, 10        
                                684, 693, 696, 699    19, 12, 10, 40      
                                703, 708, 709, 722    11, 13, 18, 31      
                                725, 726, 760, 765    22, 22, 19, 10      
                                781, 783, 797, 799    6, 4, 38, 9         
                                800, 811, 855, 887    9, 7, 9, 31         
                                888, 892, 918, 989    13, 20, 4, 5        
                                996, 996, 997, 997    14, 49, 14, 49      
                                998, 999, 1001, 1017  23, 23, 17, 10      
                                1021, 1025, 1026, 1102  5, 19, 7, 30        
                                1103, 1105, 1118, 1125  13, 51, 12, 14      
                                1155, 1163, 1165, 1174  10, 28, 24, 28      
                                1225, 1240, 1261, 1288  11, 9, 24, 11       
                                1292, 1307, 1329      29, 33, 10          
этгээд                          15, 18, 19, 33        14, 4, 14, 7        
                                109, 141, 162, 187    29, 23, 11, 13      
                                202, 320, 328, 329    12, 12, 37, 37      
                                341, 370, 371, 398    21, 17, 4, 7        
                                404, 416, 420, 427    2, 28, 12, 13       
                                427, 430, 431, 493    18, 5, 7, 4         
                                517, 560, 596, 666    7, 4, 12, 3         
                                696, 723, 724, 728    23, 5, 5, 2         
                                728, 730, 756, 767    17, 7, 53, 28       
                                777, 792, 809, 974    14, 8, 8, 12        
                                981, 991, 1012, 1062  10, 53, 9, 8        
                                1062, 1076, 1090, 1149  13, 13, 4, 3        
                                1150, 1150, 1160, 1189  10, 18, 4, 4        
                                1205, 1212, 1213, 1218  26, 5, 3, 5         
                                1330, 1350            27, 7               
тодорхойлолт                    16                    6                   
иргэн                           18, 20, 82, 109       5, 19, 29, 23       
                                126, 202, 314, 415    7, 13, 10, 31       
                                490, 583, 610, 616    15, 10, 9, 7        
                                630, 756, 902, 903    19, 59, 32, 32      
                                941, 991, 992, 993    3, 59, 50, 50       
                                1004                  37                  
захиргаа                        18, 162, 191, 202     6, 14, 19, 14       
                                259, 273, 274, 403    9, 9, 10, 3         
                                440, 649, 650, 651    21, 4, 2, 2         
                                652, 653, 661, 680    4, 2, 28, 2         
                                707, 709, 739, 745    4, 5, 2, 7          
                                822, 830, 855, 857    6, 6, 3, 19         
                                915, 938, 939, 940    4, 4, 14, 2         
                                968, 970, 970, 972    4, 2, 22, 4         
                                973, 979, 980, 981    2, 4, 4, 2          
                                982, 983, 984, 985    6, 4, 4, 2          
баримт бичиг                    19, 109, 109, 110     20, 7, 32, 6        
                                110, 310, 315, 316    13, 16, 56, 5       
                                317, 318, 322, 325    14, 14, 16, 15      
                                328, 329, 331, 334    25, 25, 24, 3       
                                425, 674, 768, 772    5, 14, 16, 7        
                                774, 775, 782, 784    5, 5, 4, 6          
                                803, 806, 807, 839    20, 3, 3, 9         
                                870, 1123, 1125, 1153  8, 11, 9, 10        
                                1315                  8                   
баримт бичг                     19, 109, 109, 110     20, 7, 32, 6        
                                110, 310, 315, 316    13, 16, 56, 5       
                                317, 318, 322, 325    14, 14, 16, 15      
                                328, 329, 331, 334    25, 25, 24, 3       
                                425, 674, 768, 772    5, 14, 16, 7        
                                774, 775, 782, 784    5, 5, 4, 6          
                                803, 806, 807, 839    20, 3, 3, 9         
                                870, 1123, 1125, 1153  8, 11, 9, 10        
                                1315                  8                   
мэдүүлэг                        19, 417, 419, 423     2, 27, 4, 2         
                                527, 528, 528, 529    10, 26, 30, 26      
                                529, 1176, 1213, 1214  30, 11, 12, 2       
                                1214, 1215, 1216, 1252  9, 12, 6, 2         
мэдүүлг                         19, 417, 419, 423     2, 27, 4, 2         
                                527, 528, 528, 529    10, 26, 30, 26      
                                529, 1176, 1213, 1214  30, 11, 12, 2       
                                1214, 1215, 1216, 1252  9, 12, 6, 2         
шийдвэр                         21, 67, 81, 114       19, 7, 14, 12       
                                115, 145, 161, 166    12, 15, 4, 14       
                                169, 170, 171, 172    4, 2, 2, 2          
                                173, 178, 181, 184    7, 10, 26, 4        
                                186, 188, 204, 220    2, 2, 8, 2          
                                243, 251, 331, 341    9, 2, 41, 15        
                                371, 387, 393, 393    25, 25, 33, 37      
                                426, 508, 509, 558    7, 2, 2, 11         
                                639, 641, 671, 672    3, 22, 16, 24       
                                705, 720, 721, 721    4, 17, 17, 33       
                                746, 814, 823, 824    2, 18, 8, 8         
                                825, 830, 831, 837    16, 3, 17, 3        
                                848, 849, 866, 894    6, 3, 11, 11        
                                900, 922, 957, 1008   3, 8, 2, 21         
                                1016, 1052, 1053, 1093  3, 10, 11, 11       
                                1122, 1124, 1125, 1170  5, 4, 5, 8          
                                1209, 1210, 1254, 1262  9, 17, 14, 6        
                                1263, 1270, 1280, 1305  9, 22, 45, 19       
                                1306, 1332, 1336, 1340  10, 19, 9, 4        
                                1342, 1343            23, 9               
байгууллага                     24, 109, 191, 201     10, 20, 21, 8       
                                371, 387, 415, 417    18, 22, 28, 23      
                                424, 425, 426, 428    16, 9, 5, 15        
                                440, 449, 472, 491    23, 7, 20, 9        
                                494, 495, 497, 533    13, 8, 14, 7        
                                661, 671, 685, 693    30, 20, 30, 18      
                                693, 699, 779, 846    27, 38, 27, 14      
                                857, 890, 989, 1057   21, 11, 23, 13      
                                1063, 1202, 1207, 1207  21, 12, 18, 23      
                                1222, 1267            2, 9                
байгууллаг                      24, 109, 191, 201     10, 20, 21, 8       
                                371, 387, 415, 417    18, 22, 28, 23      
                                424, 425, 426, 428    16, 9, 5, 15        
                                440, 449, 472, 491    23, 7, 20, 9        
                                494, 495, 497, 533    13, 8, 14, 7        
                                661, 671, 685, 693    30, 20, 30, 18      
                                693, 699, 779, 846    27, 38, 27, 14      
                                857, 890, 989, 1057   21, 11, 23, 13      
                                1063, 1202, 1207, 1207  21, 12, 18, 23      
                                1222, 1267            2, 9                
холбоо                          35, 94, 155, 466      20, 17, 4, 8        
                                482, 483, 484, 492    4, 4, 4, 11         
                                493, 508, 592, 593    15, 4, 14, 14       
                                688, 697, 697, 697    3, 21, 35, 38       
                                697, 734, 779, 799    46, 19, 19, 8       
                                853, 866, 948, 1072   6, 10, 14, 16       
                                1073, 1089, 1204, 1270  16, 4, 6, 13        
заавар                          35, 489, 1012         21, 17, 13          
удирдамж@@                      35, 489               23, 18              
эд хөрөнг                       36, 315, 732, 732     11, 33, 2, 11       
                                921, 921, 1076        2, 11, 18           
эд хөрөнгө                      36, 315, 732, 732     11, 33, 2, 11       
                                921, 921, 1076        2, 11, 18           
хүмүүнлэгийн тусламж            36                    18                  
зээл                            36, 1076              13, 17              
төсөл                           36, 416, 441, 671     20, 53, 14, 17      
                                674, 957              16, 6               
хөтөлбөр                        36, 191, 192, 194     21, 3, 9, 8         
хандив                          36, 499, 1076         24, 33, 20          
төсөв                           38, 39, 1014          4, 2, 5             
төсв                            38, 38, 39, 434       16, 20, 32, 2       
                                435, 436, 438, 439    26, 27, 2, 17       
                                440, 645, 646, 725    17, 10, 14, 11      
                                725, 726, 726, 727    12, 11, 12, 2       
                                727, 729, 820, 847    6, 35, 4, 18        
                                899, 933, 1017        5, 4, 3             
тохиолдол                       38, 65, 71, 72        23, 7, 24, 24       
                                92, 93, 159, 177      13, 15, 8, 6        
                                208, 210, 212, 217    4, 12, 16, 4        
                                325, 351, 351, 405    8, 11, 19, 22       
                                409, 416, 416, 436    13, 34, 67, 16      
                                454, 471, 491, 518    8, 13, 14, 13       
                                519, 558, 600, 641    5, 5, 11, 7         
                                685, 697, 716, 717    28, 51, 14, 17      
                                721, 1034, 1061, 1071  27, 17, 11, 5       
                                1075, 1081, 1157, 1172  12, 11, 4, 22       
                                1179, 1180, 1198, 1227  2, 2, 10, 8         
                                1237, 1238, 1305, 1326  28, 27, 17, 11      
дагнасан шүүх                   39, 81, 857           15, 10, 16          
нийслэл                         39, 80, 162, 259      7, 16, 10, 7        
                                274, 311, 381, 857    9, 10, 9, 13        
сум                             39, 39, 80, 80        9, 11, 18, 20       
                                273, 274, 381, 857    5, 3, 8, 9          
                                857                   11                  
захиргааны байгууллаг           40, 41, 321, 454      19, 8, 15, 17       
                                605, 606, 607, 690    23, 6, 18, 7        
                                708, 1004             2, 8                
захиргааны байгууллага          40, 41, 321, 454      19, 8, 15, 17       
                                605, 606, 607, 690    23, 6, 18, 7        
                                708, 1004             2, 8                
мэдээлл                         40, 68, 69, 109       13, 30, 30, 34      
                                189, 190, 190, 306    6, 12, 52, 14       
                                317, 318, 320, 321    26, 26, 5, 10       
                                427, 488, 514, 592    36, 8, 2, 15        
                                593, 595, 606, 622    15, 2, 22, 5        
                                694, 696, 734, 736    5, 25, 20, 3        
                                745, 747, 767, 774    28, 4, 53, 24       
                                775, 777, 784, 788    24, 7, 21, 6        
                                789, 797, 801, 802    6, 28, 30, 36       
                                806, 807, 870, 884    17, 17, 18, 9       
                                885, 885, 886, 892    8, 26, 13, 11       
                                955, 1062, 1072, 1073  5, 29, 17, 17       
                                1082, 1099, 1100, 1100  2, 9, 8, 27         
                                1101, 1105, 1120, 1128  13, 42, 7, 12       
                                1128, 1134, 1135, 1153  22, 17, 11, 2       
                                1154, 1155, 1159, 1161  4, 2, 13, 4         
                                1174, 1182, 1183, 1184  16, 21, 44, 10      
хөгжлийн бодлог                 43                    4                   
хөгжлийн бодлого                43                    4                   
газар                           43, 85, 99, 126       19, 24, 8, 17       
                                243, 436, 441, 475    16, 7, 2, 9         
                                609, 610, 613, 617    12, 3, 16, 22       
                                618, 623, 624, 625    3, 3, 15, 18        
                                644, 650, 672, 678    8, 13, 21, 3        
                                683, 720, 728, 744    3, 6, 28, 6         
                                779, 846, 907, 908    12, 11, 5, 4        
                                909, 912, 915, 1338   7, 3, 3, 9          
монгол улсын олон улсын гэрээ   47, 48, 48            17, 8, 32           
санал                           48, 85, 102, 102      38, 21, 8, 16       
                                135, 144, 145, 147    4, 28, 7, 20        
                                152, 157, 158, 159    11, 24, 13, 11      
                                160, 163, 165, 165    10, 15, 6, 34       
                                178, 178, 190, 193    9, 17, 39, 6        
                                218, 219, 219, 220    16, 18, 27, 18      
                                222, 222, 223, 233    7, 14, 18, 11       
                                251, 252, 261, 267    18, 13, 17, 10      
                                277, 281, 320, 320    9, 13, 17, 25       
                                328, 328, 329, 329    41, 48, 41, 48      
                                331, 336, 343, 345    47, 5, 18, 30       
                                345, 347, 349, 350    42, 10, 22, 3       
                                351, 351, 351, 353    4, 16, 31, 9        
                                354, 354, 356, 371    12, 18, 8, 20       
                                376, 410, 410, 442    3, 10, 18, 15       
                                471, 489, 514, 579    31, 23, 23, 21      
                                671, 672, 673, 674    15, 14, 18, 18      
                                687, 704, 720, 749    9, 9, 61, 7         
                                752, 753, 757, 757    22, 22, 10, 12      
                                777, 777, 779, 780    19, 26, 33, 32      
                                784, 785, 786, 786    11, 14, 5, 12       
                                786, 786, 792, 792    16, 25, 13, 20      
                                794, 795, 796, 796    24, 10, 19, 26      
                                797, 809, 809, 812    10, 13, 22, 13      
                                812, 813, 813, 813    17, 6, 10, 22       
                                813, 813, 814, 826    31, 40, 7, 14       
                                826, 835, 840, 888    20, 5, 10, 25       
                                888, 889, 889, 894    27, 11, 24, 9       
                                904, 992, 993, 996    8, 22, 22, 27       
                                996, 997, 997, 1007   31, 27, 31, 10      
                                1007, 1008, 1008, 1037  12, 19, 23, 27      
                                1038, 1045, 1045, 1093  20, 10, 15, 9       
                                1103, 1103, 1104, 1104  25, 27, 11, 24      
                                1119, 1169, 1169, 1195  8, 11, 14, 16       
                                1197, 1230, 1232, 1233  5, 14, 9, 13        
                                1238, 1250, 1255, 1255  25, 14, 8, 11       
                                1255, 1255, 1255, 1256  16, 26, 32, 8       
                                1256, 1256, 1256, 1256  11, 16, 26, 32      
                                1265, 1268, 1274, 1275  5, 5, 9, 9          
                                1276, 1297            19, 27              
хуулийн этгээд                  50, 126, 185, 490     30, 8, 7, 16        
                                542, 687, 924, 1152   10, 6, 2, 10        
                                1222, 1350            3, 5                
хүн                             50, 61, 86, 185       3, 20, 15, 6        
                                300, 335, 343, 465    15, 6, 12, 4        
                                495, 496, 501, 514    12, 8, 9, 15        
                                542, 557, 605, 687    9, 8, 6, 5          
                                709, 760, 796, 977    13, 15, 28, 6       
                                1009, 1009, 1078, 1152  9, 30, 11, 7        
                                1186, 1202, 1216, 1229  4, 15, 2, 15        
                                1230, 1350            8, 4                
хөрөнгө                         50, 467, 513, 527     15, 11, 12, 8       
                                528, 529              24, 24              
хөрөнг                          50, 467, 513, 527     15, 11, 12, 8       
                                528, 529              24, 24              
ажил                            50, 107, 379, 405     18, 6, 9, 19        
                                494, 498, 498, 511    33, 6, 15, 18       
                                513, 518, 679, 708    15, 9, 9, 4         
                                708, 711, 769, 804    5, 12, 6, 6         
                                810, 945, 969, 969    7, 2, 13, 23        
                                972, 979, 980, 983    5, 5, 5, 5          
                                984, 1031, 1048       5, 5, 6             
тушаал                          50, 300, 305, 322     20, 12, 9, 10       
                                359, 365, 377, 379    6, 64, 3, 11        
                                387, 387, 390, 390    12, 24, 9, 29       
                                402, 431, 432, 433    7, 3, 6, 3          
                                451, 481, 498, 499    25, 2, 17, 8        
                                513, 525, 526, 535    17, 5, 3, 30        
                                536, 555, 704, 756    14, 10, 5, 43       
                                756, 762, 762, 763    50, 7, 13, 7        
                                861, 883, 902, 903    8, 13, 27, 27       
                                905, 936, 989, 991    8, 8, 9, 43         
                                991, 1004, 1004, 1006  50, 27, 34, 7       
                                1050, 1078, 1088, 1284  17, 9, 2, 13        
                                1312, 1349            8, 5                
бусад оролцогч                  53, 621               10, 15              
хохирогч                        53                    2                   
нэхэмжлэгч                      53                    3                   
хариуцагч                       53                    4                   
өмгөөлөгч                       53, 298, 490, 590     7, 3, 9, 4          
                                599, 634, 1004        3, 11, 11           
прокурор                        53, 221, 599, 634     8, 15, 2, 12        
                                720, 1004             32, 12              
гэмт хэрэг                      56, 475, 1267, 1349   11, 7, 2, 7         
гэмт хэрг                       56, 475, 1267, 1349   11, 7, 2, 7         
орчуулагч                       61, 1176              34, 14              
хэлмэрч                         61, 1176              35, 15              
нээлт                           62, 63, 64, 65        6, 6, 6, 8          
                                143, 145, 305, 341    8, 20, 15, 23       
                                564, 565, 566, 567    16, 16, 9, 7        
                                568, 570, 729, 752    8, 14, 11, 28       
                                753, 754, 755, 765    28, 10, 10, 11      
                                816, 891, 992, 993    12, 23, 32, 32      
                                994, 995, 1000, 1001  14, 14, 11, 12      
                                1025, 1105, 1257, 1258  29, 25, 4, 4        
архив                           66, 678, 822, 920     15, 6, 9, 7         
                                969                   10                  
цахим хуудас                    67, 178, 306, 317     3, 19, 10, 18       
                                318, 328, 329, 339    18, 29, 29, 27      
                                745, 746, 747, 774    24, 7, 2, 17        
                                775, 788, 789, 799    17, 16, 16, 19      
                                806, 807, 831, 1345   20, 20, 25, 14      
                                1347                  23                  
хүний хувийн мэдээлэл           68, 69, 71, 72        17, 17, 11, 11      
хүний эмзэг мэдээлэл            68, 69, 71, 72        25, 25, 19, 19      
                                317, 318, 328, 329    22, 22, 12, 12      
                                592, 593, 774, 775    11, 11, 19, 19      
                                806, 807, 1072, 1073  12, 12, 13, 13      
                                1257, 1258            18, 18              
албаны нууц                     68, 69, 71, 72        9, 9, 3, 3          
                                483, 484, 592, 593    10, 10, 7, 7        
                                1072, 1073, 1257, 1258  9, 9, 14, 14        
байгууллагын нууц               68, 69, 71, 72        13, 13, 7, 7        
                                416, 483, 484, 592    39, 12, 12, 9       
                                593, 1072, 1073, 1257  9, 11, 11, 16       
                                1258                  16                  
шүүхийн шийдвэр                 68, 69, 168, 172      34, 34, 16, 6       
                                172, 174, 179, 180    16, 8, 6, 7         
                                180, 180, 182, 183    9, 15, 12, 7        
                                185, 187, 190, 215    4, 4, 40, 9         
                                225, 261, 277, 325    19, 21, 13, 21      
                                369, 383, 384, 385    8, 13, 9, 8         
                                387, 471, 486, 520    29, 10, 8, 4        
                                560, 640, 881, 1090   7, 7, 8, 7          
                                1209                  4                   
давж заалдах шатны шүүх         82, 94, 162, 165      3, 3, 16, 18        
                                193, 204, 209, 212    10, 4, 11, 10       
                                213, 256, 257, 259    3, 1, 1, 11         
                                321, 345, 347, 992    3, 21, 3, 8         
                                993                   8                   
үйлчилгээ                       82, 657, 681, 688     28, 2, 9, 12        
                                689, 697, 748, 969    8, 10, 3, 17        
                                1076                  21                  
шалгуур үзүүлэлт                87, 437, 708          18, 5, 11           
сул орон тоо                    92, 93, 307, 308      9, 11, 23, 11       
                                309, 312, 757, 786    9, 25, 21, 19       
                                813, 1007, 1061       13, 21, 7           
оролцогч                        98, 141, 158, 341     5, 22, 11, 18       
                                501, 502, 590, 684    2, 2, 2, 11         
                                699, 810, 812, 813    9, 12, 4, 4         
                                813, 826, 888, 976    29, 18, 23, 2       
                                1103, 1245, 1253      23, 8, 2            
ажл                             99, 118, 125, 125     5, 3, 6, 17         
                                133, 162, 162, 163    9, 43, 46, 20       
                                163, 240, 241, 305    28, 7, 3, 12        
                                312, 317, 318, 328    32, 8, 8, 8         
                                329, 331, 345, 365    8, 30, 12, 5        
                                405, 411, 416, 416    23, 10, 32, 45      
                                427, 432, 437, 453    43, 10, 2, 27       
                                459, 476, 487, 506    6, 9, 2, 5          
                                609, 613, 616, 625    19, 12, 11, 11      
                                650, 679, 679, 684    7, 4, 13, 16        
                                685, 703, 716, 718    17, 7, 11, 7        
                                728, 728, 730, 739    6, 12, 12, 3        
                                742, 749, 766, 774    17, 13, 26, 10      
                                775, 778, 779, 783    10, 22, 42, 5       
                                786, 786, 788, 789    8, 37, 9, 9         
                                791, 794, 796, 797    9, 10, 15, 6        
                                797, 801, 803, 806    16, 25, 27, 8       
                                807, 809, 814, 817    8, 14, 11, 5        
                                818, 819, 819, 820    5, 20, 27, 6        
                                820, 821, 831, 839    15, 3, 20, 3        
                                848, 854, 857, 874    9, 3, 6, 8          
                                875, 896, 897, 898    8, 5, 3, 3          
                                899, 900, 906, 910    3, 6, 5, 9          
                                916, 934, 978, 1013   16, 4, 4, 3         
                                1029, 1031, 1033, 1033  3, 3, 3, 8          
                                1043, 1043, 1054, 1054  4, 5, 11, 16        
                                1062, 1095, 1106, 1107  36, 8, 5, 3         
                                1118, 1128, 1128, 1128  4, 6, 13, 16        
                                1129, 1162, 1162, 1178  6, 16, 22, 6        
                                1193, 1228, 1233, 1233  20, 3, 21, 27       
                                1234, 1260, 1260, 1277  12, 5, 13, 21       
                                1277                  27                  
тал                             102, 102, 119, 172    7, 14, 17, 21       
                                181, 190, 194, 207    9, 22, 6, 7         
                                220, 221, 244, 251    13, 9, 5, 13        
                                252, 266, 331, 343    10, 7, 50, 13       
                                417, 422, 486, 492    14, 10, 7, 12       
                                499, 500, 500, 502    18, 3, 6, 24        
                                518, 518, 520, 579    10, 22, 6, 16       
                                591, 595, 611, 623    2, 5, 6, 18         
                                670, 680, 687, 695    8, 6, 16, 17        
                                697, 701, 715, 722    24, 7, 13, 9        
                                724, 736, 745, 749    9, 5, 23, 4         
                                784, 870, 953, 974    34, 16, 7, 7        
                                975, 1045, 1056, 1071  6, 9, 19, 12        
                                1071, 1085, 1117, 1124  15, 7, 10, 5        
                                1159, 1182, 1187, 1203  9, 22, 14, 6        
                                1208, 1208, 1244, 1275  3, 15, 10, 10       
                                1275, 1276, 1294, 1321  16, 25, 16, 21      
талууд                          102, 102, 119, 172    7, 14, 17, 21       
                                181, 190, 194, 207    9, 22, 6, 7         
                                220, 221, 244, 251    13, 9, 5, 13        
                                252, 266, 331, 343    10, 7, 50, 13       
                                417, 422, 486, 492    14, 10, 7, 12       
                                499, 500, 500, 502    18, 3, 6, 24        
                                518, 518, 520, 579    10, 22, 6, 16       
                                591, 595, 611, 623    2, 5, 6, 18         
                                670, 680, 687, 695    8, 6, 16, 17        
                                697, 701, 715, 722    24, 7, 13, 9        
                                724, 736, 745, 749    9, 5, 23, 4         
                                784, 870, 953, 974    34, 16, 7, 7        
                                975, 1045, 1056, 1071  6, 9, 19, 12        
                                1071, 1085, 1117, 1124  15, 7, 10, 5        
                                1159, 1182, 1187, 1203  9, 22, 14, 6        
                                1208, 1208, 1244, 1275  3, 15, 10, 10       
                                1275, 1276, 1294, 1321  16, 25, 16, 21      
хэргийн оролцогч                104, 418, 422, 490    17, 8, 15, 6        
                                524, 599, 634, 699    19, 4, 7, 24        
                                967, 974, 1042, 1046  4, 9, 6, 20         
                                1059, 1076, 1083, 1086  2, 2, 2, 12         
                                1137, 1138, 1139, 1144  13, 4, 2, 2         
                                1148, 1175, 1177, 1186  2, 2, 2, 2          
                                1192, 1193, 1193, 1194  6, 26, 32, 2        
                                1204, 1205, 1207, 1211  2, 2, 9, 2          
                                1217, 1224, 1233, 1235  10, 13, 15, 2       
                                1235, 1236, 1236, 1238  22, 5, 10, 13       
                                1246, 1247, 1248, 1249  3, 8, 2, 2          
                                1251, 1254, 1257, 1258  2, 2, 24, 24        
                                1274, 1277, 1279, 1280  14, 11, 16, 2       
                                1284, 1294, 1295, 1303  2, 20, 2, 10        
                                1304, 1307, 1310, 1311  3, 22, 19, 2        
                                1319, 1324, 1325, 1326  14, 23, 9, 4        
                                1330                  10                  
бусад этгээд                    104, 331, 418, 467    20, 51, 10, 9       
                                501, 502, 599, 721    4, 4, 7, 5          
                                784, 1046, 1144, 1148  16, 23, 5, 5        
                                1192                  8                   
арга хэмжээ                     104, 385, 435, 472    24, 4, 22, 26       
                                473, 692, 716, 717    5, 9, 15, 19        
                                721, 921, 1046        43, 17, 27          
журам                           104, 117, 140, 143    7, 17, 5, 5         
                                168, 192, 219, 248    27, 6, 5, 11        
                                304, 310, 361, 362    6, 24, 11, 11       
                                363, 365, 366, 433    11, 15, 4, 10       
                                603, 675, 691, 706    6, 8, 9, 8          
                                764, 1032, 1046, 1055  10, 6, 10, 20       
                                1145, 1150, 1308, 1345  6, 6, 14, 10        
хяналтын шатны шүүх             105, 178, 201, 322    8, 12, 10, 5        
                                325, 347, 360, 752    38, 12, 4, 4        
                                753, 992, 993         4, 4, 4             
гишүүн                          106, 151, 160, 162    5, 6, 5, 41         
                                223, 294, 331, 331    4, 23, 11, 14       
                                331, 331, 368, 368    19, 79, 6, 16       
                                379, 415, 415, 415    6, 11, 15, 26       
                                451, 473, 646, 699    20, 19, 19, 50      
                                720, 720, 751, 752    26, 29, 6, 27       
                                753, 754, 755, 756    27, 9, 9, 6         
                                756, 758, 762, 764    16, 10, 3, 5        
                                765, 767, 779, 780    8, 45, 53, 21       
                                783, 784, 784, 794    11, 2, 28, 18       
                                795, 796, 799, 800    15, 11, 5, 7        
                                803, 813, 815, 816    14, 19, 11, 3       
                                819, 833, 859, 860    3, 3, 9, 10         
                                863, 864, 872, 874    4, 4, 4, 6          
                                875, 879, 887, 888    4, 4, 26, 4         
                                889, 891, 893, 894    5, 34, 7, 3         
                                990, 991, 991, 992    6, 6, 16, 31        
                                992, 993, 993, 994    45, 31, 45, 13      
                                995, 996, 996, 997    13, 18, 55, 18      
                                997, 998, 999, 1000   55, 29, 29, 4       
                                1001, 1004, 1005, 1009  5, 6, 25, 4         
                                1012, 1019, 1023, 1025  4, 4, 3, 14         
                                1028, 1034, 1040, 1055  3, 8, 3, 3          
                                1059, 1061, 1062, 1065  7, 21, 3, 4         
                                1070, 1071, 1081, 1086  4, 2, 9, 17         
                                1086, 1087, 1092, 1093  33, 4, 8, 3         
                                1094, 1095, 1102, 1103  5, 4, 25, 4         
                                1104, 1105, 1105, 1108  5, 4, 37, 6         
                                1119, 1120, 1121, 1142  14, 3, 4, 3         
                                1155, 1155, 1157, 1161  13, 16, 2, 2        
                                1163, 1164, 1164, 1164  43, 2, 5, 14        
                                1164, 1164, 1165, 1165  17, 32, 3, 28       
                                1165, 1169, 1173, 1184  36, 10, 2, 14       
                                1185, 1193, 1193, 1194  2, 19, 56, 31       
                                1194, 1195, 1198, 1199  38, 10, 2, 10       
                                1201, 1205, 1224, 1228  2, 8, 8, 11         
                                1232, 1238, 1238, 1238  2, 3, 18, 29        
                                1240, 1241, 1241, 1241  12, 9, 13, 17       
                                1242, 1250, 1253, 1254  13, 2, 5, 6         
                                1255, 1256, 1261, 1261  15, 15, 3, 31       
                                1261, 1268, 1273, 1279  36, 14, 10, 20      
                                1280, 1289, 1289, 1291  6, 5, 10, 2         
                                1292, 1292, 1292, 1294  3, 24, 38, 18       
                                1296, 1300, 1301, 1310  2, 15, 22, 22       
                                1311, 1319, 1319, 1321  6, 10, 18, 5        
                                1324, 1325, 1326, 1330  27, 13, 8, 13       
мэдээлэл                        109, 119, 119, 138    10, 4, 20, 5        
                                181, 468, 469, 472    28, 3, 3, 16        
                                514, 595, 623, 651    33, 6, 19, 18       
                                685, 688, 785, 788    10, 4, 11, 3        
                                789, 886, 923, 953    3, 8, 9, 10         
                                969, 974, 1008, 1025  4, 14, 7, 4         
                                1035, 1056, 1056, 1101  5, 2, 23, 8         
                                1116, 1117, 1117, 1133  5, 2, 11, 15        
                                1133, 1136, 1140, 1151  18, 7, 2, 4         
                                1152, 1159, 1160, 1162  20, 2, 2, 10        
                                1162, 1183, 1183, 1183  35, 8, 19, 35       
                                1194, 1204, 1205, 1237  6, 5, 5, 11         
                                1237, 1277, 1307, 1338  22, 15, 26, 6       
                                1345                  8                   
хяналт тавих                    116, 685, 687, 696    17, 24, 23, 15      
                                849, 918, 1122        5, 6, 8             
өргөдөл                         116, 126, 244, 310    8, 11, 7, 14        
                                314, 315, 315, 316    26, 6, 20, 3        
                                687, 884, 885, 885    10, 8, 7, 25        
                                886, 892, 924, 1008   7, 10, 11, 6        
                                1025, 1054, 1099, 1100  3, 9, 8, 7          
                                1100, 1101, 1105, 1116  26, 7, 41, 4        
                                1128, 1128, 1133, 1133  11, 21, 14, 17      
                                1134, 1135, 1136, 1152  16, 10, 6, 19       
                                1154, 1159, 1161, 1162  3, 12, 3, 9         
                                1162, 1174, 1182, 1183  34, 15, 20, 7       
                                1183, 1183, 1183, 1194  18, 34, 43, 5       
                                1204, 1205, 1237, 1237  4, 4, 10, 21        
                                1277, 1307            14, 25              
гомдол                          116, 137, 141, 154    9, 17, 4, 7         
                                244, 696, 721, 722    8, 3, 49, 14        
                                722, 830, 919, 979    22, 9, 5, 8         
                                980, 981, 1008, 1025  8, 16, 8, 5         
                                1044, 1045, 1054, 1056  4, 7, 10, 3         
                                1133, 1133, 1143, 1156  31, 34, 15, 8       
                                1162, 1162, 1163, 1164  39, 45, 34, 7       
                                1164, 1165, 1169, 1193  22, 29, 6, 44       
                                1194, 1250, 1276, 1278  15, 3, 23, 14       
                                1279, 1283, 1288, 1293  18, 5, 5, 5         
                                1294, 1295, 1297, 1303  13, 7, 5, 3         
                                1305, 1306, 1309, 1311  14, 4, 5, 11        
                                1315, 1319, 1320, 1321  5, 4, 5, 14         
                                1326, 1327, 1328, 1331  6, 13, 13, 16       
                                1332, 1339            14, 6               
газр                            116, 242, 294, 310    12, 7, 22, 25       
                                315, 415, 442, 473    28, 14, 19, 18      
                                607, 607, 614, 646    16, 29, 27, 18      
                                677, 679, 681, 687    3, 3, 3, 19         
                                693, 699, 710, 720    10, 49, 19, 28      
                                847, 850, 851, 859    11, 9, 11, 8        
                                910, 911, 913, 914    3, 7, 5, 5          
                                927, 928, 929, 930    5, 5, 3, 3          
                                931, 932, 933, 934    3, 3, 3, 3          
                                936, 937, 939, 969    3, 3, 10, 22        
                                981, 1162, 1162, 1233  14, 14, 17, 19      
                                1233, 1277, 1277, 1312  22, 19, 22, 11      
үр                              119, 422, 557, 679    10, 8, 10, 5        
                                679, 727, 1056, 1215  16, 8, 11, 9        
удирдлага                       119, 517, 518, 681    15, 5, 7, 10        
                                683, 695, 745, 819    6, 3, 8, 31         
                                852, 897, 915, 931    4, 7, 5, 6          
                                949, 963, 1056, 1110  4, 9, 17, 5         
удирдлаг                        119, 517, 518, 681    15, 5, 7, 10        
                                683, 695, 745, 819    6, 3, 8, 31         
                                852, 897, 915, 931    4, 7, 5, 6          
                                949, 963, 1056, 1110  4, 9, 17, 5         
захирамж                        122, 129, 779, 861    6, 6, 48, 7         
                                1016, 1040, 1050, 1123  10, 12, 18, 5       
                                1143, 1157, 1159, 1161  5, 10, 26, 16       
                                1162, 1162, 1162, 1163  5, 27, 48, 13       
                                1163, 1167, 1167, 1168  15, 5, 8, 5         
                                1169, 1174, 1174, 1182  17, 4, 13, 12       
                                1185, 1193, 1193, 1193  10, 16, 35, 48      
                                1194, 1194, 1195, 1195  14, 44, 5, 24       
                                1232, 1234, 1321      14, 21, 18          
гомдл                           126, 687, 924, 1116   12, 11, 12, 6       
                                1163, 1295, 1302, 1310  17, 4, 17, 17       
нийтлэг журам                   137                   12                  
нэхэмжлэл                       137, 141, 154, 696    16, 3, 6, 2         
                                721, 722, 919         50, 23, 4           
хүсэлт                          137, 141, 154, 222    18, 5, 8, 22        
                                360, 375, 377, 390    13, 17, 5, 7        
                                390, 390, 390, 405    12, 20, 31, 3       
                                428, 524, 525, 535    18, 24, 2, 24       
                                621, 696, 696, 720    19, 4, 21, 59       
                                720, 721, 722, 768    83, 48, 15, 14      
                                803, 815, 878, 919    18, 6, 2, 6         
                                1059, 1063, 1086, 1098  11, 22, 14, 2       
                                1141, 1142, 1182, 1194  11, 12, 31, 25      
                                1194, 1194, 1207, 1224  34, 39, 11, 15      
                                1236, 1238, 1249, 1250  23, 15, 5, 4        
                                1257, 1258, 1280, 1280  26, 26, 19, 29      
                                1280                  35                  
тохиолдл                        140, 331, 420, 614    13, 7, 16, 21       
                                783, 811              3, 6                
даруй                           141, 365, 373, 422    8, 66, 14, 13       
                                472, 617, 720, 721    28, 23, 54, 30      
                                887, 1102, 1155, 1162  22, 21, 5, 8        
                                1193                  28                  
тогтоол                         147, 161, 230, 316    22, 5, 16, 28       
                                317, 318, 324, 327    5, 5, 11, 20        
                                328, 329, 621, 746    5, 5, 25, 3         
                                754, 755, 825, 829    60, 60, 18, 13      
                                957, 994, 995, 998    3, 65, 65, 75       
                                999, 1002, 1003, 1016  75, 46, 46, 11      
                                1038, 1119, 1123, 1159  22, 10, 6, 30       
                                1159, 1166, 1169, 1170  34, 5, 5, 5         
                                1174, 1174, 1182, 1195  5, 14, 13, 6        
                                1238, 1270, 1270, 1271  35, 16, 19, 19      
                                1272, 1273, 1277, 1280  5, 3, 3, 40         
                                1280, 1297, 1304, 1305  42, 23, 22, 2       
                                1306, 1306, 1307, 1307  2, 7, 2, 9          
                                1307, 1309, 1310, 1313  20, 4, 2, 4         
                                1314, 1316, 1317, 1319  4, 2, 2, 2          
                                1323, 1326, 1326, 1332  10, 2, 13, 10       
                                1333, 1334, 1336, 1337  2, 2, 11, 5         
                                1338, 1339, 1341, 1342  4, 2, 2, 15         
                                1347, 1347            5, 14               
тайлан                          153, 166, 331, 337    7, 5, 74, 3         
                                738, 784, 785, 786    4, 36, 6, 35        
                                787, 788, 789, 791    9, 8, 8, 6          
                                831, 853, 854, 934    21, 11, 4, 5        
                                1033, 1058, 1113, 1124  9, 5, 2, 8          
                                1343, 1344, 1345, 1345  7, 12, 6, 13        
                                1346                  5                   
нийтлэг журм                    154, 278, 911         22, 19, 10          
зөвлөмж                         155                   9                   
нэр дэвшигч                     160, 313, 316, 317    6, 4, 21, 12        
                                318, 320, 321, 323    12, 13, 8, 4        
                                324, 324, 324, 325    4, 18, 23, 42       
                                326, 327, 328, 328    7, 11, 17, 38       
                                329, 329, 331, 331    17, 38, 5, 22       
                                331, 331, 331, 331    35, 48, 54, 64      
                                332, 332, 332, 339    3, 11, 28, 4        
                                342, 343, 344, 345    4, 7, 4, 26         
                                345, 348, 349, 350    35, 8, 12, 5        
                                351, 351, 703, 767    13, 29, 2, 46       
                                774, 775, 777, 780    3, 3, 15, 27        
                                782, 784, 784, 784    8, 4, 13, 24        
                                786, 792, 794, 795    14, 9, 14, 11       
                                796, 796, 797, 798    7, 21, 12, 5        
                                809, 811, 813, 813    9, 21, 8, 24        
                                813, 870, 882         42, 14, 11          
анхан шатны шүүх                162, 165, 271, 272    26, 25, 1, 1        
                                295, 577, 578, 584    11, 12, 7, 2        
                                607, 631, 752, 753    12, 7, 11, 11       
                                960, 992, 993         8, 13, 13           
комисс                          165, 165, 165, 779    11, 14, 37, 16      
дүгнэлт                         166, 172, 335, 343    13, 35, 8, 14       
                                441, 442, 579, 637    17, 20, 22, 7       
                                637, 638, 639, 640    18, 7, 7, 5         
                                640, 641, 754, 754    13, 14, 32, 47      
                                755, 755, 794, 886    32, 47, 25, 17      
                                887, 887, 889, 975    12, 18, 12, 10      
                                994, 994, 995, 995    37, 52, 37, 52      
                                998, 998, 999, 999    47, 62, 47, 62      
                                1002, 1002, 1003, 1003  18, 33, 18, 33      
                                1101, 1102, 1102, 1104  17, 11, 17, 12      
                                1119, 1195, 1196, 1223  3, 15, 5, 4         
                                1225, 1232, 1233, 1250  4, 4, 8, 9          
                                1264, 1266, 1268, 1274  2, 2, 8, 4          
                                1275, 1276            4, 14               
хэвлэмэл хуудас                 167, 168, 668, 912    6, 18, 12, 7        
                                1015                  3                   
тайлбар                         172, 181, 190, 214    24, 13, 25, 7       
                                220, 220, 251, 417    16, 22, 16, 26      
                                442, 769, 804, 1140   16, 11, 11, 14      
                                1141, 1182, 1203, 1211  6, 25, 4, 5         
                                1212, 1251, 1254, 1274  7, 4, 8, 16         
                                1303, 1304, 1304, 1319  15, 8, 14, 20       
хэлэлцээр                       173, 1263             5, 7                
цагаатгах тогтоол               174                   6                   
шийтгэвэр                       174                   11                  
шүүхийн магадлал                175                   4                   
шүүхийн тогтоол                 176, 177, 206, 250    3, 13, 3, 3         
шүүгчийн захирамж               177, 957              15, 4               
нийтлэх                         178, 220              22, 24              
сан                             180, 187, 504, 741    13, 6, 8, 11        
                                955                   8                   
ачаа                            181, 467, 625, 1176   22, 7, 6, 3         
                                1201, 1202, 1206, 1208  7, 7, 5, 11         
                                1220                  5                   
нийтийн мэдээлл                 182, 744              2, 10               
саад учруулсан                  187, 407              11, 9               
зам                             204, 436, 632, 633    16, 20, 7, 7        
                                645, 646, 1217, 1331  7, 7, 4, 23         
магадлал                        212, 1016, 1119, 1123  14, 12, 9, 7        
                                1143, 1159, 1269, 1271  8, 29, 14, 2        
                                1271, 1272, 1273, 1277  20, 6, 4, 4         
                                1278, 1279, 1280, 1288  7, 8, 24, 3         
                                1290, 1293, 1294, 1297  4, 3, 12, 3         
                                1298, 1299, 1300, 1301  5, 9, 9, 6          
                                1303, 1306, 1347      5, 3, 3             
хууль санаачлагч                219, 219, 674         19, 28, 23          
төсл                            219                   16                  
төлбөр                          225, 225, 451         9, 14, 41           
анхан шатны шүүхийн шийдвэр     264                   4                   
бусад газар                     278                   14                  
эмнэлэг                         291                   11                  
эмнэлг                          291                   11                  
мэргэжл                         292, 315, 328, 329    2, 22, 19, 19       
                                447, 448, 450, 542    12, 11, 12, 3       
                                756, 902, 903, 991    24, 11, 11, 24      
зөвшөөрөл                       292, 380              6, 15               
эрүүл мэнд                      294, 294, 446, 447    12, 17, 6, 6        
                                448, 450, 472, 877    2, 6, 8, 8          
                                1097                  7                   
жагсаал                         294, 602, 604, 607    6, 6, 4, 25         
                                608, 609, 610, 613    10, 16, 7, 8        
                                614                   10                  
тэтгэвэр                        307, 307, 308, 312    9, 12, 4, 12        
                                375, 375, 386, 393    6, 20, 4, 10        
                                451, 452, 452, 452    47, 4, 27, 43       
                                453, 455, 526, 877    2, 4, 8, 3          
                                1097                  3                   
эрүүл мэндийн даатгал           315, 444, 445         47, 4, 4            
гэр бүл                         315, 443, 446, 451    30, 5, 28, 16       
                                472, 491, 492, 527    3, 2, 6, 5          
                                692, 1075             3, 2                
мэргэжлийн боловсрол            315                   41                  
нийгмийн даатгал                315                   44                  
танилцуулг                      315, 328, 329, 771    25, 22, 22, 4       
                                805, 811, 811         4, 3, 9             
танилцуулга                     315, 328, 329, 771    25, 22, 22, 4       
                                805, 811, 811         4, 3, 9             
цахим хуудс                     321                   17                  
мэргэшил                        324, 327, 331, 332    33, 22, 66, 13      
                                335, 339, 343, 411    3, 11, 9, 2         
                                458, 756, 991         2, 21, 21           
сорилт                          325                   10                  
үнэлгээ                         340, 678, 870, 871    5, 15, 6, 3         
шинжээч                         342, 634, 885, 885    14, 14, 31, 33      
                                1034, 1100, 1176, 1224  20, 30, 13, 16      
зарлиг                          357                   5                   
зарлаг                          357                   5                   
зарлг                           357                   5                   
зарлага                         357                   5                   
мэдээ                           365, 514, 514, 611    57, 8, 32, 11       
                                738                   5                   
чадамж                          383, 583              5, 4                
гуравдагч этгээд                403, 491              5, 15               
дайчилгаа                       403                   11                  
мэргэшл                         405, 457, 459, 707    6, 7, 2, 7          
зөвшөөрл                        409, 411, 634         17, 16, 4           
нутгийн өөрөө удирдах байгууллага  415                   18                  
нутгийн өөрөө удирдах байгууллаг  415                   18                  
хувийн ашиг сонирхл             416, 528, 528, 529    5, 10, 27, 10       
                                529, 867, 1068        27, 14, 5           
ашиг сонирхлын зөрчл            416, 477, 478, 523    9, 7, 7, 4          
                                528, 529, 718, 1009   14, 14, 2, 23       
                                1068                  9                   
урьдчилан сэргийлэх             416, 477, 478, 528    12, 10, 10, 17      
                                529, 685, 717, 718    17, 15, 23, 5       
                                721, 863, 1068        36, 22, 12          
төрийн алба                     416, 432, 680, 756    19, 13, 7, 29       
                                970, 982, 991, 1004   26, 8, 29, 13       
                                1107, 1129, 1349      10, 10, 11          
төрийн алб                      416, 432, 680, 756    19, 13, 7, 29       
                                970, 982, 991, 1004   26, 8, 29, 13       
                                1107, 1129, 1349      10, 10, 11          
тэмдэглэл                       416, 416, 416, 427    35, 59, 68, 38      
                                428, 637, 814, 926    10, 16, 19, 3       
                                965, 967, 1062, 1063  3, 3, 31, 10        
                                1140, 1148, 1150, 1227  7, 21, 27, 10       
                                1228, 1230, 1260, 1260  2, 11, 4, 17        
баталгаажуулах                  416, 607, 966, 1222   70, 31, 6, 17       
мөрдөн шалгах ажиллагаа         417                   18                  
нөлөөллийн мэдүүлг              420, 421, 422, 423    19, 5, 2, 5         
                                424, 427, 600, 600    7, 6, 17, 21        
нөлөөллийн мэдүүлэг             420, 421, 422, 423    19, 5, 2, 5         
                                424, 427, 600, 600    7, 6, 17, 21        
холбогдох этгээд                428, 722, 1063, 1123  19, 26, 23, 13      
                                1184, 1202            11, 20              
нэмэгдл                         432, 433, 763, 1006   19, 5, 12, 12       
нэмэгдэл                        433, 437, 453, 453    8, 8, 11, 30        
авто зам                        436                   28                  
зорчигч                         436                   30                  
хөрөнгө оруулалт                439, 725, 726, 729    15, 9, 9, 29        
төсвийн төсл                    440, 441, 442         9, 9, 5             
улсын  төсөв                    440                   13                  
улсын төсөв                     440                   13                  
улсын төсв                      441, 444, 451         12, 8, 37           
хураамж                         444, 958              7, 3                
даатгалын нөхөн төлбөр          446, 447, 448         15, 19, 18          
тэтгэмж                         451, 455              29, 19              
орон сууц                       454                   9                   
мэргэшлийн түвшн                456, 708              4, 8                
албаны орон сууц                464                   5                   
тээш                            467                   8                   
аюул                            472                   10                  
эд мөрийн баримт                475, 922              10, 2               
давуу байдал                    481, 490, 519, 873    11, 25, 11, 13      
                                1088                  11                  
төрийн нууц                     482, 1089             10, 10              
хүний эмзэг мэдээлл             483, 484              14, 14              
хууль ёсны төлөөлөгч            490, 491              10, 17              
хөнгөлөлт                       490                   27                  
аж ахуйн үйл ажиллагаа          493                   6                   
аж ахуйн нэгж                   493                   11                  
олон улсын гэрээ                494, 497, 693         3, 3, 3             
олон улсын байгууллаг           494, 497, 693         20, 27, 20          
олон улсын байгууллага          494, 497, 693         20, 27, 20          
гадаадын иргэн                  494                   23                  
монгол улсын нутаг дэвсгэр      497                   18                  
салбар                          497                   31                  
нэгж                            497, 650, 821         32, 16, 12          
сонгуульд нэр дэвшигч           499, 499              15, 29              
төрийн байгууллаг               499, 499              2, 11               
төрийн байгууллага              499, 499              2, 11               
эс үйлдэхүй                     505, 890              11, 6               
мансууруулах эм, сэтгэцэд нөлөөт бодис  511                   9                   
согтууруулах ундаа              511                   7                   
бэлг                            513, 873, 1076        22, 7, 14           
бэлэг                           513, 873, 1076        22, 7, 14           
мэдээллийн сүлжээ               514                   9                   
ажилтан                         517, 601, 619, 709    2, 12, 13, 6        
                                938, 939, 939, 940    5, 11, 15, 3        
                                968, 970, 973, 982    6, 3, 3, 7          
                                985, 1004, 1127, 1128  3, 10, 4, 8         
                                1129, 1260, 1260      9, 7, 12            
гэрч                            518, 634, 699, 1176   3, 13, 22, 9        
                                1216, 1237            3, 25               
зохицуулалт                     523, 544, 596, 1079   7, 16, 5, 12        
                                1127                  16                  
ашиг сонирхлын зөрчил           524, 863              6, 18               
өмгөөллийн үйл ажиллагаа        525, 526              11, 11              
орлого                          527, 528, 529         9, 25, 25           
орлог                           527, 528, 529         9, 25, 25           
авлиг                           528, 529, 624, 624    2, 2, 7, 19         
                                741                   7                   
авлига                          528, 529, 624, 624    2, 2, 7, 19         
                                741                   7                   
сонгуулийн жил                  535                   16                  
эвсл                            535                   8                   
нотлох баримт                   591, 632, 633, 773    3, 8, 8, 7          
                                1140, 1147, 1176, 1182  16, 2, 6, 26        
                                1182, 1184, 1194, 1201  28, 8, 27, 10       
                                1202, 1203, 1203, 1204  10, 7, 17, 7        
                                1205, 1206, 1207, 1210  16, 11, 3, 11       
                                1211, 1212, 1219, 1221  12, 14, 4, 2        
                                1248, 1252, 1257, 1258  6, 4, 7, 7          
                                1280, 1293, 1317      21, 13, 6           
улсын бүртгэл                   605                   18                  
улсын бүртгэлийн мэдээллийн нэгдсэн сан  606                   15                  
мэдээллийн сан                  610, 740              20, 6               
дотоодын жагсаалт               614, 615              17, 6               
ажил олгогч                     618, 619              8, 5                
мэдэгдэл                        618, 721              10, 51              
хуульч                          661, 779, 831         17, 18, 3           
эрх бүхий этгээд                674, 887, 1102        20, 19, 18          
стандарт                        675, 729, 734         6, 16, 34           
дүрэм                           675, 691, 973, 1013   7, 8, 10, 13        
дүрм                            677, 820, 863, 1031   19, 19, 34, 8       
                                1032, 1127            11, 7               
мэргэжил                        678, 947, 981         7, 9, 4             
мэдээллийн технологи            681, 926              6, 4                
мэдээллийн технолог             681, 926              6, 4                
нэгдсэн систем                  682, 694              7, 14               
ашиглалт                        688, 732, 741, 921    9, 7, 15, 7         
мэргэжилтн                      689                   5                   
техникийн нөхцөл                690                   12                  
эрүүл, аюулгүй орчн             691                   3                   
гэрээ                           693, 697              29, 7               
домэйн нэр                      697                   41                  
хэлцэл                          697                   8                   
бүтээл                          697, 697              16, 30              
зохиогч                         697, 697              17, 31              
хөдөлгөөн                       702, 742              14, 15              
сургалтын байгууллаг            707                   15                  
сургалтын байгууллага           707                   15                  
ажилтн                          707, 898, 932, 981    5, 5, 4, 3          
                                1111, 1162, 1233, 1277  3, 24, 29, 29       
барилга байгууламж              729                   24                  
тоног төхөөрөмж                 731, 734              4, 27               
бүрэн бүтэн байдл               732, 921              13, 13              
захиргааны үйл ажиллагаа        737                   2                   
статистикийн мэдээлэл           737                   5                   
монголын өмгөөлөгчдийн холбоо   779                   20                  
дахин санал хураалт             813                   34                  
төсвийн ерөнхийлөн захирагч     857                   22                  
ахмад                           860, 1061             8, 19               
ахмд                            860, 1061             8, 19               
хамаарал бүхий этгээд           866, 1082             7, 6                
төсвийн шууд захирагч           896                   7                   
захидал, харилцаа               920                   4                   
шуудан                          920, 1162, 1233, 1277  6, 20, 25, 25       
                                1312                  15                  
хуульчийн мэргэжлийн үйл ажиллагаа эрхлэх зөвшөөрөл  947                   10                  
баримт бичгийн бүрдл            950                   7                   
эвлэрүүлэн зуучлагч             971                   3                   
төрийн албан хаагч              973                   4                   
эрх бүхий албан тушаалтан       982                   18                  
мэргэжлийн сургалт              985                   8                   
төсвийн төсөл                   1057                  5                   
гэр бүлийн гишүүн               1083, 1215            4, 4                
итгэмжлэгдсэн төлөөлөгч         1137, 1153            10, 3               
итгэмжлэл                       1153                  13                  
бичмэл нотлох баримт            1220, 1222            11, 6               
байгууллагын архив              1222                  10                  
шүүх шинжилгээ                  1225                  6                   
овог                            1229                  19                  
овг                             1229                  19                  
гарын үсэг зурах                1271                  21                  
мэдэгдл                         1330                  24                  
