File: MNCLW00410.txt
Search Method: Aho-Corasick
Total runtime: 0.000430s
Found terms: 122

Term                            Line                  Word Place          

хүү                             5, 36                 2, 1                
нийгмийн даатгалын сан          6, 10, 14             1, 5, 1             
төсв                            6, 10, 11, 12         6, 10, 8, 6         
                                12, 15, 56            16, 8, 8            
орлог                           10, 15, 18, 51        13, 11, 1, 2        
                                53                    2                   
орлого                          10, 15, 18, 51        13, 11, 1, 2        
                                53                    2                   
зарлага                         10, 14, 56, 59        15, 8, 11, 1        
                                130                   2                   
зарлиг                          10, 14, 56, 59        15, 8, 11, 1        
                                130                   2                   
зарлаг                          10, 14, 56, 59        15, 8, 11, 1        
                                130                   2                   
зарлг                           10, 14, 56, 59        15, 8, 11, 1        
                                130                   2                   
сан                             11, 12, 15, 16        5, 3, 5, 31         
                                36, 56, 62, 65        3, 5, 3, 3          
                                68, 71, 133           7, 3, 5             
монгол улсын нэгдсэн төсв       12                    11                  
төсвийн байгууллаг              12                    20                  
төсвийн байгууллага             12                    20                  
нийгмийн даатгал                12, 16, 30, 57        25, 17, 4, 81       
                                83, 87, 91, 95        1, 1, 1, 1          
                                119                   3                   
удирдлага                       12                    22                  
удирдлаг                        12                    22                  
этгээд                          12                    32                  
төсвийн орлог                   14                    6                   
төсвийн орлого                  14                    6                   
хүний хөгжил сангийн төсв       16, 33                24, 6               
эрүүл мэндийн даатгал           16, 42                34, 1               
хөдөлмөрийн гэрээ               16, 45                48, 2               
нэгж                            16                    6                   
байгууллага                     16, 16, 21, 27        7, 12, 4, 2         
байгууллаг                      16, 16, 21, 27        7, 12, 4, 2         
даатгуулагч                     16, 16, 16, 39        39, 45, 63, 3       
                                42, 48                5, 10               
осол                            16, 57                55, 9               
мэргэжл                         16, 48, 57, 68        56, 3, 10, 3        
аж ахуйн нэгж                   21                    1                   
төсөв                           27                    1                   
эрүүл мэндийн даатгалын шимтгэл  36                    6                   
үйлдвэрлэлийн осол              48, 68                1, 1                
орон сууц                       57, 87                43, 8               
үйлчилгээ                       57, 57, 83, 87        27, 38, 3, 3        
өр                              57, 87                46, 11              
тэтгэвр                         62                    1                   
тэтгэмж                         65                    1                   
эрүүл мэндийн даатгалын сан     74                    1                   
хөрөнгө оруулалт                80                    1                   
тоног төхөөрөмж                 80, 128               5, 1                
сум                             83, 87                11, 16              
газар                           119                   6                   
хөрөнгө                         133                   7                   
хөрөнг                          133                   7                   
газр                            133                   13                  
