File: MNCLW00293.txt
Search Method: Aho-Corasick
Total runtime: 0.000809s
Found terms: 241

Term                            Line                  Word Place          

нийтлэх                         8, 9                  1, 1                
орон нутгийн төсөв              11, 12, 266, 267      25, 25, 7, 7        
санхүүгийн дэмжлэг              11, 12, 266, 267      23, 23, 5, 5        
                                268                   15                  
орлого                          11, 11, 11, 12        13, 16, 30, 13      
                                12, 12, 24, 26        16, 30, 18, 20      
                                26, 26, 26, 26        35, 48, 69, 91      
                                26, 26, 26, 26        115, 134, 144, 155  
                                26, 26, 26, 26        167, 194, 211, 222  
                                26, 26, 26, 26        240, 253, 263, 281  
                                26, 26, 26, 26        293, 305, 316, 329  
                                36, 44, 49, 60        5, 5, 6, 5          
                                74, 85, 96, 101       5, 5, 5, 5          
                                106, 111, 125, 133    5, 5, 5, 5          
                                138, 146, 151, 156    5, 5, 6, 5          
                                164, 169, 174, 179    5, 5, 6, 5          
                                184, 266, 267, 304    5, 12, 12, 11       
зарлага                         11, 12, 18, 19        14, 14, 7, 7        
байгууллага                     11, 12, 24, 26        18, 18, 13, 59      
                                57                    2                   
төсөв                           11, 12, 187, 304      36, 36, 17, 6       
төсвийн байгууллага             14, 15, 26, 26        16, 16, 17, 32      
                                26, 26, 26, 26        45, 66, 88, 112     
                                26, 26, 26, 26        131, 141, 152, 164  
                                26, 26, 26, 26        191, 208, 219, 237  
                                26, 26, 26, 26        250, 260, 278, 290  
                                26, 26, 26, 36        302, 313, 326, 2    
                                44, 49, 60, 74        2, 3, 2, 2          
                                85, 96, 101, 106      2, 2, 2, 2          
                                111, 125, 133, 138    2, 2, 2, 2          
                                146, 151, 156, 164    2, 3, 2, 2          
                                169, 174, 179, 184    2, 3, 2, 2          
удирдлага                       14, 15                18, 18              
төсвийн орлого                  18, 19, 20            5, 5, 12            
улсын  төсөв                    22, 187, 268          5, 5, 9             
улсын төсөв                     22, 187, 268          5, 5, 9             
төсвийн  зарлага                22                    12                  
төсвийн зарлага                 22                    12                  
олон нийтийн радио, телевиз     26, 181, 189, 257     320, 3, 183, 3      
төлөөлөгчийн газар              26, 54                55, 2               
хот байгуулалт                  26, 103, 189, 222     147, 2, 89, 2       
аялал жуулчлал                  26, 113, 189, 226     171, 3, 101, 3      
нийгмийн даатгал                26, 130               202, 2              
эрчим хүч                       26, 135, 189, 230     214, 2, 111, 2      
газрын тос                      26, 143               230, 3              
газар                           26, 26, 26, 26        29, 38, 41, 63      
                                26, 26, 26, 26        77, 82, 178, 188    
                                26, 26, 26, 26        205, 234, 275, 297  
                                41, 46, 46, 57        3, 2, 5, 6          
                                65, 68, 116, 122      4, 4, 4, 5          
                                130, 143, 161, 171    5, 7, 4, 3          
                                189, 189, 189, 189    5, 13, 60, 63       
                                189, 190, 192, 210    169, 5, 6, 2        
                                210, 252              5, 3                
үйлчилгээ                       26, 57                60, 3               
ажилгүй                         26, 26, 57, 148       61, 244, 4, 3       
                                189, 234              121, 3              
сан                             26, 71                85, 2               
мэдээлэл                        26, 79                101, 3              
иргэн                           26, 82                105, 2              
зам                             26, 26, 119, 122      182, 185, 3, 2      
мэргэжил                        26, 26, 158, 161      266, 273, 2, 2      
                                189, 238              130, 2              
төсвийн ерөнхийлөн захирагч     187                   11                  
зохион байгуулагч               189, 254              175, 4              
шүүгч                           189, 197              30, 5               
шүүх                            189, 197              30, 5               
зөвлөл                          189, 189, 189, 199    34, 44, 144, 3      
                                203, 242              4, 3                
прокурор                        189, 201              39, 3               
аюул                            189, 203              42, 2               
аудитор                         189, 248              160, 3              
ажил                            189, 254              173, 2              
нийслэл                         189, 259, 304         189, 2, 5           
хөрөнгө оруулалт                262, 262              13, 25              
гүйцэтгэгч                      262                   22                  
мөрдөгч                         323                   15                  
