File: MNCLW00286.txt
Search Method: Trie (MWE + Single-Word)
Total runtime: 0.001687s
Found terms: 101

Term                            Line                  Word Place          

орлого                          7, 8, 8, 8            8, 4, 11, 16        
                                8, 8, 8, 8            77, 90, 96, 103     
                                8, 8, 8, 8            110, 117, 123, 130  
                                8, 10, 12, 14         137, 2, 4, 2        
                                28, 32, 34, 36        4, 3, 3, 4          
                                38, 40, 42, 44        5, 4, 3, 4          
                                46                    4                   
албан татвар                    8, 8, 8, 8            9, 17, 24, 32       
                                8, 8, 8, 12           39, 55, 62, 2       
                                14, 16, 18, 20        3, 3, 4, 3          
                                22, 24                12, 3               
нийгмийн даатгал                8, 26                 68, 2               
газрын тос                      8, 36                 101, 2              
төсвийн байгууллага             8, 38                 107, 2              
гадаадын тусламж                8, 46                 135, 2              
түлш                            8, 22                 47, 4               
хувьцаа                         8, 30                 82, 2               
хөрөнгө                         8, 42                 122, 2              
хөрөнгө оруулалт                48, 49, 54            14, 13, 2           
батлан хамгаалах                48, 49, 62            20, 45, 2           
зарлага                         48, 49, 50            8, 2, 2             
үйлчилгээ                       48, 49, 60            18, 39, 4           
тэтгэвэр                        48, 49, 82            28, 121, 2          
сан                             48, 49, 49, 52        30, 8, 123, 3       
                                82                    4                   
төсөв                           49, 49, 49, 49        57, 65, 73, 82      
                                49, 49, 49, 49        89, 96, 103, 108    
                                64, 66, 68, 70        5, 5, 6, 7          
                                72, 74, 76, 78        5, 5, 5, 3          
                                86                    5                   
зөвлөл                          49, 72                88, 4               
прокурор                        49, 78                107, 2              
аюул                            49, 80                113, 3              
хангагч                         49, 80                115, 5              
газар                           49, 80                116, 6              
нийслэл                         86                    7                   
