File: MNCLW00070.txt
Search Method: Aho-Corasick
Total runtime: 0.000324s
Found terms: 39

Term                            Line                  Word Place          

төрийн ордон                    5                     1                   
эрх бүхий хуулийн этгээд        6, 7, 10, 10          2, 2, 5, 15         
                                11                    5                   
мөнгөн хадгаламж                6, 7, 10, 11          6, 6, 19, 9         
үйл ажиллагаа                   6, 7, 10, 10          12, 12, 10, 25      
                                11                    15                  
банк                            6, 7, 10, 10          1, 1, 4, 14         
                                11                    4                   
хөрөнгө                         6, 7, 10, 11          9, 9, 22, 12        
шилжүүлэг                       6, 7, 10, 11          10, 10, 23, 13      
зээл                            6, 7, 10, 11          11, 11, 24, 14      
мөрдөгч                         8, 9, 11              4, 4, 27            
журам                           8, 9                  5, 5                
даруй                           10                    13                  
хангагч                         10                    41                  
