File: MNCLW00511.txt
Search Method: Aho-Corasick
Total runtime: 0.008348s
Found terms: 797

Term                            Line                  Word Place          

төрийн ордон                    5                     1                   
өргөн нэвтрүүлэг                6, 49, 50, 61         1, 1, 1, 13         
                                87, 94, 215, 221      10, 10, 10, 10      
                                225, 225, 235, 235    2, 13, 13, 22       
                                237, 252, 285, 297    25, 18, 6, 1        
                                298, 313              1, 15               
нийтлэх                         7, 9, 59              3, 1, 3             
өргөн нэвтрүүлгийн үйлчилгээ    11, 11, 21, 51        5, 26, 9, 8         
                                73, 75, 76, 92        19, 1, 1, 8         
                                102, 118, 119, 206    3, 3, 7, 1          
                                207, 209, 218, 220    1, 4, 3, 20         
                                241, 242, 248, 287    1, 1, 4, 1          
                                288                   1                   
зах зээл                        11, 61, 88, 213       13, 7, 3, 10        
                                221, 328              17, 3               
нэвтрүүлэг                      12, 13, 20, 24        4, 2, 2, 2          
                                25, 33, 36, 37        2, 5, 17, 2         
                                37, 37, 39, 40        8, 15, 4, 5         
                                45, 51, 52, 61        2, 4, 2, 2          
                                64, 65, 70, 72        4, 2, 2, 2          
                                73, 77, 78, 79        2, 4, 2, 2          
                                80, 87, 88, 99        2, 2, 2, 2          
                                119, 130, 212, 213    2, 2, 2, 2          
                                215, 219, 223, 224    2, 2, 2, 4          
                                226, 227, 228, 229    2, 11, 2, 2         
                                230, 231, 235, 237    2, 2, 2, 2          
                                243, 244, 255, 262    4, 2, 2, 6          
                                263, 263, 266, 270    2, 14, 8, 15        
                                272, 277, 289, 290    7, 7, 4, 2          
                                292, 293, 294, 295    12, 34, 13, 7       
                                300, 302, 306, 307    2, 2, 2, 2          
                                309, 311, 312, 316    2, 2, 2, 2          
                                317, 318, 319, 320    2, 2, 2, 2          
                                321, 323, 325, 328    2, 2, 2, 2          
                                334, 335, 336, 340    4, 2, 2, 2          
                                348, 349, 350, 352    4, 2, 2, 4          
зар сурталчилгаа                13, 20, 20, 266       24, 6, 17, 2        
                                270, 271, 272, 273    6, 12, 9, 6         
                                274, 292, 293         10, 13, 35          
хамаарах эрх                    13                    32                  
мэдээлэл                        13, 32, 36, 59        11, 21, 16, 10      
                                107, 216, 218, 222    6, 22, 16, 5        
                                223, 257, 311, 317    7, 9, 14, 13        
зөвшөөрөл                       13, 89, 90, 97        36, 13, 2, 4        
                                98, 104, 105, 105     2, 4, 2, 5          
                                107, 109, 110, 117    2, 4, 3, 2          
                                122, 158, 161, 164    3, 4, 4, 2          
                                165, 168, 173, 175    2, 2, 4, 2          
                                175, 186, 188, 188    3, 4, 2, 3          
                                193, 196, 201, 203    4, 10, 4, 2         
                                222, 325              2, 5                
мөрдөгч                         15, 58, 63, 248       19, 12, 3, 10       
                                257, 343, 355         13, 15, 12          
үйлчлэгч                        16, 30                4, 18               
үйл ажиллагаа                   17, 42, 42, 44        5, 3, 18, 6         
                                52, 82, 95, 180       3, 7, 14, 8         
                                218, 244, 306, 307    12, 14, 3, 3        
                                316, 348, 349, 350    3, 5, 3, 4          
нийслэл                         19                    9                   
сум                             19                    10                  
иргэн                           19, 35, 35, 59        12, 6, 21, 13       
                                81, 226, 294, 295     3, 5, 9, 3          
үйлчилгээ                       20, 25, 25, 26        3, 3, 11, 5         
                                26, 27, 29, 29        28, 4, 3, 16        
                                45, 49, 50, 64        13, 5, 5, 5         
                                65, 66, 67, 72        3, 5, 4, 3          
                                73, 77, 78, 79        3, 5, 3, 3          
                                80, 89, 90, 99        3, 6, 12, 3         
                                119, 130, 180, 210    3, 3, 4, 5          
                                211, 213, 219, 223    4, 3, 3, 3          
                                226, 231, 232, 235    3, 3, 3, 10         
                                235, 235, 243, 244    16, 25, 5, 3        
                                244, 249, 250, 251    10, 7, 5, 5         
                                251, 254, 267, 271    10, 3, 3, 4         
                                273, 276, 278, 280    3, 3, 6, 4          
                                281, 282, 283, 283    4, 4, 4, 6          
                                284, 289, 290, 318    4, 5, 3, 3          
                                319, 320, 321, 323    3, 3, 3, 3          
                                325, 326, 334, 335    3, 4, 5, 3          
                                336, 337, 339, 340    3, 3, 3, 3          
                                342, 344, 350         3, 3, 3             
тодорхойлолт                    22, 112               6, 5                
хэрэглэгч                       23, 26, 43, 47        3, 12, 4, 5         
                                291                   23                  
хөтөлбөр                        24, 29, 38, 45        6, 7, 5, 8          
                                118, 134, 232, 254    17, 3, 13, 6        
                                263, 264, 270, 271    5, 3, 9, 10         
                                276, 277, 279, 280    6, 8, 16, 9         
                                281, 282, 290, 322    15, 15, 7, 5        
                                324, 327, 337, 344    8, 3, 8, 12         
сүлжээ                          24, 26, 226           11, 10, 7           
радио, телевизийн үйлчилгээ     26, 30, 31, 37        17, 22, 14, 4       
                                45, 47, 68, 69        18, 17, 3, 2        
                                70, 71, 89, 94        3, 2, 14, 12        
                                212, 250              3, 14               
газар                           26, 66, 89, 94        3, 3, 3, 7          
                                210, 226, 231, 249    3, 9, 15, 5         
                                250, 251, 252, 299    3, 3, 5, 4          
                                301, 313              5, 5                
төлбөр                          26, 47, 234, 252      23, 14, 15, 28      
                                266, 270              4, 12               
хангагч                         26, 53, 98, 100       27, 15, 6, 16       
                                113, 114, 114, 119    11, 9, 16, 23       
                                128, 130, 134, 142    9, 21, 15, 17       
                                214, 230, 246, 251    7, 16, 17, 16       
                                317, 343              14, 12              
суваг                           27, 67, 211, 234      2, 2, 2, 6          
                                271, 271, 278, 280    2, 9, 4, 2          
                                281, 282, 283, 284    2, 2, 2, 2          
                                326                   2                   
нийтэд түгээх                   29                    14                  
ашгийн төлөө үйл ажиллагаа      31, 41                9, 9                
хөрөнгө оруулалт                31, 83, 100, 118      7, 2, 5, 8          
мэдээ                           32, 59, 257, 266      20, 9, 8, 7         
                                294, 295, 311         12, 6, 13           
бүтээл                          35, 35, 35, 62        2, 9, 23, 2         
                                228, 256, 258, 259    5, 7, 7, 2          
                                260, 261, 291         3, 2, 25            
гишүүн                          35, 237, 238          13, 31, 8           
хүсэлт                          37, 142, 146, 148     12, 9, 6, 4         
                                152, 184              11, 16              
нэгж                            38                    9                   
этгээд                          39, 41, 80, 94        13, 3, 8, 4         
                                112, 138, 140, 140    8, 13, 7, 30        
                                142, 142, 148, 152    8, 13, 2, 10        
                                209                   2                   
тайлбар                         40, 262               2, 2                
хуулийн этгээд                  41, 41, 79, 83        7, 16, 10, 4        
                                107, 216, 217, 219    15, 4, 4, 9         
                                237, 294, 295, 353    9, 10, 4, 5         
хүн                             41, 41, 88, 100       6, 15, 6, 7         
                                293, 328, 353         24, 6, 4            
компани                         42, 188, 217, 220     6, 13, 20, 13       
нөхөрлөл                        42, 219               7, 18               
ажилгүй                         42                    10                  
зээл                            42                    13                  
байгууллага                     42, 81, 84, 85        17, 2, 2, 22        
                                297, 298, 303, 304    7, 7, 10, 10        
                                306, 307, 312, 317    13, 13, 11, 12      
олон суваг дамжуулах үйлчилгээ  43, 47, 232, 239      5, 9, 6, 7          
                                285                   11                  
үр                              44, 87, 132           9, 27, 9            
сонгогч                         47, 92, 122, 124      8, 14, 16, 8        
                                142, 144, 152, 313    5, 3, 7, 19         
                                313                   25                  
зохицуулалт                     51, 206, 207, 270     6, 7, 7, 17         
                                297, 298, 326, 339    4, 4, 7, 8          
үндэсний аюулгүй байдал         53, 264, 279          7, 7, 20            
шашны байгууллага               57                    2                   
салбар                          61, 221               15, 12              
зохицуулах хороо                73, 73, 213, 222      13, 16, 17, 6       
                                270, 316, 349         21, 6, 7            
тохиолдол                       73, 140, 142, 144     10, 24, 18, 2       
                                191, 220, 223, 277    13, 19, 13, 3       
нийтлэг журам                   77                    7                   
тусгай зөвшөөрөл                78, 79, 80, 86        7, 5, 5, 3          
                                90, 90, 92, 94        9, 17, 11, 16       
                                102, 110, 114, 115    30, 12, 19, 16      
                                119, 119, 120, 121    11, 17, 3, 3        
                                122, 138, 142, 159    14, 14, 34, 12      
                                159, 162, 169, 170    20, 5, 15, 3        
                                170, 171, 184, 184    19, 10, 13, 18      
                                191, 191, 194, 196    7, 20, 23, 3        
                                196, 196, 198, 199    19, 36, 5, 14       
                                199, 199, 200, 202    26, 33, 9, 3        
                                204, 209, 216, 218    3, 9, 17, 7         
                                219, 223, 223, 320    5, 4, 14, 5         
                                328, 330, 330, 330    18, 3, 12, 18       
төрийн бус байгууллага          82                    10                  
эвсэл                           82                    4                   
аж ахуйн нэгж                   85                    19                  
гадаадын иргэн                  85                    15                  
зөвлөл                          85                    3                   
удирдлага                       85                    5                   
харилцаа холбоо                 87                    8                   
талууд                          87, 196, 300, 306     3, 9, 3, 5          
                                307, 309, 311, 316    5, 3, 9, 5          
                                317, 317              3, 7                
тал                             87, 196, 300, 306     3, 9, 3, 5          
                                307, 309, 311, 316    5, 3, 9, 5          
                                317, 317              3, 7                
олон суваг дамжуулах үйлчилгээ эрхлэгч  89, 234, 236          8, 8, 6             
цахим хуудас                    90, 196               25, 30              
өргөдөл                         90, 112, 119          4, 6, 14            
журам                           90, 196, 213, 221     21, 18, 16, 31      
                                233, 238, 257, 270    13, 10, 11, 20      
                                284, 302, 311, 312    17, 8, 16, 8        
                                323, 325, 326, 330    7, 6, 8, 24         
                                341, 351              8, 9                
нээлт                           92, 215               13, 5               
хөрөнгө оруулагч                94                    2                   
аюул                            100                   12                  
тусгай зөвшөөрөл эзэмшигч       102, 198              7, 12               
баримт бичиг                    104, 113              7, 4                
нотлох баримт                   105, 198, 199         35, 16, 7           
эцсийн эзэмшигч                 107                   19                  
хувьцаа                         107, 217, 219, 220    17, 7, 13, 2        
                                220                   10                  
мэдэгдэл                        114, 140, 142, 142    24, 13, 21, 23      
ажил                            114, 121, 140, 142    26, 7, 18, 28       
                                169, 170, 196         11, 10, 26          
мэргэжил                        118                   12                  
гэрээ                           119, 140, 142, 150    19, 31, 32, 6       
                                168, 330              3, 26               
шийдвэр                         121, 169, 170, 196    6, 20, 7, 8         
                                196, 198, 199, 199    23, 9, 19, 32       
                                200                   13                  
үнэлгээ                         138, 138, 140         7, 11, 28           
эрх бүхий этгээд                140                   8                   
зарлаг                          144, 152, 272         6, 6, 3             
дахин сонгуул                   152                   16                  
улсын тэмдэгтийн хураамж        157, 157              5, 12               
зөвшөөрөл эзэмшигч              157, 162, 191, 200    2, 2, 2, 2          
                                216, 217              2, 2                
хураамж                         167                   3                   
тайлан                          168, 178              9, 5                
тэмдэглэл                       170                   23                  
мэргэжлийн байгууллага          182                   9                   
дүгнэлт                         182, 319              11, 12              
радио давтамжийн зурвас         191                   16                  
компани нэгдэх                  191                   5                   
эрх бүхий албан тушаалтан       217, 220              21, 14              
овог                            217                   15                  
эд хөрөнгө                      219                   21                  
арга хэмжээ                     223                   18                  
үндэсний бүтээл                 225, 230              8, 11               
сан                             225, 229, 230, 231    16, 4, 4, 17        
                                302, 312              4, 4                
улсын төсөв                     229                   5                   
улсын  төсөв                    229                   5                   
шалгуур үзүүлэлт                230, 313              9, 20               
хүртээмжтэй байдал              230                   20                  
хөрөнгө                         230, 231, 293         7, 26, 10           
бүх нийтийн үйлчилгээний үүргийн сан  231                   21                  
сүлжээнд холбогдох              232, 250              11, 11              
зааглах цэг                     233                   3                   
үндсэн багц                     235, 283, 284, 284    11, 7, 5, 10        
                                285, 326              15, 5               
орлого                          235, 238, 239, 321    17, 12, 15, 6       
арилжааны радио, телевиз        236                   2                   
холбоо                          237, 237              14, 16              
албан татвар                    239                   12                  
тоног төхөөрөмж                 246, 343              6, 6                
стандарт                        246, 343, 351         12, 13, 11          
тариф                           250, 284, 338         22, 8, 3            
ашиглалт                        251, 252              9, 7                
олон нийтийн радио, телевиз     252                   13                  
хариуцагч                       252, 297, 298         9, 6, 6             
төрийн албан ёсны хэл           254                   7                   
урьдчилан сэргийлэх             257, 311              5, 10               
дүрэм                           269, 323, 324, 351    10, 6, 9, 8         
хяналт тавих                    270, 313, 320, 323    25, 28, 11, 10      
                                330, 350, 351         29, 14, 13          
гамшиг                          272, 311              5, 5                
садар самууныг сурталчлах       291                   7                   
эм                              291                   19                  
хатгагч                         292                   9                   
агуулах                         292, 293, 295         10, 32, 8           
бэлэг                           293                   16                  
хориглосон бараа                294                   5                   
бүтээгдэхүүн                    294                   7                   
үйлдвэрлэгч                     294                   8                   
зохион байгуулагч               300                   11                  
захиргаа                        303, 304, 306, 307    8, 8, 11, 11        
өргөн нэвтрүүлгийн байгууллага  310                   3                   
санал                           317                   8                   
сонсогч                         341                   2                   
гомдол                          341                   4                   
захиргааны байгууллага          349                   12                  
технологийн горим               350                   7                   
заавар                          351                   10                  
