File: MNCLW00210.txt
Search Method: Trie (MWE + Single-Word)
Total runtime: 0.009583s
Found terms: 496

Term                            Line                  Word Place          

төрийн ордон                    5                     1                   
газар                           6, 10, 11, 12         2, 22, 4, 2         
                                12, 12, 15, 21        15, 19, 5, 15       
                                48, 48, 49, 51        2, 5, 10, 2         
                                51, 52, 53, 53        5, 28, 2, 5         
                                56, 56, 58, 58        2, 5, 2, 5          
                                60, 60, 61, 62        2, 5, 2, 6          
                                62, 65, 66, 66        9, 2, 4, 10         
                                66, 67, 67, 67        13, 2, 5, 7         
                                67, 67, 68, 68        13, 16, 14, 20      
                                68, 69, 69, 69        23, 2, 8, 11        
                                71, 71, 75, 75        2, 5, 2, 5          
                                79, 79, 80, 80        2, 5, 2, 5          
                                82, 82, 89, 89        10, 13, 2, 5        
                                95, 95, 96, 96        4, 7, 4, 7          
                                97, 97, 98, 98        2, 5, 2, 5          
                                98, 98, 99, 99        10, 13, 2, 5        
                                99, 101, 101, 101     17, 2, 5, 10        
                                101, 102, 102, 102    13, 2, 5, 12        
                                103, 103, 104, 104    4, 7, 2, 5          
                                108, 111, 111, 119    30, 18, 21, 17      
                                120, 120, 120, 121    2, 5, 26, 2         
                                124, 124, 125, 126    13, 16, 4, 23       
                                126, 127, 128, 128    26, 13, 15, 18      
                                129, 153, 153, 154    18, 2, 5, 2         
                                154                   5                   
нийтлэх                         8, 81                 1, 6                
захиргааны байгууллага          10, 51, 86, 96        5, 16, 7, 32        
үйл ажиллагаа                   10, 15, 17, 18        7, 30, 19, 7        
                                20, 23, 33, 34        25, 6, 4, 6         
                                35, 36, 37, 38        9, 6, 5, 7          
                                39, 40, 41, 42        3, 6, 5, 14         
                                43, 44, 48, 51        4, 6, 10, 14        
                                51, 52, 54, 56        18, 20, 4, 9        
                                67, 72, 73, 84        27, 19, 6, 11       
                                96, 105, 106, 108     22, 6, 5, 20        
                                110, 110, 111, 114    4, 8, 6, 8          
                                126, 141, 154, 160    6, 6, 6, 5          
хяналт тавих                    10, 21, 35, 46        27, 27, 11, 1       
                                48, 49, 51, 94        26, 5, 31, 1        
                                96, 116, 120, 121     24, 10, 23, 20      
байгууллага                     10, 15, 17, 18        24, 15, 13, 4       
                                18, 20, 20, 33        6, 11, 19, 1        
                                35, 51, 52, 53        5, 6, 17, 9         
                                56, 56, 58, 72        6, 24, 15, 16       
                                82, 83, 84, 85        5, 3, 20, 16        
                                90, 94, 108, 112      30, 3, 17, 23       
                                121, 122, 122, 145    15, 9, 32, 5        
төрийн байгууллага              12                    34                  
захиргаа                        12, 18, 20, 86        30, 2, 9, 11        
иргэн                           12, 99, 119, 120      33, 15, 18, 27      
                                121                   3                   
өргөдөл                         12, 53, 56, 75        39, 13, 15, 14      
                                76, 78, 80, 107       8, 14, 10, 4        
                                107, 116, 119, 120    12, 5, 25, 7        
                                121, 121, 122, 122    9, 22, 5, 17        
                                123, 127              5, 4                
гомдол                          12, 53, 56, 64        40, 14, 16, 2       
                                74, 75, 77, 78        4, 15, 2, 2         
                                78, 80, 80, 107       15, 11, 21, 5       
                                107, 116, 118, 119    13, 6, 4, 26        
                                120, 121, 122, 123    8, 10, 18, 6        
                                124, 127              2, 5                
мөрдөгч                         13, 19, 167           17, 6, 12           
үйлчлэгч                        14, 20, 21            4, 29, 32           
улсын төсөвт үйлдвэрийн газар   15                    19                  
хуулийн этгээд                  15, 38, 53, 56        28, 2, 7, 12        
                                75, 77, 78, 119       11, 12, 28, 2       
нийслэл                         15                    8                   
удирдлага                       17, 51, 109, 115      4, 26, 11, 11       
                                146                   6                   
ажилгүй                         17                    10                  
хариуцагч                       17                    11                  
зөрчлийн хэрэг бүртгэлт         19                    3                   
үндэсний аюулгүй байдал         19                    20                  
шүүхийн шийдвэр                 19, 20, 56            13, 16, 18          
зэвсэгт хүчин                   19                    17                  
шалгагч                         19, 68, 83, 84        7, 3, 7, 15         
                                88, 92, 97, 97        7, 2, 8, 11         
                                97, 98, 100, 100      13, 18, 3, 8        
                                105, 106, 126, 131    9, 8, 3, 2          
                                135, 143, 147         2, 3, 3             
журам                           19, 46, 52, 84        11, 3, 26, 17       
                                122, 124, 126, 129    22, 9, 15, 14       
                                132                   9                   
гүйцэтгэгч                      19, 20                15, 18              
шуудан                          19                    28                  
этгээд                          21, 23, 67, 73        5, 5, 26, 5         
                                88, 89, 90, 91        18, 23, 20, 8       
                                96, 111, 158          16, 5, 5            
шийдвэр                         21, 21, 36, 51        11, 24, 4, 12       
                                52, 56, 61, 66        4, 25, 3, 17        
                                67, 69, 72, 82        20, 15, 4, 6        
                                96, 105, 108          20, 4, 4            
зарлиг                          21                    13                  
тогтоол                         21                    16                  
захирамж                        21                    17                  
тэмдэглэл                       21                    19                  
нээлт                           31, 40                3, 3                
төрийн үйлчилгээ                38                    4                   
хангагч                         40, 41, 51, 99        5, 4, 28, 14        
                                109, 115, 146, 154    13, 12, 9, 15       
                                160, 162              17, 9               
зөвлөл                          43                    3                   
урьдчилан сэргийлэх             44, 89, 112           4, 16, 16           
хяналт шалгалт                  48, 60, 65, 66        21, 8, 4, 19        
                                67, 68, 69, 70        29, 10, 28, 5       
                                71, 74, 75, 76        10, 7, 17, 5        
                                77, 78, 79, 80        5, 4, 17, 27        
                                82, 83, 107, 111      14, 10, 16, 8       
                                126, 150, 160         4, 5, 21            
үнэлгээ                         48, 50, 52, 53        13, 4, 15, 18       
                                54, 56, 72, 108       11, 27, 6, 15       
                                109, 129              3, 8                
тандалт                         48, 56, 72, 128       15, 31, 13, 7       
тайлан                          48, 52, 58, 108       18, 8, 18, 8        
                                114, 124, 140         4, 5, 5             
мэдээлэл                        48, 52, 56, 57        19, 9, 17, 4        
                                58, 64, 74, 80        19, 3, 5, 12        
                                84, 107, 107, 108     13, 6, 14, 9        
                                114, 120, 121, 121    15, 9, 11, 25       
                                124, 125, 126, 132    6, 6, 10, 4         
                                134, 137, 159, 160    11, 8, 6, 14        
нийтлэг журам                   49                    7                   
ажил                            51, 54, 65, 85        22, 13, 6, 19       
                                86, 108, 149          5, 26, 7            
зохицуулалт                     51, 81, 109           27, 7, 12           
зохион байгуулагч               52, 54, 108, 108      6, 14, 6, 27        
үр                              52, 52, 90, 108       12, 22, 13, 12      
                                108                   22                  
хүн                             53, 56, 75, 77        6, 11, 10, 11       
                                78, 109               27, 5               
хөрөнгө оруулалт                69                    20                  
бүтээн байгуулалт               69                    22                  
төсөл                           69                    24                  
өргөдөл, гомдол гаргах          77, 78                8, 24               
тохиолдол                       78                    10                  
тал                             78, 89, 91, 112       23, 18, 16, 27      
                                122, 140              25, 4               
талууд                          78, 89, 91, 112       23, 18, 16, 27      
                                122, 140              25, 4               
мэдээ                           84                    6                   
шинжээч                         84, 85, 149           9, 10, 5            
тусгай мэдлэг                   85                    4                   
мэргэшил                        85                    6                   
мэргэжилтэн                     85                    12                  
арга хэмжээ                     87                    7                   
мэдэгдэл                        88, 89, 145           11, 24, 8           
эрх бүхий этгээд                90, 113               24, 12              
тушаал                          101, 101              7, 15               
дүрэм                           102                   6                   
мэргэжил                        109, 115, 146         14, 8, 3            
санал                           110, 112, 113         12, 28, 11          
ашиг сонирхлын зөрчил           112                   13                  
хүртээмжтэй байдал              114                   20                  
нэгж                            115                   6                   
ажилтан                         115                   7                   
танилцуулга                     125, 150              5, 8                
баримт бичиг                    132, 159              2, 4                
мэдээллийн сан                  134                   7                   
удирдамж@@                      136, 144, 150         3, 3, 4             
хүний эмзэг мэдээлэл            138                   9                   
албаны нууц                     138                   7                   
зохиогч                         146                   7                   
цахим мэдээлэл                  160                   10                  
систем                          160, 160              9, 18               
сан                             160                   12                  
тайлбар                         161                   5                   
төлбөр                          165                   13                  
