File: MNCLW00421.txt
Search Method: Aho-Corasick
Total runtime: 0.000810s
Found terms: 96

Term                            Line                  Word Place          

төрийн ордон                    5                     1                   
нийгмийн даатгалын сан          6, 11, 16, 17         1, 5, 1, 1          
нийтлэх                         8, 9                  1, 1                
орлого                          11, 18, 19, 22        13, 16, 16, 2       
                                22, 22, 25, 71        80, 103, 1, 2       
                                83                    2                   
төсөв                           11, 96, 97            17, 13, 13          
сан                             12, 13, 14, 18        5, 3, 3, 5          
                                19, 87, 100, 100      5, 5, 16, 21        
                                100, 100, 114, 117    30, 35, 3, 3        
                                120, 123              7, 3                
нийгмийн даатгал                13, 14, 22, 59        18, 18, 43, 3       
                                100, 129              46, 3               
төсвийн орлого                  16, 17                6, 6                
зарлага                         16, 17, 100, 100      8, 8, 2, 55         
                                103, 131              1, 2                
төсвийн ерөнхийлөн захирагч     18, 19, 87, 88        10, 10, 11, 2       
                                90, 96, 97            1, 7, 7             
эрүүл мэндийн даатгалын сан     22, 81                95, 1               
аж ахуйн нэгж                   22, 47                14, 1               
төсвийн байгууллага             22, 53                27, 1               
үйлдвэрлэлийн осол              22, 68, 100, 120      65, 1, 24, 1        
улсын  төсөв                    22, 74                83, 1               
улсын төсөв                     22, 74                83, 1               
санхүүгийн дэмжлэг              22, 74                86, 4               
байгууллага                     22, 47                17, 4               
иргэн                           22, 22, 59, 65        42, 60, 2, 6        
даатгуулагч                     22, 22, 62, 68        50, 74, 3, 10       
                                100, 129              44, 1               
мэргэжил                        22, 68, 100, 120      67, 3, 26, 3        
шилжүүлэг                       22, 81                100, 6              
төлбөр төлөгч                   87                    19                  
үйл ажиллагаа                   100, 126              38, 1               
тэтгэвэр                        100, 114              14, 1               
тэтгэмж                         100, 117              19, 1               
мөрдөгч                         135                   14                  
