File: MNCLW00185.txt
Search Method: Trie (MWE + Single-Word)
Total runtime: 0.019378s
Found terms: 750

Term                            Line                  Word Place          

нийтлэх                         9, 11, 17, 63         3, 1, 20, 2         
                                77, 156, 167, 288     2, 11, 36, 27       
                                291, 296, 316         10, 22, 17          
үйл ажиллагаа                   13, 18, 19, 31        18, 6, 4, 30        
                                47, 60, 61, 63        3, 3, 8, 8          
                                64, 89, 107, 116      6, 20, 4, 5         
                                130, 136, 183, 280    21, 3, 3, 5         
                                338                   22                  
цэргийн алба                    15, 15, 17, 26        14, 22, 2, 2        
                                28, 33, 40, 41        8, 2, 2, 2          
                                43, 73, 157, 158      9, 2, 2, 2          
                                159, 160, 164, 165    2, 2, 2, 2          
                                166, 169, 170, 173    2, 2, 2, 2          
                                184, 194, 202, 207    2, 2, 2, 2          
                                220, 240, 242, 249    2, 2, 2, 2          
                                250, 253, 253, 267    2, 2, 5, 2          
                                272, 273, 276, 288    2, 2, 2, 2          
                                288, 291, 293, 294    18, 2, 2, 2         
                                296, 296, 312, 316    2, 10, 2, 2         
                                316, 317, 320, 320    5, 2, 2, 5          
                                323, 323, 324, 326    2, 5, 2, 2          
                                328, 330, 333         2, 2, 2             
тэтгэвэр                        15, 323, 323          25, 8, 14           
тэтгэмж                         15, 323, 323          26, 9, 16           
мөрдөгч                         16, 63, 114, 130      17, 11, 8, 12       
                                298, 299, 313, 345    15, 11, 35, 12      
дотоодын цэргийн алба-ажиллагаа  17, 67, 107, 134      14, 16, 6, 9        
                                271, 289, 290, 292    3, 15, 4, 7         
                                295, 315, 319, 321    4, 4, 4, 4          
                                322, 327, 332, 338    9, 7, 4, 7          
                                342, 343              4, 11               
дүрэм                           17, 63, 112, 143      17, 12, 7, 14       
                                298                   21                  
зохион байгуулагч               19, 60, 65, 70        29, 6, 11, 10       
                                75, 89, 232           11, 22, 21          
хүн                             19, 31, 70, 111       8, 17, 3, 6         
                                145, 164, 173, 175    18, 13, 21, 2       
                                181, 199, 200, 206    2, 3, 21, 18        
                                208, 208, 212, 213    3, 13, 2, 2         
                                216, 218, 219, 224    2, 2, 2, 3          
                                227, 230, 233, 233    2, 4, 2, 13         
                                234, 235, 250, 255    2, 2, 21, 3         
                                256, 256, 258, 262    3, 14, 14, 7        
                                266, 269, 278, 289    11, 2, 2, 4         
                                297, 304, 305, 306    6, 13, 16, 9        
                                312, 312, 318         9, 18, 10           
удирдлага                       19, 34, 36, 51        18, 8, 6, 7         
                                82, 292               6, 21               
аюул                            19, 64, 103, 118      23, 9, 5, 6         
                                124, 127, 147, 147    19, 3, 6, 20        
                                148, 150, 195, 233    10, 30, 11, 21      
                                235, 235, 238, 241    8, 20, 7, 12        
                                244, 250, 282, 302    13, 12, 15, 19      
                                304, 340              6, 7                
цэргийн байгууллага             20, 22, 22, 83        4, 2, 21, 7         
                                87, 179               21, 2               
үндэсний аюулгүй байдал         22                    7                   
хангагч                         22, 31, 65, 70        10, 7, 9, 8         
                                127, 159, 246, 291    5, 21, 8, 13        
                                327, 340              15, 9               
тодорхойлолт                    24                    6                   
хэрэглэгч                       25, 48, 48, 91        3, 10, 20, 13       
                                95, 158, 161, 163     7, 5, 7, 5          
                                167, 169, 177, 193    41, 9, 3, 8         
                                194, 197, 198, 200    11, 4, 10, 20       
                                202, 217, 219, 225    16, 9, 8, 15        
                                229, 230, 233, 239    3, 10, 25, 10       
                                240, 262, 263, 266    13, 4, 15, 27       
                                271, 274, 294, 318    15, 3, 25, 17       
                                333, 334              14, 3               
цэргийн анги, байгууллага       26                    10                  
цэргийн жинхэнэ алба            26, 89                15, 24              
цэргийн гэрээт алба хаагч       28                    2                   
цэргийн жинхэнэ алба хаагч      28, 43                19, 2               
иргэн                           28, 83, 124, 150      24, 26, 15, 19      
                                232, 298, 302, 326    12, 8, 32, 8        
барилга байгууламж              30                    21                  
газар                           30, 30, 37, 38        9, 12, 5, 2         
                                45, 46, 49, 95        9, 6, 16, 14        
                                124, 147, 158, 159    6, 7, 24, 28        
                                183, 231, 244, 264    14, 7, 10, 14       
                                276, 312, 340         11, 27, 25          
ачаа                            30, 104, 111, 144     16, 9, 9, 9         
                                145, 147, 148, 201    42, 4, 6, 4         
                                203, 221, 222, 254    22, 4, 4, 5         
                                255, 278, 279, 297    4, 13, 9, 16        
байгууллага                     30, 53, 56, 62        19, 3, 9, 2         
                                67, 73, 80, 89        8, 14, 8, 15        
                                112, 114, 116, 116    3, 12, 16, 37       
                                122, 122, 126, 130    2, 13, 18, 8        
                                130, 142, 143, 147    19, 20, 10, 11      
                                150, 164, 171, 198    5, 22, 5, 5         
                                234, 237, 292, 298    10, 9, 22, 41       
                                299, 300, 302, 303    16, 16, 5, 18       
                                306, 337, 340         23, 10, 16          
урьдчилан сэргийлэх             31, 115, 139, 176     9, 11, 11, 7        
                                199, 301, 302, 340    13, 18, 21, 12      
тээврийн хэрэгсэл               31, 111, 183, 183     20, 7, 21, 23       
                                242, 276, 297, 301    8, 18, 14, 26       
                                304                   14                  
шалгагч                         31, 111, 112, 116     22, 13, 8, 30       
                                235, 297, 302, 305    19, 9, 35, 19       
                                306                   16                  
журам                           31, 33, 61, 63        27, 12, 12, 13      
                                91, 95, 102, 112      4, 8, 3, 10         
                                116, 121, 123, 125    32, 6, 13, 14       
                                130, 131, 132, 134    13, 3, 10, 8        
                                140, 143, 148, 152    5, 15, 12, 13       
                                157, 158, 159, 161    14, 18, 22, 5       
                                166, 167, 203, 225    9, 39, 3, 3         
                                251, 265, 274, 298    6, 7, 6, 22         
                                305, 313, 334, 340    14, 34, 18, 23      
олон нийтийн аюулгүй байдлыг хангах  33, 102, 121, 123     14, 5, 8, 15        
                                131, 140              5, 7                
зохиогч                         34, 36                6, 4                
нэмэгдэл                        41                    7                   
гишүүн                          46, 95, 158, 159      7, 15, 25, 29       
                                264, 312              15, 28              
хяналт тавих                    47, 112, 141          13, 13, 17          
үр                              47, 85, 166           5, 21, 19           
сонсогч                         47                    9                   
галт зэвсэг                     48, 133, 158, 160     13, 11, 9, 9        
                                166, 167, 205, 266    15, 31, 3, 4        
                                266, 267, 268, 271    24, 5, 9, 7         
                                271, 273, 294         12, 11, 20          
заавар                          48, 63, 64, 264       21, 14, 12, 8       
                                312                   21                  
санал                           48, 49, 49, 50        25, 4, 14, 4        
                                300                   11                  
салбар                          52, 56, 61, 66        11, 4, 4, 8         
                                116, 116, 117, 167    20, 34, 2, 10       
                                218                   12                  
мэргэжил                        54, 80, 83, 177       8, 6, 20, 12        
                                292                   19                  
нэгж                            54                    9                   
удирдамж@@                      61, 62, 131           10, 5, 16           
обьектын хамгаалалт             64, 246               4, 4                
стандарт                        64                    8                   
бие бүрэлдэхүүн                 65                    3                   
ажил                            65, 70, 75, 83        10, 9, 10, 21       
бэлэн байдал                    66, 66, 108, 108      10, 14, 7, 14       
                                268                   11                  
шийдвэр                         66, 67, 85, 87        17, 10, 18, 28      
                                132, 143, 145, 146    18, 16, 4, 4        
                                210, 218, 283, 302    6, 8, 8, 7          
талууд                          67, 126, 137, 230     4, 14, 12, 7        
                                230, 237, 243, 298    15, 7, 4, 29        
тал                             67, 126, 137, 230     4, 14, 12, 7        
                                230, 237, 243, 298    15, 7, 4, 29        
тохиолдол                       71, 118, 122, 130     7, 2, 11, 2         
                                132, 147, 165, 167    2, 22, 8, 8         
                                169, 172, 173, 194    8, 12, 8, 10        
                                205, 206, 219, 228    8, 4, 7, 2          
                                233, 240, 250, 253    23, 12, 20, 17      
                                263, 266, 268, 270    14, 3, 5, 14        
                                276, 288, 304, 306    6, 13, 9, 21        
                                318, 330              4, 24               
гүйцэтгэгч                      73, 110, 122, 136     5, 11, 21, 14       
                                146, 150, 234, 272    11, 34, 9, 7        
                                312, 327, 330         7, 13, 7            
энхийг дэмжих ажиллагаа         75                    6                   
орлог                           85                    15                  
хариуцагч                       85, 302, 337          24, 3, 11           
ажилтан                         87                    6                   
хураагч                         87, 303, 334          13, 14, 6           
төсөв                           87                    24                  
хөрөнгө                         87, 124, 139          25, 22, 6           
тушаал                          87                    34                  
хэвлэмэл хуудас                 91                    11                  
хойшлуулшгүй сэргээн босгох     103                   15                  
аюулт үзэгдэл                   103, 113              2, 7                
осол                            103, 113, 302         4, 9, 20            
зорчигч                         104, 144, 145, 147    8, 8, 41, 3         
                                148, 201, 254, 278    5, 6, 4, 12         
                                279                   8                   
тээш                            104, 111, 144, 145    10, 10, 10, 43      
                                147, 148, 201, 203    5, 7, 5, 23         
                                221, 222, 254, 255    5, 5, 6, 5          
                                278, 279, 297         14, 10, 17          
гамшиг                          113                   6                   
этгээд                          114, 126, 126, 142    7, 6, 11, 17        
                                150, 196, 197, 198    27, 10, 7, 3        
                                250, 257, 270, 271    16, 6, 9, 2         
                                281, 298, 299, 302    15, 36, 10, 14      
захиргаа                        116, 117, 298, 300    12, 10, 16, 13      
                                327                   6                   
мэдээлэл                        116, 300, 318, 338    21, 6, 14, 20       
гэрээ                           117                   15                  
туслагч                         118                   9                   
үүрэг гүйцэтгэгч                119, 167              5, 22               
жагсаал                         123, 203, 225         3, 15, 16           
цуглаан                         123                   4                   
төрийн байгууллага              124                   17                  
гадаадын иргэн                  132                   12                  
гамшгаас хамгаалах үйл ажиллагаа  135                   4                   
арга хэмжээ                     137, 140, 142, 237    13, 12, 10, 4       
гэмт хэрэг                      139, 142, 196, 298    8, 13, 6, 32        
                                301, 317              15, 5               
эрүүл мэнд                      141, 145, 200, 261    4, 21, 28, 4        
шуудан                          141, 145, 164, 164    10, 27, 30, 34      
                                165, 233, 266, 271    5, 24, 26, 14       
                                317, 330              14, 28              
эрсдэл                          147, 244, 266         19, 15, 21          
эрх бүхий албан тушаалтан       148, 204, 243         17, 4, 5            
террорист үйлдэл                149, 150              4, 7                
дайны байдал                    151, 152              7, 7                
дайсан                          151, 152              4, 4                
галт зэвсэг хэрэглэх            153, 155, 156, 157    7, 5, 8, 27         
                                159, 164, 172, 252    17, 9, 5, 4         
                                253, 260, 264, 265    18, 7, 5, 4         
                                269, 270, 272, 273    3, 15, 16, 5        
олон хүнд нөлөөлөх тусгай хэрэгсэл  157, 211, 217         21, 4, 4            
сум                             158, 191              11, 4               
нийтлэг журам                   160                   13                  
эмнэлэг                         164                   21                  
даруй                           164, 164, 229         23, 39, 8           
прокурор                        164, 228              38, 3               
дотоодын цэргийн алба хаагч     167, 177, 210, 284    25, 5, 7, 3         
                                286, 287, 318         1, 4, 5             
биеийн хүч хэрэглэх             168                   4                   
эсэргүүцэл үзүүлсэн             171                   8                   
эд хөрөнгө                      176, 200, 258, 282    2, 30, 17, 13       
хөдөлгөөн                       177, 244              17, 8               
тусгай хэрэгсэл хэрэглэх        179, 210, 218         7, 3, 4             
нисэх                           183                   5                   
тээвэрлэгч                      183, 276              10, 10              
нэг бүрийн тусгай хэрэгсэл      185, 193, 194, 206    4, 4, 5, 19         
мансууруулах эм, сэтгэцэд нөлөөт бодис  200                   15                  
согтууруулах ундаа              200                   13                  
сан                             200                   4                   
замын хөдөлгөөн                 201, 222              12, 10              
үйлчлэгч                        230, 320, 322         13, 20, 24          
мэргэжлийн байгууллага          231, 234              4, 13               
гал түймэр                      235                   12                  
амьтан                          235, 261              3, 16               
үйлчилгээ                       236, 308              8, 5                
тээврийн хэрэгсэл албадан зогсоох тусгай хэрэгсэл  239, 240              4, 5                
сургалтын байгууллага           289                   13                  
шалгуур үзүүлэлт                291, 292              11, 13              
хуулийн этгээд                  298, 326              9, 9                
эд мөрийн баримт                303                   4                   
нийтийн тээвэр                  308                   7                   
төлбөр                          308                   11                  
байгууллагын нууц               318                   11                  
цэргийн цол                     333                   12                  
зарлиг                          333                   8                   
улсын  төсөв                    336                   4                   
улсын төсөв                     336                   4                   
ажилгүй                         337                   4                   
хөдөлмөрийн аюулгүй байдал      338                   30                  
хүнс                            338                   11                  
холбоо                          338                   19                  
хамгаалуулагч                   340                   15                  
