File: MNCLW00519.txt
Search Method: Trie (MWE + Single-Word)
Total runtime: 0.016326s
Found terms: 727

Term                            Line                  Word Place          

төрийн ордон                    5                     1                   
нийтлэх                         9, 99                 1, 13               
үйл ажиллагаа                   11, 18, 19, 26        21, 11, 9, 2        
                                34, 39, 40, 43        22, 10, 20, 12      
                                79, 79, 93, 94        2, 19, 6, 8         
                                103, 106, 108, 109    21, 18, 16, 6       
                                128, 129, 133, 142    6, 10, 15, 13       
                                150, 156, 166, 172    2, 8, 35, 3         
                                239                   23                  
урьдчилан сэргийлэх             11, 137               23, 7               
зохицуулах байгууллага          11, 44                28, 9               
ажилгүй                         11, 25, 26, 27        5, 13, 11, 7        
                                27, 31, 32, 34        19, 7, 5, 26        
                                36, 36, 39, 40        9, 24, 7, 17        
                                48, 52, 60, 68        34, 10, 7, 3        
                                87, 98, 106, 114      6, 5, 15, 8         
                                115, 142, 142, 146    3, 9, 24, 9         
                                166, 192, 192, 236    25, 4, 18, 16       
                                239, 246, 255, 259    12, 11, 41, 6       
иргэн                           13, 15, 127, 173      10, 4, 25, 30       
                                174, 216              30, 5               
мөрдөгч                         14                    17                  
үйлчлэгч                        16, 17, 18            5, 3, 28            
аж ахуй эрхлэгч                 17, 24, 33, 35        4, 8, 10, 31        
                                43, 46, 50, 55        5, 5, 5, 3          
                                59, 122, 140, 237     2, 19, 9, 7         
                                243, 254, 255, 256    4, 7, 6, 5          
захиргааны байгууллага          17, 105, 105, 106     13, 4, 11, 6        
                                106, 108, 108, 122    13, 2, 9, 30        
                                143, 143, 144, 144    8, 15, 5, 12        
монгол улсын хил                18                    4                   
тодорхойлолт                    20, 131, 144, 192     7, 15, 29, 10       
хэрэглэгч                       21, 98, 104, 131      3, 14, 13, 17       
                                132, 188              14, 22              
төлбөрийн хэрэгсэл              22                    18                  
бүтээгдэхүүн                    22, 29, 57, 58        2, 2, 2, 13         
                                67, 70, 82, 84        2, 16, 2, 2         
                                112                   2                   
ажил                            22, 48, 85, 103       20, 10, 13, 13      
                                127, 131, 137, 175    18, 8, 9, 16        
                                175, 184, 201, 226    32, 2, 8, 5         
                                226, 237              12, 10              
үйлчилгээ                       22, 83, 85, 103       21, 6, 14, 14       
бараа бүтээгдэхүүн              23, 25, 26, 29        5, 5, 31, 7         
                                30, 31, 32, 34        9, 23, 9, 2         
                                35, 41, 42, 46        2, 6, 6, 8          
                                52, 56, 56, 58        24, 3, 8, 31        
                                59, 61, 62, 62        17, 2, 2, 6         
                                63, 63, 66, 68        2, 11, 3, 6         
                                85, 95, 96, 101       19, 4, 2, 2         
                                101, 102, 109, 110    6, 2, 9, 4          
                                114, 116              4, 19               
зээл                            23, 30, 31, 32        2, 2, 2, 2          
                                83, 113, 114, 116     2, 2, 11, 54        
борлуулалт                      23, 25, 35, 56        8, 10, 17, 11       
                                58, 58, 63, 83        4, 18, 5, 7         
                                84, 102, 113          5, 4, 7             
хуулийн этгээд                  24, 24, 69, 70        18, 20, 6, 3        
                                74, 76, 77, 77        8, 4, 3, 7          
                                251                   5                   
байгууллага                     24, 90, 114, 116      23, 8, 7, 51        
                                127, 140, 141, 143    22, 12, 19, 23      
                                146, 148, 150, 150    2, 2, 12, 18        
                                151, 152, 182, 192    18, 3, 17, 15       
                                206, 216, 234, 239    13, 4, 13, 16       
                                240, 243, 244         37, 7, 4            
хүн                             24, 100, 166, 175     25, 4, 44, 21       
                                237, 251              13, 4               
зах зээл                        26, 30, 36, 59        21, 12, 19, 12      
                                110, 111, 144, 246    7, 12, 19, 4        
хамаарал бүхий этгээд           27                    2                   
орлог                           29                    6                   
газар                           30, 40, 46, 48        3, 11, 20, 5        
                                52, 68, 70, 71        5, 20, 44, 5        
                                73, 73, 74, 79        5, 21, 5, 40        
                                92, 92, 116, 117      24, 46, 47, 2       
                                120, 121, 122, 123    5, 7, 5, 5          
                                123, 124, 125, 126    8, 5, 5, 5          
                                127, 127, 128, 128    5, 16, 5, 11        
                                129, 130, 131, 131    5, 5, 5, 23         
                                132, 133, 134, 135    5, 5, 5, 7          
                                136, 142, 155, 156    5, 30, 7, 5         
                                158, 158, 160, 162    5, 8, 5, 13         
                                164, 165, 166, 166    7, 5, 5, 48         
                                167, 173, 174, 175    5, 5, 5, 8          
                                175, 176, 177, 178    31, 7, 5, 5         
                                178, 179, 180, 182    15, 7, 5, 12        
                                186, 188, 194, 195    5, 11, 26, 11       
                                199, 200, 208, 208    7, 5, 5, 17         
                                223, 226, 235, 237    19, 20, 10, 28      
                                240, 245, 247, 248    5, 5, 24, 5         
                                256, 259              21, 18              
харилцан хамаарал бүхий этгээд  31, 35, 70            16, 12, 33          
бусад этгээд                    31, 35, 70, 150       12, 8, 5, 7         
зүй ёсны монополь               33, 34, 40, 48        4, 29, 13, 30       
                                52, 142, 142          6, 3, 18            
этгээд                          34, 92, 92, 102       10, 12, 26, 17      
                                124, 160, 167, 171    13, 13, 9, 10       
                                194, 231, 237, 247    21, 3, 32, 9        
                                248                   11                  
зах зээлийн газар зүйн хил хязгаар  36                    30                  
бараа бүтээгдэхүүний хүрээ      36                    27                  
зах зээлийн төвлөрөл            36                    36                  
зах зээлийн хүч                 36                    39                  
зохицуулалт                     38, 40, 44, 116       2, 23, 7, 52        
талууд                          41, 48, 66, 75        11, 29, 5, 5        
                                96, 138, 139, 152     4, 5, 7, 9          
                                257                   3                   
тал                             41, 48, 66, 75        11, 29, 5, 5        
                                96, 138, 139, 152     4, 5, 7, 9          
                                257                   3                   
зөвшөөрөл                       42, 52, 99, 106       12, 34, 4, 21       
тусгай зөвшөөрөл                44                    3                   
тариф                           44                    6                   
салбар                          44                    11                  
тохиолдол                       46, 70, 71, 75        15, 39, 25, 14      
                                106, 108, 150, 157    4, 14, 10, 14       
                                182, 240, 254, 255    10, 32, 15, 14      
                                256                   11                  
өргөдөл                         46, 52, 70, 149       21, 13, 45, 5       
                                216                   7                   
баримт бичгийн бүрдэл           48, 52                14, 18              
шалгагч                         48, 212, 221, 223     17, 2, 4, 8         
                                224, 227, 230, 236    8, 16, 3, 11        
                                237, 238, 255         29, 4, 29           
мэдээ                           48, 50, 95, 98        19, 9, 18, 13       
                                144, 192, 236, 246    25, 6, 23, 13       
мэдээлэл                        48, 50, 71, 92        20, 10, 27, 15      
                                99, 102, 144, 151     10, 10, 26, 21      
                                192, 217, 217, 236    7, 2, 5, 24         
                                246                   14                  
хангагч                         52, 117, 129, 137     21, 9, 17, 17       
                                148, 239, 240, 256    7, 27, 38, 10       
                                258                   7                   
ноёлох үйл ажиллагаа            55                    7                   
ижил төрлийн бараа              58, 70                10, 13              
үйлдвэрлэгч                     58, 109               35, 11              
шалгуур үзүүлэлт                60                    14                  
өрсөлдөгч                       62, 70, 77, 90        5, 18, 6, 12        
                                95, 101, 103, 111     10, 5, 19, 4        
санхүүгийн хэрэгсэл             64                    4                   
эд хөрөнгө                      64, 240               6, 27               
тусгаарлах                      65, 78, 79            6, 9, 30            
зам                             65, 69, 70, 79        7, 10, 9, 31        
бусад оролцогч                  66                    18                  
гэрээ                           66, 80, 81, 86        8, 6, 8, 7          
                                91, 92, 203           9, 6, 22            
хэлэлцээр                       66                    9                   
бараа                           67, 85, 103, 116      7, 12, 12, 32       
журам                           68, 73, 92, 131       13, 19, 44, 18      
                                132, 142, 194, 227    8, 28, 47, 14       
                                246, 259              23, 13              
компани                         69, 70                14, 19              
хувьцаа                         69, 70, 70            15, 21, 26          
дүгнэлт                         71, 73, 73, 74        14, 15, 17, 7       
                                140, 144, 152, 235    16, 42, 15, 25      
удирдлага                       76, 77, 77, 137       6, 5, 9, 16         
                                165                   8                   
тушаал                          77, 203, 204, 210     11, 26, 14, 8       
                                210                   16                  
хуулийн этгээдийг хуваах        78, 79                6, 27               
шийдвэр                         79, 92, 143, 145      35, 10, 17, 6       
                                152, 153, 156, 157    12, 3, 6, 6         
                                158, 160, 162, 163    6, 30, 15, 3        
                                178, 195, 230, 235    16, 13, 7, 3        
                                236, 245, 247, 247    13, 11, 4, 11       
                                248, 248, 248, 256    6, 13, 17, 16       
нэхэмжлэл                       79                    42                  
шүүх                            79, 170               44, 8               
шүүгч                           79, 170               44, 8               
хэлцэл                          80, 81, 86, 89        7, 9, 8, 6          
                                91, 92                10, 7               
хөрөнгө оруулалт                84                    14                  
тээвэрлэлт                      84                    8                   
орон нутгийн өмч                85, 103               8, 8                
хөрөнгө                         85, 103, 196          11, 11, 11          
гуравдагч этгээд                88                    2                   
ачаа                            89, 194               3, 12               
гишүүн                          90, 157, 157, 160     9, 3, 11, 7         
                                164, 165, 166, 166    9, 18, 15, 22       
                                170, 174, 178, 186    4, 6, 21, 13        
                                199, 200, 201, 240    9, 7, 6, 7          
торгууль                        92                    30                  
зар сурталчилгаа                97                    6                   
үр                              97, 117, 210          3, 10, 14           
барааны тэмдэг                  98                    2                   
боодол                          98                    19                  
хуулбарлах                      98                    20                  
технологи                       99                    7                   
эрүүл мэнд                      100, 196, 240         7, 8, 25            
аюул                            100, 148, 196, 240    12, 5, 17, 30       
                                240                   34                  
шинжээч                         100, 116, 227, 234    13, 5, 6, 5         
                                250                   10                  
зохион байгуулагч               102, 137              23, 10              
төлбөр                          106, 144, 192, 200    25, 36, 22, 27      
                                206, 246              11, 20              
хураамж                         106                   26                  
худалдагч                       113                   12                  
давуу байдал                    115                   6                   
улсын нөөц                      116                   22                  
аж ахуйн үйл ажиллагаа          117                   18                  
нийтийн ашиг сонирхол           117                   3                   
үндэсний аюулгүй байдал         117                   6                   
хяналт тавих                    122, 137, 142, 184    12, 20, 16, 7       
                                191                   6                   
шуудан                          127, 196              26, 13              
улсын  төсөв                    129                   7                   
улсын төсөв                     129                   7                   
хэвлэмэл хуудас                 132, 188              12, 20              
эвсэл                           133                   10                  
холбоо                          133                   11                  
хөтөлбөр                        137                   12                  
санал                           139, 143, 152, 152    8, 20, 11, 14       
                                157, 157, 157, 175    5, 12, 18, 26       
                                235                   24                  
хяналт шалгалт                  140, 151, 189, 192    13, 4, 5, 2         
                                193, 207, 214, 226    2, 3, 6, 3          
                                239, 246              10, 9               
захиргаа                        143, 191, 231, 232    26, 8, 9, 13        
                                253, 254, 255, 256    4, 22, 18, 12       
                                259                   9                   
тайлбар                         144, 192              28, 9               
даруй                           144, 246              38, 25              
мэргэжил                        144, 172, 173, 173    41, 2, 15, 17       
                                174, 174              15, 17              
иргэний хяналт                  146                   5                   
ажилтан                         146                   4                   
арга хэмжээ                     148, 229              8, 7                
гомдол                          149, 153, 216, 235    6, 5, 8, 5          
                                237, 247, 248         22, 25, 24          
гэрч                            150                   6                   
төсөв                           151, 152, 206         17, 13, 14          
төрийн өмчит хуулийн этгээд     152                   4                   
гарын үсэг зурах                158                   10                  
гэр бүл                         160, 196, 240         14, 3, 20           
хүсэлт                          162                   7                   
зарлаг                          162                   22                  
тогтоол                         163                   4                   
төрийн бус байгууллага          166, 172              38, 6               
төрийн албан хаагч              168                   3                   
прокурор                        170                   9                   
аж ахуйн нэгж                   171                   5                   
төрийн байгууллага              173, 174              22, 22              
эрх бүхий этгээд                175                   13                  
гүйцэтгэгч                      184, 186, 202, 203    5, 14, 5, 5         
                                226                   9                   
тайлан                          192                   8                   
хариуцагч                       193, 202, 210         7, 31, 21           
зөрчил шалган шийдвэрлэх        194, 227              41, 8               
нотлох баримт                   194                   7                   
агуулах                         194                   27                  
хураагч                         194                   50                  
тусгай хэрэгсэл хэрэглэх        196                   22                  
бие хамгаалагч                  196                   20                  
холбогдох этгээд                197, 232              4, 11               
тэтгэвэр                        200, 202, 204, 209    31, 20, 7, 12       
тэтгэмж                         200, 202, 209         32, 21, 13          
нэмэгдэл                        200, 209              36, 15              
даатгагч                        206                   8                   
эрх бүхий албан тушаалтан       210                   3                   
мөрдөн байцаагч                 234                   11                  
аудитын байгууллага             235                   22                  
орлого                          237                   16                  
хөнгөлөлт                       255                   47                  
