File: MNCLW00367.txt
Search Method: Trie (MWE + Single-Word)
Total runtime: 0.004354s
Found terms: 103

Term                            Line                  Word Place          

хүү                             6, 7, 28, 28          2, 2, 21, 40        
                                29, 29, 39, 42        2, 20, 8, 7         
                                42, 46                41, 13              
баар                            10, 12, 13, 14        7, 20, 25, 25       
                                15, 16, 17, 28        3, 3, 16, 41        
                                32, 35, 36, 39        40, 7, 13, 7        
                                42, 44, 44, 45        37, 9, 18, 19       
                                51                    1                   
байгууллага                     10, 15, 16, 21        10, 21, 21, 14      
                                23, 24, 27, 45        5, 11, 24, 25       
                                45, 46                32, 17              
байгууллаг                      10, 15, 16, 21        10, 21, 21, 14      
                                23, 24, 27, 45        5, 11, 24, 25       
                                45, 46                32, 17              
газр                            11, 17                30, 4               
газар                           12, 17, 45            6, 12, 41           
этгээд                          13, 14, 44            47, 47, 22          
шүүх                            21, 21, 22, 24        8, 12, 7, 9         
прокурор                        21, 23, 23, 23        13, 4, 13, 23       
                                23, 24                26, 10              
зөвлөл                          22                    9                   
шүүгч                           22, 22                13, 21              
ажл                             24, 28, 34, 45        14, 43, 11, 30      
захиргаа                        26, 27, 29            6, 21, 27           
нэгж                            26                    9                   
удирдлага                       26, 29                11, 13              
удирдлаг                        26, 29                11, 13              
нийслэл                         27, 28                3, 34               
сум                             27, 28                4, 23               
салбар                          27                    23                  
нутгийн өөрөө удирдах байгууллаг  28                    8                   
нутгийн өөрөө удирдах байгууллага  28                    8                   
монгол улсын олон улсын гэрээ   35                    8                   
олон улсын гэрээ                36, 37, 37, 38        19, 8, 17, 3        
                                42, 42                15, 38              
тохиолдол                       37                    15                  
журм                            38                    31                  
хүн                             40                    14                  
гадаадын иргэн                  41                    7                   
харьяалалгүй хүн                41                    9                   
иргэн                           41                    4                   
гэрээ                           42                    47                  
агаар                           44, 44                7, 28               
