File: MNCLW00732.txt
Search Method: Trie (MWE + Single-Word)
Total runtime: 0.009393s
Found terms: 283

Term                            Line                  Word Place          

төрийн ордон                    5                     1                   
мөрдөгч                         6, 7, 16, 26          12, 12, 17, 52      
                                48, 127               23, 12              
хүн                             8, 13, 13, 15         1, 5, 23, 16        
                                18, 22, 23, 23        12, 20, 7, 13       
                                23, 24, 24, 25        42, 8, 18, 9        
                                25, 26, 27, 34        12, 14, 4, 5        
                                38, 42, 43, 44        10, 7, 13, 4        
                                45, 45, 47, 52        5, 20, 27, 5        
                                56, 62, 68, 73        24, 9, 7, 4         
                                75, 76, 80, 81        13, 3, 1, 1         
                                83, 83, 84, 90        9, 24, 2, 5         
                                90, 93, 99, 104       19, 15, 12, 26      
                                112, 125              8, 4                
нийтлэх                         10, 11, 42, 65        1, 1, 24, 7         
                                66, 68, 94            7, 13, 10           
үйл ажиллагаа                   13, 13, 23, 26        16, 30, 4, 40       
                                28, 29, 38, 40        6, 4, 17, 22        
                                41, 49, 50, 51        4, 6, 6, 4          
                                55, 56, 60, 61        4, 18, 7, 4         
                                68, 71, 84, 85        10, 5, 13, 2        
                                93, 96, 116           11, 2, 10           
хангагч                         13, 45, 72, 84        20, 10, 3, 19       
                                93, 99, 108           21, 11, 8           
зохиогч                         13, 84, 109           28, 17, 5           
үйлчлэгч                        17                    4                   
хүний эрх хамгаалагч            18                    5                   
хүний эрх хамгаалах үйл ажиллагаа  19, 22, 26            5, 10, 7            
иргэн                           19, 104               13, 20              
тодорхойлолт                    20                    6                   
хэрэглэгч                       21, 26, 60            3, 48, 3            
хуулийн этгээд                  24, 25, 42, 47        9, 10, 15, 5        
                                52, 65, 66, 68        6, 5, 5, 5          
                                92, 99, 103, 125      28, 4, 6, 5         
урьдчилан сэргийлэх             24                    25                  
төрийн байгууллага              24, 25, 42, 48        38, 7, 13, 11       
                                65, 66                1, 1                
этгээд                          24, 46, 107           16, 10, 19          
гэр бүлийн гишүүн               26, 27                19, 9               
хамтран амьдрагч                26, 27                24, 14              
төрлийн хүн                     26, 27                26, 16              
эрүүл мэнд                      26                    56                  
эд хөрөнгө                      26                    58                  
мэдээлэл                        26, 42, 43, 72        36, 6, 9, 2         
                                75, 86, 87, 105       6, 8, 2, 12         
                                106, 107              24, 7               
үнэлгээ                         27, 89                2, 2                
аюул                            27                    23                  
дүгнэлт                         27, 76, 83, 89        27, 21, 16, 5       
                                118                   9                   
ашиг сонирхлын зөрчил           32                    2                   
төрийн бус байгууллага          40                    13                  
эвсэл                           40                    16                  
холбоо                          40, 111               17, 3               
олон улсын байгууллага          41                    14                  
төсөл                           44                    3                   
санал                           44, 44, 45, 107       14, 30, 16, 17      
                                109, 111              13, 16              
зөвлөмж                         44                    31                  
байгууллага                     45, 47, 47, 56        2, 2, 29, 7         
                                56, 68, 74, 76        22, 2, 7, 2         
                                104                   10                  
хүсэлт                          45, 116               17, 17              
гомдол                          45, 47, 75, 75        18, 31, 7, 10       
                                86                    7                   
талууд                          45, 47, 83, 87        30, 17, 15, 3       
                                101, 108              11, 11              
тал                             45, 47, 83, 87        30, 17, 15, 3       
                                101, 108              11, 11              
зөвшөөрөл                       46                    13                  
удирдлага                       47, 84                7, 16               
журам                           47, 49, 74, 76        23, 21, 9, 29       
                                96, 97, 110, 112      14, 3, 5, 6         
                                118                   11                  
шүүгч                           48                    5                   
шүүх                            48                    5                   
төлбөр авагч                    49                    25                  
хохирогч                        49                    18                  
нээлт                           50, 92, 108, 109      11, 33, 12, 3       
ил тод, нээлттэй байх           51                    13                  
хандив                          52                    9                   
санхүүгийн дэмжлэг              53                    10                  
тусгай алба                     56                    3                   
мөнгө угаах                     56                    13                  
террорист                       56                    15                  
ажил                            62, 104, 104, 106     10, 28, 35, 10      
                                109                   8                   
зохион байгуулагч               74, 104, 108          13, 36, 14          
зохицуулалт                     74                    6                   
эрсдэлийн үнэлгээ               76, 88, 118           19, 12, 5           
гэрч                            76                    23                  
тохиолдол                       77                    6                   
хариуцагч                       77                    8                   
комисс                          83, 89, 92, 96        6, 6, 37, 15        
                                97, 104, 110, 118     4, 11, 6, 12        
                                120                   15                  
гишүүн                          84, 92, 94, 95        7, 24, 2, 2         
                                98, 103, 104, 109     4, 2, 32, 29        
                                110, 112, 113, 114    2, 12, 2, 2         
мэдээлэл цуглуулах              87                    6                   
мэдээллийн сан                  91                    2                   
шуудан                          92                    21                  
сонгогч                         92, 98, 103, 104      35, 5, 12, 33       
                                105, 106, 109, 110    7, 14, 30, 3        
                                113                   9                   
тушаал                          102                   9                   
захиргаа                        104, 115, 121         8, 5, 5             
зөвлөл                          104, 104              14, 22              
хувь хүний нууц                 106                   19                  
сул орон тоо                    109                   22                  
монголын өмгөөлөгчдийн холбоо   111                   4                   
шүүхийн шийдвэр                 117                   7                   
нэгж                            119, 120, 121, 122    7, 9, 2, 2          
туслагч                         120                   3                   
ажилтан                         121                   3                   
газар                           122                   6                   
гэмт хэрэг                      124                   8                   
шинжээч                         124                   11                  
