File: MNCLW00544.txt
Search Method: Trie (MWE + Single-Word)
Total runtime: 0.023597s
Found terms: 1108

Term                            Line                  Word Place          

төрийн ордон                    5                     1                   
нийтлэх                         11, 12, 172, 256      1, 1, 4, 19         
соёлын үйл ажиллагаа            14, 21, 22, 49        12, 9, 4, 1         
                                50, 54, 55, 59        1, 7, 12, 20        
                                64, 115, 124, 125     7, 15, 12, 12       
                                127, 128, 140, 141    6, 10, 4, 11        
                                161, 186, 187, 191    11, 1, 1, 5         
                                200, 202, 217, 219    8, 6, 7, 7          
                                228, 235, 240, 246    8, 7, 5, 12         
                                253, 271, 273, 273    5, 10, 6, 16        
                                274, 276, 296, 302    8, 6, 20, 6         
                                303, 308, 349, 358    6, 3, 19, 7         
                                369, 384, 386         6, 4, 19            
тал                             14, 28, 29, 94        7, 5, 3, 3          
                                123, 132, 158, 166    9, 5, 5, 5          
                                186, 187, 191, 200    4, 4, 8, 11         
                                206, 217, 228, 231    14, 10, 11, 6       
                                232, 235, 261         5, 10, 13           
талууд                          14, 28, 29, 94        7, 5, 3, 3          
                                123, 132, 158, 166    9, 5, 5, 5          
                                186, 187, 191, 200    4, 4, 8, 11         
                                206, 217, 228, 231    14, 10, 11, 6       
                                232, 235, 261         5, 10, 13           
удирдлага                       14, 141, 171, 181     17, 7, 7, 5         
                                182, 182, 182, 182    5, 16, 33, 38       
                                183, 188, 189, 189    8, 6, 4, 31         
                                244                   11                  
зохиогч                         14, 68, 84, 206       18, 21, 7, 15       
                                274                   15                  
оролцогч                        14                    20                  
иргэн                           16, 22, 27, 27        9, 9, 21, 38        
                                35, 36, 57, 120       19, 10, 3, 1        
                                121, 122, 123, 132    1, 5, 3, 3          
                                137, 141, 153, 184    2, 8, 8, 11         
                                226, 228, 241, 246    7, 5, 8, 11         
                                248, 253, 271, 272    15, 39, 9, 7        
                                273, 274, 275, 276    13, 3, 9, 28        
                                281, 281, 283, 290    17, 29, 3, 6        
                                293, 296, 298, 337    7, 15, 9, 8         
                                358, 362, 367, 369    18, 11, 5, 31       
                                372, 372, 392         19, 31, 3           
мөрдөгч                         17, 179, 213, 215     17, 5, 22, 26       
                                258, 403, 404         22, 12, 12          
тодорхойлолт                    18, 338, 372          6, 8, 55            
хэрэглэгч                       19, 372               3, 49               
хүн                             20, 22, 24, 25        17, 13, 9, 5        
                                33, 35, 67, 97        14, 2, 14, 3        
                                111, 125, 208, 230    24, 5, 3, 4         
                                238, 253, 307, 349    6, 29, 3, 18        
                                356, 361, 363, 372    16, 15, 11, 45      
                                391, 402              20, 4               
сан                             20, 76, 89, 294       19, 2, 2, 14        
                                299, 387, 390         9, 4, 24            
үр                              20, 25, 92, 94        21, 12, 19, 13      
                                125, 127, 176, 246    15, 11, 8, 20       
                                253, 318              40, 32              
агуулах                         20, 23, 24, 82        26, 10, 18, 7       
                                318                   18                  
хуулийн этгээд                  21, 36, 274, 281      14, 8, 4, 30        
                                298, 369, 372, 374    10, 32, 20, 8       
                                402                   5                   
байгууллага                     21, 56, 57, 58        2, 2, 2, 2          
                                59, 60, 61, 95        3, 2, 22, 13        
                                95, 110, 120, 121     20, 2, 9, 9         
                                130, 145, 148, 156    2, 8, 8, 8          
                                157, 158, 164, 167    11, 9, 4, 17        
                                169, 171, 172, 174    8, 4, 2, 7          
                                180, 182, 189, 199    8, 23, 15, 9        
                                200, 205, 209, 212    7, 2, 8, 19         
                                224, 242, 243, 245    10, 2, 17, 9        
                                246, 248, 248, 256    44, 5, 14, 12       
                                256, 270, 274, 281    17, 3, 14, 27       
                                290, 291, 294, 296    2, 15, 20, 14       
                                302, 310, 315, 336    5, 9, 34, 8         
                                355, 362, 363, 374    2, 2, 2, 18         
                                380, 382, 384         10, 5, 11           
журам                           21, 60, 66, 67        7, 20, 22, 24       
                                109, 114, 115, 118    13, 13, 38, 9       
                                152, 184, 202, 256    6, 24, 11, 25       
                                277, 297, 298, 299    4, 22, 21, 19       
                                300, 301, 309, 344    16, 25, 11, 35      
                                349, 362              30, 9               
ажилтан                         22, 103, 138, 139     2, 2, 4, 2          
                                149, 177, 209, 267    2, 2, 2, 2          
                                301, 306, 308, 309    2, 4, 2, 2          
                                311, 312, 313, 314    2, 8, 8, 2          
                                365, 369, 370, 372    2, 2, 2, 2          
                                373, 373, 374, 375    2, 8, 2, 2          
                                376, 377, 378         2, 2, 2             
соёлын үнэт зүйл                23, 52, 92, 97        4, 4, 6, 17         
                                116, 134, 159, 168    8, 6, 6, 6          
                                207, 246, 262, 272    9, 29, 5, 19        
                                276, 279, 328, 328    3, 9, 13, 34        
                                329, 329, 332, 335    13, 34, 7, 9        
                                336, 385, 392         11, 2, 14           
бүтээгдэхүүн                    23, 25, 318, 322      2, 23, 21, 3        
                                328, 329, 331, 335    17, 17, 9, 15       
                                336, 339, 340, 346    17, 6, 2, 4         
                                347, 348              9, 8                
үйлчилгээ                       23, 24, 24, 25        9, 2, 19, 24        
                                76, 107, 146, 155     3, 14, 7, 2         
                                163, 164, 175, 204    2, 10, 10, 7        
                                230, 246, 253, 256    16, 35, 12, 5       
                                316, 318, 324, 326    6, 22, 6, 13        
                                346, 347, 348, 355    5, 10, 9, 3         
                                356, 361, 362, 363    2, 10, 5, 3         
үнэ цэнэ                        24                    5                   
хангагч                         24, 34, 95, 111       12, 26, 12, 30      
                                161, 175, 177, 178    6, 12, 10, 14       
                                209, 242, 244, 246    5, 19, 12, 24       
                                253, 356, 361, 362    17, 22, 24, 16      
оюуны өмч                       25, 367               17, 7               
технологи                       25, 44, 82, 268       15, 6, 4, 6         
                                318                   8                   
инновац                         25, 203, 268          16, 9, 7            
соёлын өв                       26, 31, 69, 87        34, 7, 11, 6        
                                129, 133, 151, 261    7, 7, 7, 5          
                                263, 272, 298         4, 14, 5            
нэвтрүүлэг                      26, 27, 27, 390       6, 2, 11, 30        
кино                            26, 26, 26, 90        10, 16, 23, 5       
                                390, 390, 390         7, 9, 29            
хөтөлбөр                        26, 105, 110, 111     18, 5, 11, 11       
                                174, 196, 223, 230    4, 5, 5, 18         
                                243, 254, 255, 269    5, 33, 6, 8         
                                272, 295, 323, 390    24, 12, 8, 27       
газар                           26, 60, 63, 65        24, 22, 16, 14      
                                66, 67, 100, 109      24, 26, 10, 20      
                                114, 181, 181, 182    18, 4, 15, 10       
                                182, 184, 189, 190    37, 29, 8, 6        
                                191, 201, 239, 240    4, 5, 6, 4          
                                243, 247, 255, 256    2, 15, 9, 30        
                                272, 277, 285, 291    38, 6, 23, 13       
                                294, 297, 299, 300    12, 24, 21, 18      
                                301, 307, 309, 317    27, 11, 13, 10      
                                325, 331, 336, 349    8, 5, 26, 35        
                                360, 375, 392         15, 26, 27          
бүтээл                          26, 26, 27, 77        39, 45, 42, 4       
                                78, 79, 80, 81        3, 3, 11, 5         
                                82, 83, 109, 126      12, 3, 8, 2         
                                126, 146, 195, 232    14, 2, 9, 2         
                                246, 266, 273, 284    16, 2, 22, 29       
                                285, 299, 299, 300    9, 7, 13, 5         
                                332, 335, 336         11, 13, 15          
зам                             31, 33                20, 9               
соёлын байгууллага              34, 60, 60, 61        19, 10, 14, 2       
                                61, 62, 182, 182      14, 2, 3, 14        
                                182, 183, 184, 189    31, 6, 6, 29        
                                206, 208, 238, 244    6, 6, 4, 4          
                                245, 273, 294, 296    4, 29, 22, 3        
                                297, 297, 312, 313    3, 9, 6, 6          
                                315, 326, 332, 347    12, 6, 3, 6         
                                348, 349, 361, 392    6, 6, 6, 11         
үйл ажиллагаа                   35, 36, 37, 39        16, 12, 2, 5        
                                40, 47, 51, 52        3, 2, 4, 2          
                                52, 53, 54, 58        19, 2, 4, 3         
                                60, 61, 62, 70        3, 7, 15, 7         
                                72, 73, 74, 75        4, 2, 5, 2          
                                76, 77, 78, 79        5, 8, 8, 8          
                                80, 81, 82, 83        15, 9, 16, 6        
                                84, 85, 86, 88        10, 5, 3, 2         
                                89, 91, 92, 93        3, 5, 3, 4          
                                94, 96, 99, 106       11, 6, 4, 6         
                                110, 115, 130, 131    4, 29, 3, 2         
                                157, 158, 162, 165    4, 2, 2, 4          
                                166, 166, 170, 173    2, 11, 24, 4        
                                173, 175, 179, 188    10, 2, 2, 4         
                                189, 194, 196, 203    2, 5, 2, 2          
                                210, 242, 243, 244    3, 3, 3, 6          
                                247, 248, 253, 268    7, 6, 22, 2         
                                270, 275, 292, 293    13, 4, 4, 2         
                                294, 294, 296, 298    2, 37, 10, 2        
                                328, 329, 353, 354    28, 28, 4, 2        
                                360, 361, 362, 365    7, 8, 3, 4          
                                369, 370, 372, 373    27, 4, 4, 4         
                                374, 375, 376, 377    4, 4, 4, 4          
                                378, 379, 380, 391    4, 4, 2, 16         
гүйцэтгэгч                      35                    10                  
соёлын бүтээлч үйлдвэрлэл       37, 254, 317          4, 10, 4            
хөрөнгө оруулалт                37, 162, 298, 321     8, 8, 14, 4         
зээл                            37                    10                  
нээлт                           38, 45, 361           6, 3, 17            
сонгогч                         47, 124, 126, 173     9, 17, 13, 9        
                                300                   3                   
соёлын үйлчилгээ                55, 153, 161, 293     6, 5, 8, 11         
                                357, 358, 363         6, 19, 14           
тохиолдол                       55, 314, 344, 357     5, 11, 27, 24       
                                391                   13                  
хуулийн этгээдийн улсын бүртгэл  57                    12                  
орон нутгийн өмч                57, 111, 184, 206     7, 3, 3, 3          
                                290, 291, 312, 315    10, 7, 3, 9         
                                326, 335, 347, 349    3, 6, 3, 3          
                                357, 361              3, 3                
монгол улсын нутаг дэвсгэр      59                    16                  
төлөөлөгчийн газар              59                    11                  
салбар                          59, 95, 170, 208      10, 2, 18, 2        
                                212, 223, 250, 251    2, 2, 2, 2          
                                252, 253, 254, 256    4, 2, 14, 2         
                                257, 276, 307, 336    2, 21, 2, 22        
шалгуур үзүүлэлт                60, 256               17, 21              
мэргэжил                        61, 103, 147, 155     16, 3, 9, 3         
                                166, 174, 175, 177    6, 8, 7, 5          
                                208, 222, 244, 256    8, 12, 8, 6         
                                311, 314, 314, 382    6, 6, 25, 3         
                                392                   29                  
нэгж                            62, 161, 164          21, 15, 3           
хэлэлцээр                       63                    18                  
дурсгалт газар                  66                    4                   
дүрэм                           67, 202               16, 10              
гэр бүл                         68                    4                   
мэдээ                           68, 92, 135           13, 13, 10          
уламжлалт мэдлэг                69, 124               6, 4                
шинжээч                         69, 311, 399, 402     5, 4, 10, 11        
урьдчилан сэргийлэх             71                    7                   
үйлдвэрлэгч                     78, 319, 321, 322     5, 4, 3, 4          
                                324, 328, 328, 328    7, 18, 21, 25       
                                329, 329, 329, 331    18, 21, 25, 10      
                                335, 336, 339, 341    16, 18, 4, 3        
                                342                   6                   
арга хэмжээ                     84, 94, 100, 100      3, 6, 6, 14         
                                196, 324              6, 2                
музей                           88                    6                   
номын сан                       89, 146, 246          7, 5, 33            
суурь судалгаа                  95                    7                   
мэдээлэл                        95, 246, 340, 362     11, 47, 7, 12       
захиргаа                        95, 182, 189, 189     18, 21, 13, 23      
                                199, 200, 243, 380    7, 5, 15, 8         
асран хамгаалагч, харгалзан дэмжигч  98                    13                  
багш                            102                   4                   
мэргэшил                        103, 309, 309         5, 3, 5             
сургалтын байгууллага           106, 107, 109         4, 6, 2             
барилга байгууламж              107, 178, 204, 238    8, 2, 2, 9          
                                284, 285, 291, 355    17, 5, 10, 5        
                                356, 357, 357, 358    4, 9, 18, 15        
тоног төхөөрөмж                 107, 111, 178, 204    16, 22, 4, 5        
                                268, 303, 363         8, 16, 20           
ашиглалт                        107, 238              11, 11              
суралцагч                       109                   4                   
гишүүн                          109, 114, 143, 181    21, 19, 5, 16       
                                182, 184, 247, 256    11, 30, 16, 31      
                                272, 285, 331, 336    39, 24, 6, 27       
                                349, 360, 392         36, 16, 28          
сургалтын орчин                 111                   19                  
мэдээллийн нэгдсэн сан          113, 114, 115         6, 6, 6             
захиргааны байгууллага          113, 189, 216, 217    19, 20, 7, 5        
хариуцагч                       113, 313, 314         21, 13, 30          
мэдээллийн сан                  115, 115, 116         22, 27, 13          
үнэлгээ                         117, 118              6, 5                
хөрөнгө                         118, 160, 176, 254    4, 18, 5, 8         
                                254, 296, 296, 310    35, 8, 25, 5        
аж ахуйн нэгж                   120, 121, 156, 157    6, 6, 5, 8          
                                158, 248, 281, 294    6, 11, 24, 17       
                                302                   2                   
соёлын ажилтан                  120, 121, 178, 301    2, 2, 15, 18        
                                315, 369, 372         14, 24, 26          
гадаадын иргэн                  123                   4                   
харьяалалгүй хүн                123, 137              6, 3                
төрийн бус байгууллага          131, 141, 143, 165    12, 3, 2, 8         
                                166, 253, 273         7, 34, 26           
хөнгөлөлт                       144, 298, 311, 346    9, 18, 21, 7        
                                349                   28                  
архив                           146                   4                   
тушаал                          147                   2                   
ажил                            154, 169, 201, 207    3, 4, 9, 13         
                                218, 221, 237, 243    5, 6, 14, 10        
                                256, 314              4, 3                
зохион байгуулагч               160, 168, 169, 192    15, 15, 10, 5       
                                194, 201, 207, 211    8, 12, 14, 6        
                                218, 223, 237, 243    8, 9, 15, 19        
                                294, 358              28, 24              
төсөв                           160, 294              21, 4               
хандив                          162, 176, 294, 296    11, 4, 21, 16       
                                298                   13                  
соёлын бүтээгдэхүүн             164, 230, 237, 253    8, 13, 5, 10        
хяналт тавих                    167, 212, 222, 231    7, 29, 17, 16       
                                244, 380              13, 15              
хамтын удирдлагын байгууллага   170                   14                  
санал                           170, 212, 281, 285    17, 21, 38, 13      
                                369, 392              10, 31              
төсөл                           174, 176, 212, 212    3, 2, 16, 20        
                                223, 254, 255, 257    4, 32, 5, 7         
                                272, 297, 302, 323    25, 12, 9, 7        
стандарт                        175, 178, 179, 355    11, 12, 4, 8        
                                356                   9                   
эрүүл ахуй                      178, 356              9, 10               
аюул                            178, 375              20, 14              
статистикийн мэдээлэл           180, 220, 245         4, 2, 2             
нийслэл                         181, 181, 182, 182    2, 7, 13, 26        
                                182, 226, 228, 233    35, 5, 3, 5         
                                235, 239, 240, 279    3, 4, 2, 3          
                                281, 283, 358, 392    15, 2, 3, 2         
сум                             182, 182, 226, 228    29, 40, 4, 2        
                                233, 235, 239, 279    4, 2, 7, 2          
                                281, 358              14, 2               
мэргэжлийн холбоо               184, 224              9, 3                
зөвлөх                          184                   16                  
зөвлөл                          184                   21                  
төрийн байгууллага              186, 187              5, 5                
нутгийн өөрөө удирдах байгууллага  189                   25                  
шийдвэр                         201, 372, 392         6, 24, 21           
төр, хувийн хэвшлийн түншлэл    212, 212, 212, 257    3, 11, 23, 3        
                                257                   11                  
садар самууныг сурталчлах       219, 386              4, 16               
бүтээн байгуулалт               254                   15                  
ачаа                            254, 284              19, 5               
спорт                           276                   16                  
хэсэгчилсэн ерөнхий төлөвлөгөө  283                   18                  
суурин газар                    283                   16                  
эрдэм шинжилгээний байгууллага  285                   14                  
дүгнэлт                         285                   17                  
орон нутгийн төсөв              294                   8                   
төлбөрт үйлчилгээ               294                   24                  
төлбөрийн үйлчилгээ             294                   24                  
орлого                          294, 294, 296, 304    35, 39, 12, 5       
үйл ажиллагааны зардал          295                   2                   
улсын  төсөв                    296, 315              5, 30               
улсын төсөв                     296, 315              5, 30               
санхүүгийн дэмжлэг              297, 300, 322         15, 11, 5           
албан татвар                    298                   16                  
ивээн тэтгэгч                   302                   12                  
нэмэгдэл                        308, 309, 310, 311    11, 7, 3, 10        
                                311, 312              12, 9               
хүсэлт                          314                   13                  
тэтгэмж                         315                   29                  
бараа                           324                   5                   
гэрээ                           327, 344, 344, 344    4, 13, 17, 28       
                                373                   12                  
борлуулалтын орлого             328, 329              32, 32              
төлбөр төлөгч                   328, 329              38, 38              
барааны тэмдэг                  330                   5                   
бүтээгдэхүүний загвар           330                   7                   
соёлын биет өв                  332                   12                  
үзмэр                           333                   6                   
төлбөр                          343, 346, 347, 348    3, 6, 11, 10        
                                349                   27                  
хугацаат цэргийн алба хаагч     349                   12                  
зөвшөөрөл                       351, 352, 365, 365    5, 5, 6, 14         
                                369, 370, 370, 372    29, 7, 15, 7        
                                372, 372, 374, 377    10, 17, 16, 7       
                                378, 387, 391         7, 9, 8             
тохирлын үнэлгээний итгэмжлэл   355                   12                  
техникийн зохицуулалт           355                   10                  
стандартчилал                   355                   9                   
ахмад настан                    356                   17                  
үүрэг гүйцэтгэгч                369                   22                  
хэлцэл                          369                   16                  
этгээд                          369                   18                  
холбоо                          369, 384              19, 16              
нотлох баримт                   372                   40                  
эрүүл мэнд                      372, 375              46, 10              
шуудан                          372                   28                  
гүйцэтгэх удирдлага             374                   12                  
хувьцаа                         374                   10                  
зуучлагч                        375                   24                  
согтууруулах ундаа              376                   9                   
үйлчлэгч                        376                   14                  
улсын тэмдэгтийн хураамж        377, 378              10, 10              
хураамж                         377, 378              18, 18              
эвсэл                           384                   15                  
үндэсний аюулгүй байдал         386                   5                   
дайсан                          386                   13                  
уран сайхан, нийтлэл, танин мэдэхүйн нэвтрүүлэг  388, 388, 389, 389    7, 21, 16, 30       
үндэсний нэвтрүүлэг             388, 389              31, 42              
өргөн нэвтрүүлэг                389                   8                   
даатгагч                        391                   11                  
