File: MNCLW00027.txt
Search Method: Aho-Corasick
Total runtime: 0.014616s
Found terms: 1026

Term                            Line                  Word Place          

амьтан                          6, 13, 20, 24         1, 5, 8, 5          
                                25, 26, 26, 27        20, 2, 13, 5        
                                28, 29, 29, 31        12, 2, 18, 12       
                                32, 33, 34, 34        2, 17, 5, 21        
                                34, 36, 38, 39        37, 5, 12, 4        
                                40, 40, 41, 41        6, 40, 2, 15        
                                43, 47, 48, 48        6, 6, 8, 26         
                                70, 73, 83, 89        7, 17, 5, 4         
                                92, 93, 96, 104       4, 5, 5, 5          
                                106, 107, 116, 118    1, 1, 7, 6          
                                121, 121, 124, 133    2, 7, 138, 4        
                                134, 136, 139, 140    2, 14, 17, 3        
                                141, 142, 173, 176    4, 2, 4, 2          
                                177, 179, 184, 185    2, 2, 4, 2          
                                188, 190, 191, 192    7, 2, 2, 2          
                                193, 197, 201, 203    2, 12, 4, 7         
                                205, 206, 207, 211    1, 1, 4, 7          
                                214, 220, 221, 223    7, 4, 17, 9         
                                223, 226, 227, 235    16, 16, 2, 9        
                                235, 241, 241, 245    16, 5, 13, 2        
                                246, 264, 265, 266    2, 5, 4, 2          
                                266, 267, 268, 283    16, 2, 12, 4        
                                284, 286, 290, 293    2, 2, 4, 2          
                                294, 295, 309, 312    2, 13, 2, 20        
                                317, 322, 323, 330    19, 2, 2, 19        
                                331, 367, 368, 375    19, 1, 1, 2         
                                383, 384, 385, 394    5, 9, 8, 30         
                                395, 396, 397, 397    8, 2, 2, 21         
                                401, 401, 401, 402    8, 10, 14, 8        
                                402, 402, 411, 411    10, 14, 6, 10       
                                412, 412, 420, 422    6, 10, 7, 7         
                                422, 423, 423         23, 2, 13           
нийтлэх                         10, 11                1, 1                
генетик нөөц                    15, 16, 238, 239      15, 15, 10, 10      
                                298, 298, 299, 299    13, 21, 13, 21      
                                405, 411, 411, 412    9, 19, 27, 19       
                                412                   27                  
мөрдөгч                         18, 244, 252          17, 13, 19          
үйлчлэгч                        19                    4                   
тэжээвэр амьтан                 20, 394               5, 18               
мал                             20, 394               3, 16               
гэрээ                           20, 111, 194, 208     4, 14, 7, 15        
                                227, 232, 291, 293    18, 43, 24, 5       
                                306, 394              15, 17              
тодорхойлолт                    21, 203, 294, 294     6, 5, 20, 22        
                                295, 295, 422         5, 9, 5             
хэрэглэгч                       22, 180, 181          3, 10, 6            
газар                           24, 54, 66, 86        13, 9, 7, 11        
                                128, 128, 134, 212    22, 35, 5, 5        
                                267, 272, 282, 285    10, 9, 12, 18       
                                304, 310, 313, 330    18, 21, 23, 14      
                                331, 359, 361, 399    14, 9, 23, 19       
                                415, 417, 421         38, 2, 9            
ховор амьтан                    25, 78, 111, 123      2, 6, 3, 5          
                                124, 125, 128, 129    2, 2, 2, 7          
                                158, 161, 166, 312    4, 7, 7, 17         
                                382, 383              3, 2                
тархац нутаг                    25, 26, 31, 47        5, 4, 14, 12        
                                112, 268, 371         6, 9, 2             
ашиглах нөөц                    25                    15                  
аюул                            25, 28, 391, 394      18, 9, 12, 8        
                                397, 397              6, 20               
арга хэмжээ                     27, 117, 271, 394     2, 2, 25, 34        
үйл ажиллагаа                   27, 28, 34, 34        13, 22, 32, 59      
                                44, 45, 46, 71        21, 31, 20, 3       
                                121, 122, 122, 122    9, 7, 16, 24        
                                139, 140, 184, 185    20, 6, 9, 7         
                                214, 217, 218, 222    14, 10, 2, 5        
                                223, 225, 226, 257    11, 4, 2, 7         
                                365, 390              6, 7                
уригч                           28                    14                  
агнуурын нөөц                   29, 31, 45, 101       16, 5, 19, 7        
                                102, 251, 253, 259    3, 6, 8, 9          
                                271                   18                  
агнуурын амьтан                 30, 44, 45, 46        12, 17, 5, 13       
                                59, 67, 101, 159      26, 17, 13, 7       
                                160, 174, 186, 189    9, 6, 21, 6         
                                194, 197, 199, 244    3, 18, 19, 7        
                                267, 268, 272, 291    5, 7, 18, 4         
                                291, 296, 296, 301    17, 24, 32, 5       
                                302, 302, 303, 304    13, 24, 18, 7       
                                305, 306, 310, 310    5, 11, 7, 14        
                                311, 313, 313, 314    5, 3, 16, 3         
                                316, 317, 319, 320    6, 13, 5, 10        
                                328, 364, 377, 378    18, 9, 6, 6         
агнуурын бүс нутаг              33, 59, 67, 77        13, 18, 9, 8        
                                81, 246, 247, 251     5, 7, 3, 3          
                                268, 269, 271, 274    15, 13, 5, 15       
                                281                   8                   
ан агнуур                       33, 205, 206          24, 5, 5            
гүйцэтгэх ажил                  33, 257               29, 2               
захиргаа                        33, 63, 63, 82        8, 13, 18, 7        
                                86, 88, 101, 122      13, 13, 22, 10      
                                125, 129, 136, 139    5, 2, 2, 11         
                                140, 157, 160, 219    9, 12, 21, 6        
                                227, 236, 238, 239    15, 16, 22, 22      
                                257, 264, 276, 282    11, 2, 5, 6         
                                293, 295, 302, 304    12, 19, 2, 12       
                                361, 364, 396, 401    17, 2, 18, 27       
                                402, 407, 409, 415    27, 16, 26, 6       
нэгж                            33                    11                  
биотехникийн арга хэмжээ        34                    46                  
урьдчилан сэргийлэх             34, 116, 397          11, 9, 25           
аюулт үзэгдэл                   34, 118               27, 3               
сэргээн нутагшуулах             34, 115, 138, 139     51, 2, 4, 18        
                                140                   4                   
хяналт тавих                    34, 65, 72, 78        56, 15, 12, 15      
                                92, 260               12, 8               
гамшиг                          34, 118, 186          26, 2, 8            
халдвар                         34, 73, 133, 136      29, 5, 9, 9         
                                159, 197, 258, 325    3, 7, 9, 8          
                                394, 397              11, 10              
хүн                             34, 128, 394, 428     31, 6, 4, 4         
журам                           36, 58, 97, 136       7, 7, 14, 29        
                                212, 238, 239, 249    3, 19, 19, 16       
                                252, 285, 295, 328    18, 8, 8, 34        
                                379, 405              15, 18              
технологи                       36, 69, 272, 391      12, 9, 14, 16       
зам                             36, 112, 128          18, 10, 16          
үр                              36, 47, 113, 193      19, 18, 5, 3        
                                373                   5                   
галт зэвсэг                     37                    29                  
сум                             37, 88, 91, 95        27, 7, 8, 8         
                                182, 199, 212, 224    6, 15, 8, 10        
                                246, 247, 274, 277    5, 6, 22, 2         
                                294, 303, 312, 363    14, 24, 9, 5        
                                364, 365, 425         21, 3, 34           
анчин                           38, 42, 249, 284      4, 13, 10, 21       
                                308                   4                   
хангагч                         38, 64, 70, 104       9, 17, 12, 16       
                                242, 284, 306, 391    10, 19, 6, 14       
                                394                   3                   
төлбөр төлөгч                   39, 132, 312, 318     13, 8, 7, 15        
                                320                   2                   
байгууллага                     40, 49, 58, 63        33, 14, 5, 15       
                                63, 82, 86, 88        20, 9, 15, 15       
                                100, 101, 102, 122    14, 24, 11, 12      
                                125, 129, 136, 139    7, 4, 4, 2          
                                139, 139, 140, 140    6, 13, 2, 11        
                                157, 157, 160, 219    8, 14, 23, 8        
                                227, 236, 238, 239    17, 18, 24, 24      
                                257, 260, 264, 264    13, 19, 4, 10       
                                276, 282, 293, 294    7, 8, 14, 12        
                                295, 302, 304, 361    21, 4, 14, 19       
                                364, 364, 365, 396    4, 18, 14, 20       
                                401, 402, 407, 409    29, 29, 18, 28      
                                415                   8                   
захиргааны байгууллага          42                    10                  
нийслэл                         42, 74, 85, 100       4, 9, 9, 9          
                                104, 199, 274, 277    12, 16, 23, 3       
                                302, 303, 375         30, 2, 6            
иргэн                           42, 71, 74, 91        15, 6, 10, 10       
                                97, 122, 212, 242     16, 26, 9, 5        
                                249, 254, 261, 261    9, 14, 15, 18       
                                268, 269, 284, 291    3, 20, 20, 10       
                                294, 296, 303, 307    8, 37, 3, 2         
                                312, 313, 314, 317    5, 9, 13, 5         
                                318, 320, 381, 385    12, 4, 9, 4         
                                394, 424, 425         22, 7, 16           
ангийн гаралтай түүхий эд       44, 201, 269          4, 5, 7             
зөвшөөрөл                       44, 73, 97, 97        15, 20, 9, 10       
                                125, 129, 136, 136    8, 6, 17, 25        
                                139, 194, 224, 230    15, 8, 9, 6         
                                232, 236, 238, 239    4, 14, 9, 9         
                                242, 243, 290, 296    3, 5, 7, 14         
                                296, 320, 328, 330    36, 20, 24, 5       
                                331, 361, 396, 399    5, 5, 10, 9         
                                407, 409, 415, 427    14, 9, 13, 6        
зохиогч                         45, 273, 274, 276     2, 4, 2, 2          
                                279, 280, 335, 341    2, 2, 27, 33        
ан агнуурын менежментийн төлөвлөгөө  46, 65, 101, 103      22, 9, 2, 5         
                                254, 262, 268, 271    21, 12, 22, 12      
                                274                   11                  
мэргэжлийн байгууллага          46, 122, 199, 253     28, 20, 3, 6        
                                276, 396, 397         10, 22, 29          
ажилгүй                         46                    2                   
сонгогч                         47                    14                  
үнэлгээ                         48, 48, 66, 282       4, 28, 4, 4         
                                371                   6                   
ачаа                            48, 391               18, 7               
талууд                          49, 50, 51, 54        9, 7, 3, 7          
                                55, 63, 69, 74        3, 7, 8, 7          
                                75, 79, 80, 85        3, 11, 5, 7         
                                91, 93, 95, 100       7, 7, 7, 7          
                                101, 102, 250, 252    18, 8, 4, 7         
                                253, 255, 256, 257    11, 8, 8, 9         
                                259, 284, 345         12, 8, 17           
тал                             49, 50, 51, 54        9, 7, 3, 7          
                                55, 63, 69, 74        3, 7, 8, 7          
                                75, 79, 80, 85        3, 11, 5, 7         
                                91, 93, 95, 100       7, 7, 7, 7          
                                101, 102, 250, 252    18, 8, 4, 7         
                                253, 255, 256, 257    11, 8, 8, 9         
                                259, 284, 345         12, 8, 17           
нөөц ашигласны төлбөр           52, 280, 280          2, 7, 18            
зохион байгуулагч               55, 75, 86, 102       8, 11, 21, 16       
                                103, 262, 326, 330    11, 10, 5, 38       
                                331, 337, 339, 341    38, 3, 34, 3        
                                341, 345, 345, 351    40, 3, 15, 7        
                                365                   16                  
төсөв                           57, 76                12, 12              
мэргэжлийн удирдлага            64                    11                  
ажил                            64, 73, 93, 102       8, 3, 10, 15        
                                103, 120, 125, 136    10, 10, 12, 7       
                                199, 216, 229, 254    8, 3, 10, 9         
                                280, 281, 382, 397    4, 15, 9, 27        
                                401, 402, 415, 415    19, 19, 21, 31      
                                417                   8                   
зохицуулалт                     64                    13                  
ангийн аж ахуй                  65                    6                   
мэдээллийн сан                  70, 88, 104, 298      8, 2, 8, 29         
                                299, 367, 368, 369    29, 2, 2, 4         
                                370, 376, 411, 412    2, 2, 35, 35        
мэдээлэл                        70, 80, 104, 370      11, 8, 15, 5        
                                424, 425, 425         5, 14, 18           
хуулийн этгээд                  71, 97, 122, 211      7, 17, 27, 2        
                                232, 238, 239, 250    33, 2, 2, 6         
                                254, 256, 262, 269    15, 9, 18, 21       
                                272, 281, 291, 296    6, 2, 11, 38        
                                298, 299, 306, 378    2, 2, 7, 2          
                                381, 384, 385, 394    10, 2, 5, 23        
                                401, 402, 428         2, 2, 5             
заавар                          71                    15                  
улсын  төсөв                    72, 280, 382          7, 15, 11           
улсын төсөв                     72, 280, 382          7, 15, 11           
хөрөнгө                         72, 254, 381, 384     10, 18, 17, 19      
гүйцэтгэгч                      73, 120, 125, 136     4, 11, 13, 8        
                                221, 223, 226, 254    25, 19, 30, 19      
                                264, 276, 397         9, 12, 31           
орон нутгийн хамгаалалт         77                    11                  
шийдвэр                         79, 86, 102, 307      5, 16, 13, 5        
                                330, 331, 337, 341    23, 23, 10, 44      
                                417                   13                  
ашиглалт                        79, 80, 114           10, 4, 4            
мэдээ                           82, 88, 372, 374      4, 4, 4, 8          
хөтөлбөр                        83, 89, 96, 256       12, 11, 13, 20      
санал                           101, 157, 160, 282    19, 9, 18, 9        
                                304, 339, 339, 339    15, 3, 13, 24       
                                343, 343, 355, 357    23, 26, 5, 12       
                                361, 415, 417         20, 36, 7           
сан                             113, 265, 266, 359    3, 5, 3, 11         
                                359                   20                  
аж ахуйн үйл ажиллагаа          116                   2                   
нийтийн мэдээлэл                121                   12                  
ой                              124, 124, 144, 267    19, 48, 15, 11      
                                317                   34                  
ус                              124, 144, 150, 178    129, 17, 4, 5       
                                248, 267, 317         16, 12, 36          
нэн ховор амьтан                127                   7                   
байгаль орчинд нөлөөлөх байдлын үнэлгээ  128                   27                  
олборлолт                       128                   20                  
дүгнэлт                         128, 139, 255, 274    32, 8, 10, 5        
                                396                   15                  
тохиолдол                       129, 159, 232, 260    10, 11, 7, 15       
                                277, 339, 347, 351    21, 26, 10, 2       
                                357, 392, 425         16, 15, 21          
эмчилгээ-сувилгааны зориулалт   131, 323              5, 7                
гадаадын иргэн                  132, 318              5, 8                
эрдэм шинжилгээний байгууллага  160, 396              15, 11              
олзворын ан                     161, 324              12, 5               
тэсэрч дэлбэрэх бодис           175                   3                   
тэсэлгээний хэрэгсэл            175                   6                   
авто тээврийн хэрэгсэл          179                   5                   
бие хамгаалагч                  186                   17                  
агнуурын зохион байгуулалт      199, 254, 277, 281    5, 6, 10, 12        
төлбөр                          208, 232, 243, 310    7, 26, 4, 28        
                                313, 337, 343, 349    24, 11, 9, 5        
                                367, 368, 377, 377    4, 4, 5, 10         
                                378, 379, 379, 421    10, 6, 11, 6        
                                422, 423, 425         29, 17, 27          
этгээд                          208, 333, 343, 357    27, 4, 25, 14       
                                420, 422, 423, 425    13, 19, 15, 6       
амьтныг ашиглах                 214, 224, 225, 378    16, 7, 9, 4         
шинжээч                         214, 427              11, 12              
ургамал                         217, 223              5, 5                
бүтээгдэхүүн                    218, 225, 226         4, 6, 4             
ажиглах                         221                   8                   
эм                              227                   5                   
хураамж                         232, 243, 310, 313    27, 6, 29, 25       
                                377, 378, 379, 379    11, 11, 7, 12       
цуглуулга                       234, 235, 373         4, 2, 2             
амьтны цуглуулга                236, 238, 239, 328    11, 4, 4, 7         
төрийн бус байгууллага          241, 259, 264         10, 6, 36           
нөхөрлөл                        241, 250, 262         4, 5, 17            
мэргэжил                        241, 255, 256         8, 9, 11            
хураагч                         249, 285              18, 4               
хариуцагч                       252, 257              3, 6                
захиалагч                       254, 363, 364, 365    17, 6, 23, 4        
төсөл                           256                   19                  
төрийн байгууллага              261                   10                  
амьтны нөөцийг хамгаалах        264, 269              30, 2               
монгол улсын нутаг дэвсгэр      266                   5                   
амьтны экологи-эдийн засгийн үнэлгээ  273, 421              8, 11               
тайлан                          274, 372              4, 3                
үйлдвэрлэл-үйлчилгээний зориулалт  277, 291, 306, 310    17, 15, 9, 5        
                                328                   16                  
өөрийн хөрөнгө                  281, 385              17, 14              
гишүүн                          285                   19                  
тусгай зөвшөөрөл                291, 293, 298, 299    21, 8, 9, 9         
                                320, 322, 328, 328    14, 7, 10, 22       
аж ахуйн нэгж                   294                   9                   
эрх бүхий этгээд                296, 320              16, 22              
генетик нөөцтэй холбоотой уламжлалт мэдлэг  298, 299, 411, 412    23, 23, 29, 29      
овог                            313                   10                  
байнга оршин суугч              318                   5                   
спорт агнуур                    324                   2                   
агнуурын амьтны сүргийн бүтэц   325                   3                   
нээлт                           330, 331              31, 31              
итгэмжлэгдсэн төлөөлөгч         333                   7                   
босго үнэ                       335, 361              12, 9               
оролцогч                        335, 339, 345, 347    7, 22, 13, 3        
                                353, 355              4, 3                
дэнчин                          335, 343, 347, 349    18, 13, 11, 12      
зарлаг                          341, 341              8, 19               
орлого                          343, 359              15, 5               
гарын үсэг зурах                345                   20                  
тэмдэглэл                       345                   8                   
байгаль орчин                   359                   16                  
ангийн буу                      364                   19                  
орон нутгийн төсөв              381                   6                   
хандив                          381                   16                  
газар ашиглах                   384                   16                  
амьтны жам ёсны эрх             390                   10                  
эрүүл ахуй                      391                   9                   
тээврийн хэрэгсэл               391                   26                  
осол                            391                   11                  
эрүүл мэнд                      394                   6                   
сорьц                           401, 402, 411, 412    20, 20, 14, 14      
хүсэлт                          401, 402              25, 25              
харь амьтан                     407                   9                   
шалгагч                         415                   19                  
торгууль                        425                   25                  
гэрчилгээ                       427                   7                   
