File: MNCLW00661.txt
Search Method: Trie (MWE + Single-Word)
Total runtime: 0.007423s
Found terms: 213

Term                            Line                  Word Place          

ус бохирдуулсны төлбөр          8, 10, 25, 26         1, 10, 20, 9        
                                42                    9                   
аж ахуйн нэгж                   10, 25, 35, 100       6, 16, 2, 19        
                                102                   5                   
иргэн                           10, 25                5, 15               
байгууллага                     10, 25, 35, 45        9, 19, 5, 26        
                                45, 56, 56, 100       33, 42, 54, 22      
                                102, 108              8, 26               
төлбөр                          10, 11, 12, 19        14, 5, 3, 3         
                                26, 28, 31, 42        51, 41, 5, 3        
                                42, 60, 63, 94        13, 5, 1, 5         
                                99, 100, 104, 105     13, 32, 21, 3       
                                106, 107, 108         5, 5, 7             
ус                              12, 12, 16, 17        17, 25, 4, 4        
                                18, 18, 19, 20        2, 4, 5, 5          
                                21, 21, 22, 23        2, 5, 10, 6         
                                25, 26, 28, 31        8, 26, 16, 10       
                                35, 43, 45, 48        13, 2, 2, 8         
                                49, 56, 56, 95        8, 27, 45, 2        
                                96, 97                2, 2                
ашиглалт                        12, 23, 56            29, 10, 32          
мөрдөгч                         13                    17                  
тодорхойлолт                    14                    6                   
хэрэглэгч                       15                    3                   
бохирдуулагч                    17                    2                   
стандарт                        20, 21, 22, 43        3, 3, 8, 3          
                                44                    9                   
бохир ус                        22, 100               6, 6                
төлбөр төлөгч                   24                    5                   
хаягдал ус                      25, 26, 26, 28        5, 20, 33, 23       
                                31, 35, 38, 42        22, 6, 5, 7         
                                43, 44, 48, 49        12, 15, 5, 5        
                                52, 52, 53, 53        5, 16, 5, 16        
                                56, 56                9, 16               
ус бохирдуулагч                 25                    13                  
рашаан                          25                    2                   
суурин газар                    26, 99, 100           15, 2, 3            
хуулийн этгээд                  26, 31, 114           23, 15, 5           
татварын алба                   26, 28, 106, 107      46, 36, 3, 3        
газар                           26, 28, 38, 59        2, 2, 16, 14        
                                87, 88, 102           20, 20, 17          
захиргаа                        26, 28, 45, 45        3, 3, 24, 31        
                                56, 56, 108           40, 52, 24          
сум                             26, 28                5, 5                
гэрээ                           26                    12                  
мэдээлэл                        26, 26, 28, 28        29, 49, 19, 39      
зөвшөөрөл                       26, 28, 35            37, 27, 9           
иргэний бүртгэл                 31                    12                  
регистрийн дугаар               31                    17                  
үйл ажиллагаа                   31, 100               19, 16              
бохирдуулах бодис               31, 44, 45, 45        28, 4, 5, 12        
                                48, 49, 52, 53        13, 13, 19, 19      
                                56, 59, 60, 61        19, 6, 1, 1         
                                104                   18                  
төлбөр авагч                    38                    7                   
журам                           38, 45, 102           9, 16, 15           
шуудан                          43, 104               9, 8                
төлбөр тооцоо                   47                    3                   
үйлчилгээ                       52, 53, 56, 56        9, 9, 13, 24        
                                90, 96                31, 6               
нэгж                            52, 53, 56, 60        10, 10, 14, 4       
                                62                    2                   
хүн                             52, 53, 60, 78        11, 11, 25, 1       
                                114                   4                   
аюултай бохирдуулах бодис       54, 55, 56, 60        4, 4, 5, 30         
                                82                    1                   
салбар                          56                    25                  
усны экологи-эдийн засгийн үнэлгээ  87, 88                8, 8                
усны сав газар                  87, 88                3, 3                
байгаль орчин                   90                    3                   
усны нөөц                       90                    9                   
усны бохирдол                   90                    12                  
цэвэрлэх байгууламж             90, 97, 97            27, 3, 16           
орлого                          90, 90                2, 23               
сан                             90                    7                   
усны чанарын стандарт           95                    3                   
хаягдал усны стандарт           97, 100               6, 23               
бусад газар                     99                    4                   
мал                             99                    9                   
ажилгүй                         99                    10                  
эрүүл мэнд                      100                   12                  
төсөв                           100                   10                  
хангагч                         100                   29                  
тохиолдол                       100                   31                  
хөнгөлөлт                       102                   11                  
нийслэл                         106, 107              17, 2               
захиргааны байгууллага          107, 108, 110         20, 5, 8            
хариуцагч                       110                   6                   
шинжээч                         113                   10                  
