File: MNCLW00575.txt
Search Method: Aho-Corasick
Total runtime: 0.004331s
Found terms: 290

Term                            Line                  Word Place          

татварын мэргэшсэн зөвлөх үйлчилгээ  8, 13, 13, 22         1, 5, 14, 10        
                                23, 25, 31, 32        5, 6, 29, 5         
                                74, 175, 176          32, 1, 1            
нийтлэх                         10, 11                1, 1                
үйл ажиллагаа                   13, 20, 27, 44        22, 21, 18, 10      
                                63, 70, 71, 73        6, 10, 10, 11       
                                133, 155, 158, 159    10, 8, 6, 6         
                                163, 164, 167, 168    8, 6, 2, 2          
                                172                   31                  
тусгай зөвшөөрөл                13, 22, 74, 94        28, 6, 27, 5        
                                95, 104, 106, 107     7, 5, 6, 9          
                                107, 108, 110         18, 19, 5           
этгээд                          13, 93, 95, 96        19, 21, 6, 5        
                                97, 100, 101, 173     5, 2, 2, 16         
                                178                   9                   
зөвлөх үйлчилгээ                14, 15, 20, 29        5, 3, 3, 7          
                                33, 34, 43, 44        5, 3, 5, 3          
                                44, 70, 71, 89        6, 1, 1, 6          
                                92, 107, 108, 150     7, 15, 16, 3        
                                158, 159, 161, 172    1, 1, 3, 7          
                                173, 173              9, 13               
зөвшөөрөл                       15, 94, 104, 110      16, 2, 16, 2        
мөрдөгч                         17, 139, 155          17, 7, 10           
тодорхойлолт                    18, 102               6, 10               
хэрэглэгч                       19, 74                3, 46               
татвар төлөгч                   20, 31, 61            7, 14, 5            
үйлчлүүлэгч                     20, 53, 55, 56        6, 6, 1, 1          
                                92, 134, 135, 173     9, 10, 5, 8         
зөвлөх                          20, 23, 32, 122       20, 3, 3, 3         
                                131, 133, 156         3, 3, 3             
татварын итгэмжлэгдсэн хуулийн этгээд  21, 23, 31, 93        6, 12, 25, 10       
                                93, 110, 128, 135     25, 10, 26, 17      
                                149, 156, 172         9, 4, 3             
үйлчилгээ                       21, 28, 59, 62        10, 7, 2, 2         
                                66, 67, 85, 95        2, 2, 2, 4          
                                96, 97, 106, 135      2, 2, 4, 2          
                                136, 160, 163         2, 4, 4             
хуулийн этгээд                  22, 22, 60, 63        3, 17, 3, 3         
                                63, 72, 73, 74        13, 5, 3, 3         
                                76, 77, 87, 88        5, 3, 3, 5          
                                89, 104, 128, 155     3, 3, 3, 3          
                                164, 184              3, 5                
хүн                             25, 31, 115, 184      12, 10, 6, 4        
албан татвар                    27                    4                   
нийгмийн даатгал                27                    8                   
төлбөр                          27                    6                   
хураамж                         27, 103               7, 3                
ажил                            27, 32, 83, 85        12, 11, 4, 3        
                                91, 125, 128, 134     16, 9, 22, 3        
                                135                   13                  
баримт бичиг                    28, 67                10, 5               
тэмдэглэл                       28                    18                  
үйлчлэгч                        30, 31                4, 36               
аж ахуйн нэгж                   31                    5                   
байгууллага                     31, 62, 96, 102       8, 10, 18, 9        
                                128, 152, 161         15, 11, 16          
тохиолдол                       32, 94, 107, 108      13, 10, 8, 15       
                                135, 141, 166         12, 2, 9            
зохицуулалт                     32                    16                  
тал                             45, 89, 150, 163      5, 8, 5, 5          
талууд                          45, 89, 150, 163      5, 8, 5, 5          
мэргэжил                        45, 61, 123, 125      11, 9, 8, 3         
                                149, 155              16, 5               
бүрдэл                          47                    15                  
бусад этгээд                    53                    4                   
сонгогч                         60                    5                   
хангагч                         66, 86, 122, 149      6, 8, 6, 20         
                                155                   14                  
тайлан                          67                    14                  
мэдээлэл                        68, 86, 86, 134       9, 2, 5, 9          
                                155, 166              13, 3               
хариуцагч                       68                    12                  
эрх бүхий этгээд                70, 71, 107, 141      4, 4, 12, 7         
компани                         73                    8                   
нөхөрлөл                        73                    9                   
татварын мэргэшсэн зөвлөх       74, 78, 147           12, 4, 11           
аудитын байгууллага             74                    24                  
агуулах                         74                    16                  
архив                           85                    7                   
аюул                            86                    6                   
татварын итгэмжлэгдсэн нягтлан бодогч  87, 128               13, 10              
салбар                          87                    5                   
мэдэгдэл                        91                    12                  
татварын тайлан                 93                    5                   
шалгагч                         93                    4                   
баталгаажуулах                  93                    31                  
захиргаа                        96, 161               16, 14              
өргөдөл                         97                    6                   
шийдвэр                         99                    4                   
дүрэм                           100                   3                   
улсын бүртгэлийн гэрчилгээ      101                   3                   
татварын өр                     102                   3                   
газар                           115, 116, 117, 118    12, 15, 32, 8       
                                179, 180, 181         24, 6, 10           
гишүүн                          115, 116, 117, 117    13, 16, 5, 33       
                                118, 180              9, 7                
журам                           116, 147, 153         9, 18, 13           
сургалтын байгууллага           117                   12                  
төрийн байгууллага              117                   20                  
санал                           117, 180, 181         24, 9, 2            
үндсэн орд                      128                   5                   
хувийн тэмдэг                   131, 153              9, 6                
гүйцэтгэгч                      136                   9                   
туслагч                         137                   12                  
хүсэлт                          142, 147              8, 24               
бараа                           146, 146              2, 9                
зарлаг                          146                   11                  
төрийн бус байгууллага          149                   25                  
удирдлага                       149                   19                  
хяналт тавих                    151, 161, 162         11, 17, 9           
зохион байгуулагч               154                   11                  
мэдээллийн сан                  156                   9                   
холбогдох этгээд                163                   6                   
орлого                          165, 165              3, 4                
хувийн ашиг сонирхол            166                   12                  
удирдамж@@                      172                   19                  
заавар                          172                   20                  
эрх бүхий албан тушаалтан       173                   3                   
арга хэмжээ                     178                   18                  
шинжээч                         178, 183              14, 10              
гомдол                          181                   12                  
