File: MNCLW00508.txt
Search Method: Aho-Corasick
Total runtime: 0.003371s
Found terms: 214

Term                            Line                  Word Place          

албан татвар                    6, 9, 11, 12          2, 41, 3, 5         
                                13, 13, 14, 15        6, 29, 5, 5         
                                24, 25, 26, 27        31, 5, 8, 3         
                                27, 29, 30, 30        10, 9, 3, 25        
                                31, 32, 32, 34        11, 3, 10, 2        
                                35, 48, 49, 51        2, 6, 21, 3         
                                51, 53, 56, 180       13, 2, 3, 21        
                                180, 182, 183, 188    25, 18, 7, 3        
                                225, 226, 227, 230    21, 21, 8, 3        
                                268, 269, 269, 271    14, 3, 13, 2        
                                272, 287, 289, 290    5, 29, 3, 3         
                                292, 295, 297, 299    6, 13, 5, 5         
                                315, 316, 319, 320    12, 12, 5, 16       
                                321, 322, 323, 325    12, 10, 8, 11       
                                325, 326, 326, 327    21, 9, 23, 45       
                                328, 328, 329, 331    12, 18, 12, 30      
үйл ажиллагаа                   9, 9, 13, 14          19, 31, 20, 9       
                                24, 24, 24, 287       6, 19, 28, 6        
                                287, 328              20, 7               
тоног төхөөрөмж                 9, 24, 31, 268        27, 14, 8, 9        
                                327                   41                  
хуулийн этгээд                  9, 13, 24, 30         38, 26, 26, 15      
                                287                   18                  
бараа                           9, 13, 14, 49         13, 9, 8, 7         
                                300                   13                  
төлбөр                          9, 13, 24, 30         15, 16, 2, 9        
                                287                   2                   
хүн                             9, 13, 22, 23         37, 25, 8, 8        
                                24, 30, 51, 67        25, 14, 42, 3       
                                287                   17                  
үйлдвэрлэгч                     13, 29, 300, 321      13, 6, 6, 6         
                                322, 324, 325, 326    6, 7, 6, 5          
согтууруулах ундаа              16, 27                4, 18               
түлш                            18, 22, 23, 27        4, 11, 11, 43       
                                49, 51, 160, 182      14, 286, 2, 8       
                                183, 192, 292, 329    19, 2, 4, 9         
                                329, 331              23, 27              
дайвар бүтээгдэхүүн             20, 22, 23, 27        4, 5, 5, 55         
                                51                    299                 
газрын тос                      22, 23, 27, 51        2, 2, 52, 296       
тайлбар                         22, 23                1, 1                
нэгж                            24, 25, 26, 27        17, 9, 13, 14       
                                29, 31, 32, 35        16, 16, 14, 6       
                                49, 51, 55, 180       17, 10, 1, 32       
                                269, 272, 327         10, 2, 9            
монгол улсын нутаг дэвсгэр      29, 300, 321, 322     2, 2, 2, 2          
                                325                   2                   
үр                              32, 43, 269, 281      30, 2, 31, 2        
бусад газар                     51, 72                55, 1               
хүнс                            51, 61, 324           25, 1, 5            
эм                              51, 67                40, 1               
мал                             51, 67                43, 4               
эмнэлэг                         51, 67                44, 5               
мөрдөгч                         51, 79, 336, 337      103, 29, 13, 21     
тогтоол                         170                   33                  
хилийн боомт                    182, 183, 187         12, 2, 1            
зам                             183, 213              53, 2               
сүлжээ                          287                   12                  
салбар                          292                   17                  
газар                           292, 295, 329, 333    21, 25, 34, 15      
гэрээ                           301                   2                   
бүтээгдэхүүн                    301, 331              11, 3               
гаалийн байгууллага             303, 320              2, 13               
монгол улсын хил                320                   6                   
орлого                          320                   20                  
сан                             320                   22                  
татвар төлөгч                   321, 322, 327         14, 15, 16          
ажил                            323                   10                  
захиргаа                        324                   24                  
байгууллага                     324                   26                  
татварын алба                   327                   30                  
гэрчилгээ                       327                   35                  
аж ахуйн нэгж                   329                   17                  
компанийн нөөц                  329, 329, 331         14, 37, 14          
шийдвэр                         329                   35                  
тусгай зөвшөөрөл эзэмшигч       331                   8                   
компани                         331                   11                  
журам                           333                   9                   
гишүүн                          333                   16                  
