File: MNCLW00281.txt
Search Method: Trie (MWE + Single-Word)
Total runtime: 0.009354s
Found terms: 366

Term                            Line                  Word Place          

мансууруулах эм, сэтгэцэд нөлөөт бодисын эргэлт  6, 11, 12, 13         1, 5, 4, 2          
                                24, 25                1, 1                
хяналт тавих                    6, 11, 12, 13         7, 11, 10, 8        
                                31, 108, 109, 113     15, 12, 32, 16      
                                115, 121, 130         19, 23, 15          
нийтлэх                         8, 9, 79, 80          1, 1, 6, 24         
эрүүл мэнд                      11, 80, 83            20, 17, 21          
урьдчилан сэргийлэх             11, 32, 77, 78        25, 6, 8, 8         
                                79, 80, 82, 83        4, 22, 11, 39       
                                84, 92, 119, 121      9, 12, 34, 8        
                                130, 131              12, 14              
үйл ажиллагаа                   11, 19, 57, 81        27, 41, 5, 5        
                                83, 92, 121           42, 16, 10          
хүн                             11, 80, 106, 137      18, 15, 11, 4       
сан                             11, 80                23, 20              
үндэсний аюулгүй байдал         13                    16                  
эмнэлгийн хэрэгсэл              13                    21                  
эм                              13, 18, 18, 19        20, 2, 39, 2        
                                20, 21, 28, 36        2, 2, 2, 8          
                                36, 38, 39, 43        14, 7, 8, 2         
                                45, 48, 48, 49        2, 2, 19, 2         
                                49, 61, 63, 63        19, 4, 5, 11        
                                63, 64, 66, 68        18, 10, 30, 2       
                                83, 84, 85, 93        2, 2, 2, 2          
                                94, 98, 100, 101      2, 10, 2, 2         
                                104, 106, 107, 130    2, 2, 2, 2          
                                131, 145              2, 2                
мөрдөгч                         15                    18                  
хэрэглэгч                       17, 19, 26, 36        3, 19, 14, 9        
                                36, 39, 58, 98        15, 3, 11, 2        
                                101, 109              13, 25              
мансууруулах эм                 18, 40                14, 5               
мансууруулах эм, сэтгэцэд нөлөөт бодис  19, 26, 31, 37        8, 4, 7, 6          
                                42, 44, 47, 53        4, 4, 2, 2          
                                54, 55, 56, 60        4, 2, 2, 2          
                                62, 66, 72, 73        5, 14, 4, 8         
                                77, 78, 80, 81        1, 1, 8, 14         
                                82, 83, 86, 87        4, 32, 2, 2         
                                92, 103, 108, 109     2, 11, 4, 14        
                                117, 119, 121, 129    6, 15, 14, 4        
                                141, 144              2, 6                
монгол улсын хил                19, 42, 43, 44        23, 12, 20, 12      
                                45, 48, 49, 53        17, 9, 9, 10        
                                85, 100, 103, 104     15, 10, 28, 16      
                                117                   14                  
тээвэрлэгч                      19                    20                  
тал                             19, 44, 45, 66        34, 3, 11, 29       
                                81, 83, 84, 85        24, 12, 11, 14      
                                87, 103, 144          9, 8, 22            
талууд                          19, 44, 45, 66        34, 3, 11, 29       
                                81, 83, 84, 85        24, 12, 11, 14      
                                87, 103, 144          9, 8, 22            
үйлдвэрлэгч                     20, 26, 34, 61        6, 12, 11, 8        
                                62, 63, 68, 104       17, 10, 10, 13      
                                107, 146              19, 15              
үйлчилгээ                       20, 21                11, 25              
ургамал                         20, 21, 34, 115       13, 27, 2, 17       
хураагч                         20, 57, 144, 145      18, 13, 32, 14      
бүтээгдэхүүн                    20                    26                  
мансууруулах эм, сэтгэцэд нөлөөт бодис үйлдвэрлэх  21                    29                  
байгууллага                     28, 31, 32, 34        13, 18, 18, 16      
                                37, 43, 53, 57        12, 16, 21, 3       
                                63, 66, 73, 73        14, 9, 4, 39        
                                73, 80, 81, 83        42, 7, 8, 19        
                                87, 90, 103, 107      12, 5, 3, 15        
                                109, 109, 115, 119    7, 13, 8, 8         
                                121, 146, 146         5, 23, 38           
эрдэм шинжилгээний байгууллага  29                    8                   
гэмт хэрэг                      32                    3                   
гүйцэтгэх ажил                  32                    13                  
аж ахуйн нэгж                   34, 43, 66, 73        17, 17, 10, 5       
                                81, 103               9, 4                
тусгай зөвшөөрөл                34, 43, 45, 47        13, 13, 14, 14      
                                61, 63, 64, 66        10, 16, 18, 5       
                                68, 104               12, 9               
тохиолдол                       34, 56, 85            4, 16, 11           
журам                           37, 53, 60, 89        15, 17, 17, 10      
                                109, 125, 144, 145    28, 9, 36, 18       
газар                           37, 40, 47, 60        17, 18, 18, 19      
                                125                   11                  
үйлчлэгч                        38, 40, 98            8, 7, 11            
стандарт                        39                    10                  
хангагч                         39, 55, 63, 66        12, 12, 12, 23      
эмийн сан                       40                    10                  
нийслэл                         40                    15                  
гэрээ                           44, 45                18, 13              
хилийн боомт                    47                    21                  
гаалийн байгууллага             48, 49                17, 17              
захиргааны байгууллага          48, 49, 63, 66        23, 23, 22, 34      
                                113                   6                   
хариуцагч                       48, 49, 66            21, 21, 32          
бүрэн бүтэн байдал              55                    22                  
боодол                          55, 59, 86            19, 4, 13           
тоног төхөөрөмж                 56, 60, 146           13, 13, 17          
зөвшөөрөл                       64, 69, 69, 73        20, 2, 14, 2        
                                144                   19                  
дүгнэлт                         66, 90, 146           36, 6, 28           
ашиглалт                        72, 73                12, 19              
тайлан                          72                    14                  
захиргаа                        73, 83, 109, 115      37, 14, 5, 6        
иргэн                           81, 100, 101          12, 9, 9            
төрийн бус байгууллага          83                    45                  
боловсролын байгууллага         83                    29                  
мэдээлэл                        83, 87, 94            24, 18, 31          
хөтөлбөр                        84                    19                  
гаалийн мэдүүлэг                85                    19                  
агуулах                         86                    10                  
аюул                            86                    18                  
мансуурах дон                   88                    4                   
этгээд                          88, 89, 90            6, 3, 11            
эмчлэх                          88, 89, 90            7, 11, 15           
хүсэлт                          89, 146               7, 39               
шүүхийн шийдвэр                 90, 141               12, 38              
эмнэлэг                         90                    4                   
шуудангийн илгээмж              93                    9                   
нийтэд түгээх                   94                    28                  
кино                            94                    19                  
эмийн жор                       96                    6                   
заавар                          101                   11                  
төсөв                           103                   19                  
хяналт шалгалт                  109                   8                   
арга хэмжээ                     109, 119              37, 36              
мансууруулах эм, сэтгэцэд нөлөөт бодисын түүхий эд  113, 115, 146         8, 9, 5             
олборлолт                       113, 115              15, 16              
хилийн хяналтын байгууллага     117                   3                   
ажил                            121                   44                  
төрийн байгууллага              130, 144              19, 16              
улсын  төсөв                    130                   24                  
улсын төсөв                     130                   24                  
хөрөнгө                         130                   23                  
лабораторийн шинжилгээ          131                   22                  
амьтан                          131                   18                  
хөнгөлөлт                       131                   30                  
шинжээч                         136                   10                  
хуулийн этгээд                  137, 139, 140, 141    5, 4, 4, 31         
аж ахуйн үйл ажиллагаа          141                   26                  
орлого                          141, 141, 143, 144    13, 20, 5, 39       
                                145, 145, 146         13, 21, 32          
мэдээ                           141                   22                  
мэргэжил                        146                   19                  
