File: MNCLW00567.txt
Search Method: Aho-Corasick
Total runtime: 0.000251s
Found terms: 36

Term                            Line                  Word Place          

газар                           6, 7, 7, 8            6, 8, 36, 8         
                                8                     36                  
мэдээ                           6, 7, 7, 8            7, 9, 37, 9         
                                8                     37                  
хуулийн этгээд                  7, 8                  58, 58              
хөрөнгө                         7, 8                  15, 15              
компани                         7, 8                  20, 20              
хувьцаа                         7, 7, 7, 7            24, 30, 46, 51      
                                8, 8, 8, 8            24, 30, 46, 51      
зам                             7, 7, 8, 8            26, 64, 26, 64      
иргэн                           7, 8                  60, 60              
орон нутгийн өмч                9, 10                 11, 11              
нөхөрлөл                        9, 10                 5, 5                
мөрдөгч                         9, 10                 30, 30              
