File: MNCLW00800.txt
Search Method: Trie (MWE + Single-Word)
Total runtime: 0.008715s
Found terms: 1045

Term                            Line                  Word Place          

шүүгч                           8, 165, 165, 165      1, 1804, 1813, 1833 
                                165, 165, 165, 165    1858, 1878, 1901, 1919
                                165, 165, 517, 519    1940, 1961, 3, 8    
                                524, 528, 532, 536    8, 8, 8, 8          
                                540, 544, 548         8, 8, 8             
шүүх                            8, 165, 165, 165      1, 1804, 1813, 1833 
                                165, 165, 165, 165    1858, 1878, 1901, 1919
                                165, 165, 517, 519    1940, 1961, 3, 8    
                                524, 528, 532, 536    8, 8, 8, 8          
                                540, 544, 548         8, 8, 8             
давж заалдах шатны шүүх         11, 11, 11, 11        12, 34, 54, 74      
                                11, 11, 11, 11        94, 114, 134, 153   
                                11, 11, 11, 11        172, 192, 212, 232  
                                11, 11, 11, 11        252, 271, 290, 310  
                                11, 11, 11, 11        330, 350, 370, 390  
                                11, 11, 11, 11        410, 430, 450, 470  
                                11, 11, 11, 11        488, 505, 520, 580  
                                11, 11, 11, 11        604, 627, 652, 676  
                                11, 11, 11, 11        699, 724, 747, 767  
                                11, 11, 16, 20        782, 789, 4, 6      
                                24, 28, 32, 36        6, 6, 6, 6          
                                40, 44, 48, 52        6, 5, 5, 6          
                                56, 60, 64, 68        6, 6, 6, 5          
                                72, 76, 80, 84        5, 6, 6, 6          
                                88, 92, 96, 100       6, 6, 6, 6          
                                104, 108, 112, 116    6, 6, 4, 4          
                                119, 124, 128, 132    3, 7, 6, 7          
                                136, 140, 144, 148    7, 6, 7, 7          
                                152, 156, 159, 161    5, 4, 3, 3          
газар                           11, 13, 165, 167      4, 2, 4, 2          
иргэн                           11, 11, 11, 11        10, 32, 52, 72      
                                11, 11, 11, 11        92, 112, 132, 170   
                                11, 11, 11, 11        190, 210, 230, 250  
                                11, 11, 11, 11        288, 308, 328, 348  
                                11, 11, 11, 11        368, 388, 408, 428  
                                11, 11, 11, 16        448, 468, 503, 2    
                                20, 24, 28, 32        4, 4, 4, 4          
                                36, 40, 48, 52        4, 4, 3, 4          
                                56, 60, 64, 72        4, 4, 4, 3          
                                76, 80, 84, 88        4, 4, 4, 4          
                                92, 96, 100, 104      4, 4, 4, 4          
                                108, 116, 165, 165    4, 2, 10, 35        
                                165, 165, 165, 165    83, 96, 109, 122    
                                165, 165, 165, 165    135, 148, 161, 174  
                                165, 165, 165, 165    187, 808, 819, 840  
                                165, 165, 165, 165    861, 882, 903, 924  
                                165, 165, 165, 165    945, 966, 992, 1013 
                                165, 165, 165, 165    1034, 1065, 1086, 1113
                                165, 165, 165, 165    1142, 1163, 1189, 1210
                                165, 165, 165, 170    1231, 1259, 1280, 2 
                                172, 176, 180, 184    9, 3, 3, 3          
                                188, 192, 196, 200    3, 3, 3, 3          
                                204, 208, 343, 345    3, 3, 3, 6          
                                349, 353, 357, 361    6, 6, 6, 6          
                                365, 369, 373, 377    6, 6, 6, 6          
                                381, 385, 389, 393    6, 6, 6, 6          
                                397, 401, 406, 412    6, 6, 2, 6          
                                416, 420, 424, 428    6, 6, 6, 6          
захиргаа                        11, 11, 11, 11        43, 63, 83, 103     
                                11, 11, 11, 11        123, 143, 162, 181  
                                11, 11, 11, 11        201, 221, 241, 261  
                                11, 11, 11, 11        280, 299, 319, 339  
                                11, 11, 11, 11        359, 379, 399, 419  
                                11, 11, 11, 11        439, 459, 479, 496  
                                11, 11, 11, 11        513, 593, 615, 640  
                                11, 11, 11, 11        665, 687, 712, 737  
                                11, 11, 11, 11        758, 775, 787, 798  
                                22, 26, 30, 34        4, 4, 4, 4          
                                38, 42, 46, 50        4, 4, 4, 4          
                                54, 58, 62, 66        4, 4, 4, 4          
                                70, 74, 78, 82        4, 4, 4, 4          
                                86, 90, 94, 98        4, 4, 4, 4          
                                102, 106, 110, 114    4, 4, 4, 3          
                                118, 126, 130, 134    3, 6, 5, 6          
                                138, 142, 146, 150    6, 5, 6, 6          
                                154, 158, 161, 163    5, 3, 1, 4          
                                165, 165, 165, 165    394, 404, 413, 423  
                                165, 165, 165, 165    432, 442, 451, 461  
                                165, 165, 165, 165    470, 480, 489, 499  
                                165, 165, 165, 165    508, 518, 527, 537  
                                165, 165, 165, 165    546, 556, 565, 575  
                                165, 165, 165, 165    584, 594, 603, 613  
                                165, 165, 165, 165    622, 632, 641, 651  
                                165, 165, 165, 165    660, 670, 679, 689  
                                165, 165, 165, 165    698, 708, 717, 727  
                                165, 165, 165, 165    736, 746, 755, 765  
                                165, 165, 165, 165    774, 784, 792, 801  
                                165, 165, 165, 165    829, 850, 871, 892  
                                165, 165, 165, 165    913, 934, 955, 1002 
                                165, 165, 165, 165    1023, 1075, 1152, 1199
                                165, 165, 165, 165    1220, 1269, 1327, 1348
                                165, 165, 165, 165    1369, 1390, 1411, 1432
                                165, 165, 165, 165    1453, 1500, 1521, 1573
                                165, 165, 165, 165    1650, 1697, 1718, 1767
                                255, 257, 259, 261    4, 4, 4, 4          
                                263, 265, 267, 269    4, 4, 4, 4          
                                271, 273, 275, 277    4, 4, 4, 4          
                                279, 281, 283, 285    4, 4, 4, 4          
                                288, 290, 292, 294    1, 4, 4, 4          
                                296, 298, 300, 302    4, 4, 4, 4          
                                304, 306, 308, 310    4, 4, 4, 4          
                                312, 314, 316, 318    4, 4, 4, 4          
                                320, 322, 324, 326    4, 4, 4, 4          
                                328, 330, 332, 334    4, 4, 4, 4          
                                336, 338, 340, 342    4, 4, 3, 3          
                                347, 351, 355, 359    4, 4, 4, 4          
                                363, 367, 371, 379    4, 4, 4, 4          
                                383, 391, 403, 414    4, 4, 4, 4          
                                418, 426, 435, 439    4, 4, 4, 4          
                                443, 447, 451, 455    4, 4, 4, 4          
                                459, 468, 472, 480    4, 4, 4, 4          
                                492, 500, 504, 512    4, 4, 4, 4          
нэгж                            11, 11, 11, 11        47, 67, 87, 107     
                                11, 11, 11, 11        127, 147, 166, 185  
                                11, 11, 11, 11        205, 225, 245, 265  
                                11, 11, 11, 11        284, 303, 323, 343  
                                11, 11, 11, 11        363, 383, 403, 423  
                                11, 11, 11, 11        443, 463, 483, 500  
                                11, 11, 11, 11        517, 597, 619, 644  
                                11, 11, 11, 11        669, 691, 716, 741  
                                11, 11, 11, 22        762, 779, 802, 8    
                                26, 30, 34, 38        8, 8, 8, 8          
                                42, 46, 50, 54        8, 8, 8, 8          
                                58, 62, 66, 70        8, 8, 8, 8          
                                74, 78, 82, 86        8, 8, 8, 8          
                                90, 94, 98, 102       8, 8, 8, 8          
                                106, 110, 114, 118    8, 8, 7, 7          
                                126, 130, 134, 138    10, 9, 10, 10       
                                142, 146, 150, 154    9, 10, 10, 9        
                                158, 163, 165, 165    7, 8, 408, 427      
                                165, 165, 165, 165    446, 465, 484, 503  
                                165, 165, 165, 165    522, 541, 560, 579  
                                165, 165, 165, 165    598, 617, 636, 655  
                                165, 165, 165, 165    674, 693, 712, 731  
                                165, 165, 165, 165    750, 769, 788, 805  
                                165, 165, 165, 165    833, 854, 875, 896  
                                165, 165, 165, 165    917, 938, 959, 1006 
                                165, 165, 165, 165    1027, 1079, 1156, 1203
                                165, 165, 165, 165    1224, 1273, 1331, 1352
                                165, 165, 165, 165    1373, 1394, 1415, 1436
                                165, 165, 165, 165    1457, 1504, 1525, 1577
                                165, 165, 165, 165    1654, 1701, 1722, 1771
                                257, 261, 265, 269    8, 8, 8, 8          
                                273, 277, 281, 285    8, 8, 8, 8          
                                290, 294, 298, 302    8, 8, 8, 8          
                                306, 310, 314, 318    8, 8, 8, 8          
                                322, 326, 330, 334    8, 8, 8, 8          
                                338, 342, 347, 351    8, 7, 8, 8          
                                355, 359, 363, 367    8, 8, 8, 8          
                                371, 379, 383, 391    8, 8, 8, 8          
                                403, 414, 418, 426    8, 8, 8, 8          
                                435, 439, 443, 447    8, 8, 8, 8          
                                451, 455, 459, 468    8, 8, 8, 8          
                                472, 480, 492, 500    8, 8, 8, 8          
                                504, 512              8, 8                
нийслэл                         11, 11, 11, 11        485, 494, 502, 511  
                                11, 11, 112, 114      764, 773, 1, 1      
                                116, 118, 156, 158    1, 1, 1, 1          
                                165, 165, 165, 165    90, 103, 116, 129   
                                165, 165, 165, 165    142, 155, 168, 181  
                                165, 165, 165, 165    194, 278, 291, 304  
                                165, 165, 165, 165    317, 330, 343, 356  
                                165, 165, 165, 165    369, 382, 790, 799  
                                178, 182, 186, 190    1, 1, 1, 1          
                                194, 198, 202, 206    1, 1, 1, 1          
                                210, 219, 223, 227    1, 1, 1, 1          
                                231, 235, 239, 243    1, 1, 1, 1          
                                247, 251, 340, 342    1, 1, 1, 1          
тогтоол                         11, 122, 165, 165     557, 21, 53, 241    
                                172, 213              27, 27              
мөрдөгч                         11, 122, 165, 165     572, 36, 66, 254    
                                172, 213, 552         40, 40, 14          
анхан шатны шүүх                165, 165, 165, 165    12, 37, 85, 98      
                                165, 165, 165, 165    111, 124, 137, 150  
                                165, 165, 165, 165    163, 176, 189, 200  
                                165, 165, 165, 165    225, 273, 286, 299  
                                165, 165, 165, 165    312, 325, 338, 351  
                                165, 165, 165, 165    364, 377, 387, 396  
                                165, 165, 165, 165    415, 434, 453, 472  
                                165, 165, 165, 165    491, 510, 529, 548  
                                165, 165, 165, 165    567, 586, 605, 624  
                                165, 165, 165, 165    643, 662, 681, 700  
                                165, 165, 165, 165    719, 738, 757, 776  
                                165, 165, 165, 165    794, 810, 821, 842  
                                165, 165, 165, 165    863, 884, 905, 926  
                                165, 165, 165, 165    947, 968, 994, 1015 
                                165, 165, 165, 165    1036, 1067, 1088, 1115
                                165, 165, 165, 165    1144, 1165, 1191, 1212
                                165, 165, 165, 165    1233, 1261, 1282, 1308
                                165, 165, 165, 165    1319, 1340, 1361, 1382
                                165, 165, 165, 165    1403, 1424, 1445, 1466
                                165, 165, 165, 165    1492, 1513, 1534, 1565
                                165, 165, 165, 165    1586, 1613, 1642, 1663
                                165, 165, 165, 165    1689, 1710, 1731, 1759
                                165, 170, 172, 176    1780, 4, 11, 5      
                                180, 184, 188, 192    5, 5, 5, 5          
                                196, 200, 204, 208    5, 5, 5, 5          
                                211, 213, 217, 221    4, 11, 5, 5         
                                225, 229, 233, 237    5, 5, 5, 5          
                                241, 245, 249, 252    5, 5, 5, 3          
                                255, 259, 263, 267    6, 6, 6, 6          
                                271, 275, 279, 283    6, 6, 6, 6          
                                288, 292, 296, 300    3, 6, 6, 6          
                                304, 308, 312, 316    6, 6, 6, 6          
                                320, 324, 328, 332    6, 6, 6, 6          
                                336, 340, 343, 345    6, 5, 5, 8          
                                349, 353, 357, 361    8, 8, 8, 8          
                                365, 369, 373, 377    8, 8, 8, 8          
                                381, 385, 389, 393    8, 8, 8, 8          
                                397, 401, 406, 412    8, 8, 4, 8          
                                416, 420, 424, 428    8, 8, 8, 8          
                                431, 433, 437, 441    5, 8, 8, 8          
                                445, 449, 453, 457    8, 8, 8, 8          
                                461, 466, 470, 474    8, 8, 8, 8          
                                478, 482, 486, 490    8, 8, 8, 8          
                                494, 498, 502, 506    8, 8, 8, 8          
                                510, 514              8, 8                
сум                             165, 165, 165, 165    817, 838, 859, 880  
                                165, 165, 165, 165    901, 922, 943, 964  
                                165, 165, 165, 165    985, 990, 1011, 1032
                                165, 165, 165, 165    1058, 1063, 1084, 1106
                                165, 165, 165, 165    1111, 1135, 1140, 1161
                                165, 165, 165, 165    1182, 1187, 1208, 1229
                                165, 165, 165, 165    1252, 1257, 1278, 1303
                                165, 165, 165, 165    1315, 1336, 1357, 1378
                                165, 165, 165, 165    1399, 1420, 1441, 1462
                                165, 165, 165, 165    1483, 1488, 1509, 1530
                                165, 165, 165, 165    1556, 1561, 1582, 1604
                                165, 165, 165, 165    1609, 1633, 1638, 1659
                                165, 165, 165, 165    1680, 1685, 1706, 1727
                                165, 165, 165, 165    1750, 1755, 1776, 1801
                                165, 165, 165, 165    1809, 1811, 1817, 1824
                                165, 165, 165, 165    1829, 1831, 1837, 1849
                                165, 165, 165, 165    1854, 1856, 1862, 1869
                                165, 165, 165, 165    1874, 1876, 1882, 1892
                                165, 165, 165, 165    1897, 1899, 1905, 1910
                                165, 165, 165, 165    1915, 1917, 1923, 1931
                                165, 165, 165, 165    1936, 1938, 1944, 1952
                                165, 165, 165, 165    1957, 1959, 1965, 1972
                                345, 349, 353, 357    4, 4, 4, 4          
                                361, 365, 369, 373    4, 4, 4, 4          
                                375, 377, 381, 385    13, 4, 4, 4         
                                387, 389, 393, 395    18, 4, 4, 14        
                                397, 399, 401, 405    4, 16, 4, 4         
                                410, 412, 416, 420    10, 4, 4, 4         
                                422, 424, 428, 430    15, 4, 4, 17        
                                433, 437, 441, 445    4, 4, 4, 4          
                                449, 453, 457, 461    4, 4, 4, 4          
                                463, 466, 470, 474    13, 4, 4, 4         
                                476, 478, 482, 484    18, 4, 4, 14        
                                486, 488, 490, 494    4, 16, 4, 4         
                                496, 498, 502, 506    13, 4, 4, 4         
                                508, 510, 514, 516    15, 4, 4, 17        
                                519, 519, 521, 522    4, 6, 2, 7          
                                524, 524, 525, 526    4, 6, 4, 12         
                                528, 528, 529, 530    4, 6, 4, 7          
                                532, 532, 533, 534    4, 6, 4, 10         
                                536, 536, 537, 538    4, 6, 4, 5          
                                540, 540, 541, 542    4, 6, 4, 8          
                                544, 544, 545, 546    4, 6, 4, 8          
                                548, 548, 549, 550    4, 6, 4, 7          
ургамал                         165, 165, 387, 476    1049, 1547, 9, 9    
зам                             165, 165, 165, 519    1808, 1816, 1823, 3 
                                521, 522              1, 6                
