File: MNCLW00783.txt
Search Method: Trie (MWE + Single-Word)
Total runtime: 0.017905s
Found terms: 690

Term                            Line                  Word Place          

нийтлэх                         9, 11, 194, 198       3, 1, 2, 2          
батлан хамгаалах                13, 46, 76, 78        17, 3, 12, 14       
                                79, 107, 179, 225     4, 12, 16, 13       
                                272, 293, 295, 317    18, 15, 18, 5       
цэргийн алба                    13, 18, 20, 21        21, 19, 10, 18      
                                23, 26, 31, 34        8, 2, 4, 5          
                                36, 38, 48, 50        9, 13, 6, 1         
                                51, 57, 58, 59        4, 5, 2, 13         
                                60, 63, 68, 69        2, 18, 6, 2         
                                75, 122, 123, 127     8, 2, 2, 6          
                                129, 130, 131, 173    8, 5, 11, 11        
                                180, 184, 198, 206    4, 4, 4, 6          
                                210, 217, 225, 235    4, 6, 4, 5          
                                239, 246, 246, 246    12, 2, 9, 16        
                                247, 248, 253, 260    4, 16, 21, 13       
                                322                   7                   
иргэн                           13, 18, 20, 21        7, 18, 7, 7         
                                23, 24, 25, 26        15, 6, 6, 21        
                                27, 30, 33, 34        16, 10, 15, 18      
                                37, 38, 39, 40        4, 3, 3, 4          
                                41, 43, 44, 44        16, 3, 3, 10        
                                68, 69, 70, 74        3, 5, 5, 8          
                                75, 81, 98, 99        6, 13, 7, 3         
                                100, 101, 102, 103    5, 5, 5, 6          
                                104, 106, 106, 107    14, 6, 29, 6        
                                108, 113, 114, 116    21, 5, 4, 4         
                                127, 132, 144, 145    9, 8, 9, 13         
                                146, 153, 170, 170    17, 8, 18, 23       
                                170, 172, 174, 201    34, 23, 8, 6        
                                245, 246, 248, 250    3, 12, 3, 7         
                                252, 255, 258, 262    5, 21, 6, 9         
                                263, 268, 269, 270    18, 12, 6, 9        
                                271, 279, 279, 306    9, 3, 14, 6         
                                308, 312, 323, 328    4, 4, 18, 3         
тодорхойлолт                    16, 103, 124, 146     7, 31, 10, 14       
                                322                   21                  
хэрэглэгч                       17, 207, 231, 232     3, 8, 6, 19         
                                234                   32                  
зэвсэгт хүчин                   18                    4                   
шүүхийн шийдвэр                 18, 124, 225, 253     10, 14, 17, 3       
гүйцэтгэгч                      18, 18, 82, 176       12, 25, 6, 10       
                                178, 178, 179, 225    5, 9, 14, 19        
                                253, 277              5, 25               
байгууллага                     18, 76, 78, 78        15, 19, 21, 28      
                                84, 89, 107, 107      11, 11, 19, 27      
                                145, 163, 173, 177    6, 7, 3, 3          
                                186, 195, 214, 217    2, 8, 5, 5          
                                218, 221, 228, 284    2, 4, 25, 20        
                                287, 293, 293, 294    24, 5, 22, 18       
                                295, 296, 296, 296    25, 13, 19, 22      
                                296, 296, 297, 317    25, 29, 28, 12      
                                321                   11                  
цэргийн байгууллага             20, 23, 24, 25        8, 6, 7, 10         
                                26, 27, 38, 207       9, 6, 11, 3         
                                236                   7                   
цэрэгт бүртгэлтэй мэргэжил      22, 25, 36, 253       12, 7, 14, 9        
дайчилгаа                       22, 38, 284, 286      20, 25, 12, 21      
                                299                   17                  
цэргийн жинхэнэ алба            24, 25, 26, 52        12, 15, 15, 4       
                                114, 268              5, 7                
цэргийн жинхэнэ алба хаагч      27, 31, 35, 86        11, 14, 6, 15       
                                93, 161, 162, 232     15, 1, 4, 4         
                                323                   13                  
мэргэжлийн сургалт              28, 64                16, 9               
мэргэжил                        28, 34, 34, 38        4, 3, 19, 9         
                                54, 55, 63, 63        3, 3, 8, 13         
                                64, 65, 66, 70        20, 2, 3, 2         
                                71, 71, 76, 81        7, 12, 6, 8         
                                83, 84, 86, 88        6, 8, 8, 6          
                                89, 93, 94, 94        8, 8, 4, 13         
                                113, 129, 135, 158    7, 21, 10, 10       
                                163, 170, 172, 174    4, 4, 21, 6         
                                200, 214, 217, 228    5, 2, 2, 14         
                                228, 276, 276, 279    22, 13, 20, 4       
                                279, 282, 284, 285    8, 14, 17, 9        
                                287, 287, 297, 307    9, 21, 8, 3         
                                322                   16                  
оюутан                          28, 63, 64, 64        15, 3, 8, 22        
                                65                    4                   
оюутан-цэрэг                    28, 63, 64, 64        15, 3, 8, 22        
                                65                    4                   
оюутан-цэрг                     28, 63, 64, 64        15, 3, 8, 22        
                                65                    4                   
суралцагч                       28, 29, 64            21, 11, 14          
тушаал                          31, 39, 71, 82        10, 19, 9, 3        
                                166, 176, 178, 182    9, 7, 12, 9         
                                183, 184, 185, 186    13, 8, 7, 9         
                                192, 193, 194, 195    5, 5, 7, 2          
                                205, 224, 225, 228    4, 4, 8, 17         
                                238, 238, 294, 297    8, 15, 16, 32       
зарлаг                          33, 100, 103, 105     11, 12, 2, 9        
                                106                   2                   
мэдэгдэл                        33, 100, 102, 103     13, 14, 3, 4        
                                105, 106              11, 4               
нэгдүгээр зэргийн бэлтгэл үүрэгтэн  34, 287               9, 2                
цэргийн бэлтгэл үүрэгтэн        38, 232               18, 9               
үүрэг гүйцэтгэгч                38                    16                  
хөрөнгө                         39                    14                  
ажил                            39, 62, 62, 105       17, 7, 18, 15       
                                107, 166, 173, 181    11, 10, 20, 6       
                                240, 264, 294, 296    4, 3, 14, 31        
                                297, 322              30, 19              
монгол улсын нутаг дэвсгэр      41                    3                   
зохион байгуулагч               41, 76, 107, 112      10, 20, 29, 8       
                                284, 291, 293, 304    25, 16, 23, 10      
журам                           47, 66, 78, 154       5, 6, 13, 5         
                                161, 179, 251, 271    5, 15, 6, 21        
                                317                   4                   
ахлагчийн алба                  53, 54, 80, 85        10, 10, 4, 2        
                                170                   8                   
газар                           55, 66, 79, 98        6, 8, 9, 14         
                                102, 104, 104, 105    14, 8, 10, 24       
                                106, 108, 112, 130    25, 6, 2, 32        
                                154, 179, 225, 251    7, 21, 26, 8        
                                252, 257, 260, 271    10, 6, 22, 23       
                                293, 295, 304, 316    13, 16, 9, 2        
                                316, 316              9, 15               
салбар                          60, 276               9, 11               
хугацаат цэргийн алба хаагч     61, 125, 153, 267     2, 6, 4, 14         
ажил олгогч                     62, 105               12, 6               
хангагч                         62, 83, 88, 119       20, 18, 18, 14      
                                164, 166, 168, 169    7, 13, 6, 7         
                                170, 171, 263, 296    14, 32, 10, 33      
мэргэжлийн байгууллага          71, 110               17, 36              
удирдлага                       71, 84, 89, 129       14, 10, 10, 23      
                                163, 214, 217, 228    6, 4, 4, 24         
                                284, 287              19, 23              
сонсогч                         72, 73, 77            6, 9, 3             
тэтгэвэр                        75                    11                  
захиргаа                        76, 78, 78, 103       17, 19, 26, 25      
                                107, 107, 182, 193    17, 25, 5, 6        
                                293, 293, 295, 313    2, 20, 23, 2        
                                317                   10                  
хариуцагч                       77, 106, 130          10, 53, 35          
дүрэм                           78, 198               8, 3                
хөтөлбөр                        78                    11                  
гишүүн                          79, 110, 117, 179     10, 15, 6, 22       
                                225                   27                  
эрүүл мэнд                      83, 88, 171           9, 9, 7             
шалгуур үзүүлэлт                83, 84, 88, 89        16, 5, 16, 5        
                                163, 164, 168, 171    9, 5, 4, 30         
                                200                   11                  
эрх бүхий албан тушаалтан       86, 93, 105           21, 21, 2           
шийдвэр                         86, 93, 114, 118      25, 25, 9, 2        
                                128, 129, 177, 239    9, 25, 6, 21        
                                250, 258, 261, 293    13, 12, 12, 14      
офицерын алба                   87, 92, 94            4, 2, 15            
цэргийн цол                     92, 183, 203, 204     4, 16, 1, 4         
                                207, 212, 214, 218    6, 4, 9, 9          
                                221, 227, 228, 231    9, 3, 27, 4         
                                232, 235, 237, 239    17, 15, 4, 15       
                                240                   13                  
багш                            94, 255               9, 17               
эмнэлэг                         94, 103, 124, 146     11, 32, 12, 25      
                                188, 234, 255, 280    10, 20, 12, 14      
нийслэл                         101, 106, 106, 110    14, 8, 21, 18       
                                118, 119, 130, 130    7, 3, 14, 28        
                                146, 250, 261, 276    9, 9, 18, 32        
                                291, 304              13, 4               
захирамж                        101, 110              17, 21              
захиргааны байгууллага          103, 108, 110, 124    29, 24, 29, 8       
аюул                            103                   13                  
осол                            103                   14                  
байнга оршин суугч              104                   5                   
ажилтан                         105, 110              14, 38              
төрлийн цэрэг                   106, 124, 129, 130    48, 21, 15, 20      
                                218, 284, 292         4, 22, 7            
хүнс                            106, 130              15, 10              
тогтоол                         108                   7                   
зөвшөөрөл                       108                   26                  
орлог                           110                   11                  
цэргийн анги, байгууллага       114, 131, 153         11, 19, 9           
өргөдөл                         115                   6                   
гомдол                          115, 118              7, 4                
санал                           117, 129, 261         8, 18, 15           
тээврийн хэрэгсэл               119                   12                  
сум                             119, 130, 146, 255    2, 23, 7, 7         
                                255, 255, 257         8, 14, 3            
гэрээ                           122, 153, 171         9, 15, 10           
гэмт хэрэг                      123                   6                   
хорих ял                        123, 239              9, 4                
дайчилгааны бэлтгэл             127                   12                  
цэргийн гэрээт алба хаагч       132                   3                   
асран хамгаалагч, харгалзан дэмжигч  140, 143              30, 3               
хүн                             140, 143, 321, 331    35, 8, 12, 4        
иргэний хяналт                  144                   5                   
ял эдэлж байгаа                 145                   10                  
гэрчилгээ                       146                   16                  
тохиолдол                       156, 171, 175, 197    5, 33, 16, 4        
                                238, 296, 314, 316    10, 17, 9, 5        
мэргэшил                        166, 200              2, 6                
дүгнэлт                         167, 188, 195, 234    13, 14, 11, 21      
                                280                   15                  
зохиогч                         171, 285              3, 5                
цэргийн тэтгэвэр                172                   7                   
хүсэлт                          181, 191, 255         13, 2, 5            
ажилгүй                         187                   2                   
шийтгэх тогтоол                 199                   7                   
ахмад                           208, 211              6, 4                
дайчилгаатай сургууль           232, 276, 282, 287    12, 27, 20, 16      
                                294, 295, 296, 297    7, 7, 7, 13         
                                299                   10                  
дайчилгааны сургууль            232, 276, 282, 287    12, 27, 20, 16      
                                294, 295, 296, 297    7, 7, 7, 13         
                                299                   10                  
төрийн бус байгууллага          236                   12                  
хураагч                         237, 239, 271         7, 22, 16           
цэргийн дүйцүүлэх алба          242, 243, 246, 255    1, 4, 24, 41        
                                261                   2                   
төлбөр                          244, 246, 259, 260    9, 22, 7, 5         
                                260, 261, 261, 262    10, 6, 10, 5        
                                263, 263, 266, 270    5, 20, 5, 5         
                                270, 271, 271, 272    11, 5, 18, 7        
хоёрдугаар зэргийн бэлтгэл үүрэгтэн  248, 277              7, 2                
гамшгаас хамгаалах              250                   14                  
үйл ажиллагаа                   250, 272, 277, 322    20, 20, 20, 12      
туслагч                         250                   18                  
шүүх шинжилгээ                  253                   6                   
тусгай алба                     253                   18                  
хуульч                          255                   40                  
цагаачлах                       264                   8                   
төлбөр төлөгч                   271                   14                  
орлого                          271                   19                  
цэргийн бэлтгэл алба            274, 275              1, 4                
орон нутгийн хамгаалалт         277                   17                  
тэтгэмж                         297                   39                  
цэргийн бүртгэл                 302, 303, 316         1, 4, 10            
тэмдэглэл                       306, 324              15, 10              
нэгж                            313, 321              5, 16               
хувийн баримт бичиг             319, 320              7, 8                
хувийн хэрэг                    319, 320, 322, 323    3, 4, 3, 3          
үр                              322                   14                  
үнэлгээ                         322                   18                  
баримт бичиг                    323                   21                  
шинжээч                         330                   10                  
хуулийн этгээд                  331                   5                   
торгууль                        332                   6                   
