File: MNCLW00784.txt
Search Method: Trie (MWE + Single-Word)
Total runtime: 0.013115s
Found terms: 395

Term                            Line                  Word Place          

цэргийн алба                    6, 13, 29, 79         1, 42, 29, 8        
                                81, 83, 83, 83        4, 13, 34, 43       
                                92, 94, 94, 100       4, 12, 32, 14       
                                104, 105, 106, 107    1, 1, 4, 10         
                                111, 112, 113, 113    9, 11, 13, 16       
                                113, 113, 117, 121    24, 30, 2, 4        
                                124, 137, 149, 153    18, 7, 1, 15        
                                167, 184, 184, 232    12, 36, 44, 17      
                                235, 237, 239, 245    13, 13, 13, 8       
                                259, 261, 262, 278    4, 2, 2, 4          
                                281, 290              8, 1                
тэтгэвэр                        6, 13, 28, 29         4, 47, 2, 27        
                                29, 37, 39, 48        32, 5, 4, 2         
                                72, 79, 79, 81        2, 22, 30, 25       
                                81, 83, 83, 89        35, 37, 46, 4       
                                94, 104, 105, 107     4, 4, 4, 13         
                                113, 121, 122, 122    33, 7, 4, 5         
                                124, 126, 127, 127    21, 4, 4, 23        
                                127, 129, 137, 144    26, 17, 13, 29      
                                151, 153, 155, 155    7, 48, 11, 28       
                                155, 157, 157, 157    50, 35, 43, 51      
                                157, 159, 161, 164    76, 54, 4, 3        
                                165, 170, 171, 172    3, 18, 6, 33        
                                177, 177, 179, 181    10, 26, 43, 50      
                                183, 184, 184, 184    3, 5, 32, 47        
                                232, 235, 259, 261    6, 16, 7, 5         
                                261, 262, 262, 276    10, 5, 10, 4        
                                276, 281, 281, 290    26, 17, 34, 4       
                                290                   18                  
тэтгэмж                         6, 13, 25, 26         5, 48, 6, 3         
                                27, 40, 41, 42        6, 2, 6, 7          
                                44, 45, 47, 48        4, 5, 6, 3          
                                68, 69, 71, 72        6, 3, 6, 3          
                                79, 81, 83, 88        23, 26, 38, 6       
                                89, 98, 170, 184      5, 9, 19, 6         
                                184, 187, 188, 190    48, 8, 8, 8         
                                191, 193, 195, 196    17, 20, 8, 5        
                                198, 198, 199, 201    5, 33, 14, 5        
                                202, 203, 205, 207    8, 35, 23, 6        
                                209, 216, 217, 219    1, 6, 8, 34         
                                220, 223, 224, 226    22, 6, 18, 4        
                                229, 230, 231, 232    3, 3, 6, 26         
                                234, 235, 237, 239    6, 25, 26, 6        
                                241, 244, 247, 252    58, 51, 11, 9       
                                254, 257, 259, 274    22, 2, 8, 6         
                                274, 290, 290         25, 5, 19           
нийтлэх                         9, 11                 3, 1                
зэвсэгт хүчин                   13, 261, 262          5, 15, 15           
шүүх шинжилгээ                  13, 29, 56, 72        16, 11, 3, 16       
                                261, 262              26, 26              
шүүхийн шийдвэр                 13, 29, 56, 72        26, 21, 13, 26      
                                261, 262              36, 36              
гүйцэтгэгч                      13, 29, 56, 72        28, 23, 15, 28      
                                261, 261, 262, 262    38, 46, 38, 46      
                                276                   18                  
байгууллага                     13, 29, 54, 56        29, 24, 7, 16       
                                61, 72, 81, 83        8, 29, 14, 17       
                                118, 245, 259, 261    16, 2, 11, 39       
                                262, 274, 274, 276    39, 11, 28, 20      
сонсогч                         13, 63                38, 5               
цэргийн тэтгэвэр                25, 26, 27, 47        4, 1, 4, 4          
                                68, 69, 71, 85        4, 1, 4, 8          
                                88                    4                   
цэргийн жинхэнэ алба            29, 72                2, 7                
гэрээ                           42, 241, 252, 254     5, 83, 7, 20        
                                261, 262, 274         42, 42, 23          
дайчилгааны сургууль            59, 144, 159, 167     2, 3, 7, 5          
                                181, 241, 254         6, 5, 5             
дайчилгаатай сургууль           59, 144, 159, 167     2, 3, 7, 5          
                                181, 241, 254         6, 5, 5             
цэргийн үүрэгтэн                59, 159, 167, 181     7, 12, 10, 11       
                                241, 241, 254         10, 69, 10          
нийгмийн даатгалын сан          69, 79, 81, 85        8, 18, 21, 16       
                                170, 281, 290         14, 53, 14          
журам                           69, 85, 247, 281      12, 20, 14, 51      
газар                           69, 85, 126, 159      14, 22, 9, 35       
                                161, 181, 183, 244    9, 33, 8, 43        
                                247, 257, 281         16, 4, 49           
тэтгэвэр авагч                  79, 106, 127, 135     4, 7, 18, 7         
                                166, 167, 167, 170    6, 19, 33, 7        
                                239                   16                  
иргэн                           81, 81, 83, 279       13, 32, 16, 15      
                                281, 281              11, 20              
нийгмийн даатгал                83, 85, 127, 129      18, 12, 14, 10      
                                278, 279              8, 16               
цэргийн байгууллага             83, 92                28, 2               
хангагч                         83                    12                  
тохиолдол                       85, 127, 184, 199     7, 22, 29, 9        
                                220, 231, 232, 281    25, 8, 23, 38       
орлого                          89, 92                17, 21              
нэмэгдэл                        91, 91, 121, 124      16, 17, 9, 26       
                                155, 157, 177         51, 52, 47          
орон сууц                       92                    12                  
хөнгөлөлт                       92                    17                  
салбар                          100                   8                   
нисэх                           111                   3                   
зохиогч                         115, 232, 237         4, 10, 6            
мөрдөгч                         118, 293              30, 12              
ажил                            127, 129, 159, 181    11, 14, 29, 27      
                                244, 261, 262         38, 8, 8            
хүсэлт                          127                   20                  
террорист үйлдлийн сөрөг тусгай ажиллагаа  139                   9                   
гамшгийн онцгой нөхцөл байдал   139                   30                  
энхийг дэмжих ажиллагаа         139                   4                   
үүрэг гүйцэтгэгч                139                   7                   
тэсэлгээний хэрэгсэл            139                   22                  
аюул                            139                   24                  
осол                            141, 142              14, 6               
тарилгын дараахь хүндрэл        142                   7                   
эмнэлэг                         149, 219              14, 18              
комисс                          149                   17                  
гэр бүл                         167, 170, 184, 281    26, 9, 19, 27       
гишүүн                          167, 170, 281         30, 13, 31          
бараа                           172, 177, 177, 179    18, 24, 41, 19      
                                181, 184, 184, 232    14, 28, 34, 5       
                                281                   22                  
хүн                             174, 175, 176, 287    7, 5, 5, 4          
сан                             184                   3                   
үр                              193, 219              13, 15              
ажлын өдөр                      201, 226              6, 5                
цэргийн анги, байгууллага       244                   7                   
гэр бүлийн гишүүн               244                   26                  
сум                             244                   3                   
этгээд                          261, 262              44, 44              
захиргаа                        274                   8                   
үйл ажиллагааны зардал          276, 276              8, 29               
улсын  төсөв                    276                   21                  
улсын төсөв                     276                   21                  
талууд                          276                   33                  
тал                             276                   33                  
өргөдөл                         281                   36                  
хөрөнгө                         281                   47                  
шинжээч                         286                   10                  
хуулийн этгээд                  287                   5                   
цэргийн албан хаагчийн тэтгэвэр, тэтгэмж  289                   4                   
