File: MNCLW00599.txt
Search Method: Trie (MWE + Single-Word)
Total runtime: 0.005627s
Found terms: 223

Term                            Line                  Word Place          

сүлжээ                          14, 15, 17, 18        8, 8, 13, 3         
                                22, 23, 24, 25        4, 4, 5, 11         
                                200, 205, 207, 236    3, 42, 27, 4        
хэрэглэгч                       14, 15, 204, 205      15, 15, 11, 45      
                                206                   7                   
журам                           14, 15, 80, 159       16, 16, 7, 4        
                                159, 191, 200, 205    9, 8, 19, 49        
хангагч                         25                    64                  
газар                           25, 38, 39, 46        70, 7, 7, 8         
                                46, 46, 47, 47        13, 34, 8, 13       
                                47, 50, 50, 51        34, 7, 46, 7        
                                51, 56, 76, 92        46, 15, 4, 5        
                                100, 101, 102, 119    17, 17, 5, 5        
                                120, 121, 124, 125    7, 7, 7, 7          
                                200                   21                  
монгол улсын хил                34, 35, 114, 115      2, 2, 7, 7          
санал                           36, 37                10, 10              
үндэсний аюулгүй байдал         38, 39, 50, 51        8, 8, 8, 8          
                                120, 121              8, 8                
зөвлөл                          38, 39, 50, 51        11, 11, 11, 11      
                                120, 121              11, 11              
иргэн                           40, 41, 42, 43        2, 2, 8, 8          
                                46, 47, 50, 51        15, 15, 20, 20      
                                105, 106, 135, 193    2, 2, 22, 9         
                                207                   1                   
шүүх                            42, 43, 46, 47        5, 5, 4, 4          
                                50, 51, 120, 121      29, 29, 18, 18      
шүүгч                           42, 43, 46, 47        5, 5, 4, 4          
                                50, 51, 120, 121      29, 29, 18, 18      
гэрлэлт                         42, 43                10, 10              
олон улсын байгууллага          46, 47, 50, 51        24, 24, 35, 35      
                                100, 101, 112, 113    6, 6, 6, 6          
                                127, 128              6, 6                
прокурор                        46, 47, 50, 51        7, 7, 30, 30        
монгол улсын хүний эрхийн үндэсний комисс  50, 51                14, 14              
тал                             53, 54, 87, 87        8, 8, 34, 44        
                                144                   20                  
талууд                          53, 54, 87, 87        8, 8, 34, 44        
                                144                   20                  
бусад газар                     56                    8                   
сонгогч                         64                    12                  
холбоо                          68, 148               16, 9               
тохиолдол                       71, 72, 139, 166      12, 12, 9, 5        
                                185, 186, 190, 190    6, 6, 12, 16        
хөрс                            75                    13                  
төрийн ордон                    93, 94                4, 4                
сум                             97, 98                3, 3                
нийслэл                         97, 98                4, 4                
ажил                            97, 98, 205           9, 9, 19            
тээврийн хэрэгсэл               102, 112, 113, 114    6, 18, 18, 13       
                                115, 116, 132         13, 8, 8            
хураагч                         103, 104              11, 11              
захиргаа                        107, 108, 109, 110    14, 14, 11, 11      
                                215                   20                  
байгууллага                     107, 108, 109, 110    16, 16, 13, 13      
                                207, 215, 215         6, 11, 22           
ой                              109, 110              5, 5                
салбар                          109, 110, 129, 130    21, 21, 6, 6        
төлөөлөгчийн газар              112, 113, 127, 128    11, 11, 11, 11      
нийтлэг журам                   116, 132              13, 13              
биеийн тамир                    117, 188              8, 5                
спорт                           117, 188              10, 7               
гишүүн                          124, 124, 125, 125    5, 8, 5, 8          
                                169, 170              8, 8                
агаарын хөлөг                   132                   5                   
хуулийн этгээд                  135, 212              23, 5               
зарлаг                          139                   8                   
олон улсын гэрээ                155, 156              10, 10              
шийдвэр                         155, 156              25, 25              
цуглаан                         171, 172              10, 10              
өргөн нэвтрүүлэг                175, 176              3, 3                
хөтөлбөр                        175, 176, 177, 178    6, 6, 9, 9          
нэвтрүүлэг                      177, 178              12, 12              
боловсролын байгууллага         179, 180              4, 4                
нээлт                           179, 180              9, 9                
оролцогч                        193                   7                   
аж ахуйн нэгж                   207                   3                   
арга хэмжээ                     207                   21                  
хүн                             212                   4                   
улсын хил хамгаалах байгууллага  215                   23                  
батлан хамгаалах                215                   15                  
мөрдөгч                         218, 219              12, 12              
үр                              239, 239              1, 2                
