File: MNCLW00728.txt
Search Method: Aho-Corasick
Total runtime: 0.001736s
Found terms: 73

Term                            Line                  Word Place          

хүн                             6, 10, 12, 14         1, 5, 19, 1         
                                44                    1                   
сан                             6, 10, 10, 11         3, 7, 15, 5         
                                12, 12, 14, 15        3, 21, 3, 5         
                                16, 16, 22, 26        10, 22, 1, 3        
                                33, 37, 53, 78        3, 5, 1, 5          
нийтлэх                         8                     1                   
төсвийн алдагдал                10                    23                  
орлого                          10, 15, 15, 26        13, 14, 26, 8       
                                33                    8                   
хөрөнгө                         10, 10, 14, 14        17, 21, 9, 14       
                                74, 78                3, 12               
төсвийн орлого                  14, 38, 66            6, 42, 2            
зарлага                         14                    8                   
өр                              14                    10                  
төлбөр                          14, 38, 38, 55        11, 27, 46, 6       
                                67, 71                1, 5                
төсвийн ерөнхийлөн захирагч     15, 18, 40            19, 1, 1            
байгууллага                     15                    24                  
газар                           24, 38, 38, 55        3, 23, 54, 2        
                                71                    2                   
төсвийн зарлага                 37                    12                  
төсвийн  зарлага                37                    12                  
төсөв                           37, 37                6, 24               
эрүүл мэндийн даатгал           38                    13                  
төлбөр төлөгч                   38, 58                34, 5               
хариуцагч                       38, 46                11, 2               
хүү                             38, 56                28, 1               
зээл                            38, 58                32, 3               
эрүүл мэндийн даатгалын шимтгэл  46                    4                   
төсөл, арга хэмжээ              79                    12                  
сангийн хөрөнгө                 79                    5                   
хөрөнгө оруулалт                79                    10                  
барилга байгууламж              79                    15                  
мөрдөгч                         81                    14                  
