File: MNCLW00836.txt
Search Method: Aho-Corasick
Total runtime: 0.021039s
Found terms: 2224

Term                            Line                  Word Place          

нийтлэх                         10, 11, 846           1, 1, 16            
эрүүл мэндийн тусламж, үйлчилгээ  13, 20, 22, 47        18, 8, 7, 17        
                                54, 58, 59, 92        3, 20, 2, 4         
                                175, 191, 192, 195    7, 1, 1, 2          
                                197, 205, 239, 277    2, 35, 14, 12       
                                456, 460, 468, 528    8, 11, 9, 16        
                                533, 534, 543, 544    6, 6, 4, 4          
                                552, 553, 572, 689    16, 16, 8, 9        
                                767, 768, 769, 770    7, 4, 7, 7          
                                771, 779              16, 14              
аж ахуйн нэгж                   13, 47, 60, 164       25, 32, 18, 12      
                                176, 198, 205, 530    10, 12, 26, 17      
                                673, 696, 805, 806    21, 8, 4, 4         
                                813, 828, 829, 834    9, 8, 9, 10         
                                838                   2                   
эрүүл мэндийн байгууллага       13, 25, 36, 55        34, 8, 7, 4         
                                59, 65, 71, 92        14, 27, 12, 13      
                                101, 108, 109, 141    3, 5, 5, 13         
                                162, 166, 167, 168    13, 4, 4, 6         
                                169, 177, 183, 186    6, 4, 9, 4          
                                187, 188, 205, 209    10, 17, 18, 1       
                                210, 212, 239, 272    1, 28, 31, 29       
                                293, 294, 360, 362    5, 5, 26, 10        
                                442, 475, 480, 480    7, 11, 4, 12        
                                480, 495, 511, 521    20, 12, 3, 9        
                                530, 537, 542, 549    25, 3, 3, 3         
                                572, 613, 697, 796    21, 5, 37, 58       
                                809, 811, 814, 820    2, 7, 6, 17         
                                821, 823, 825, 830    21, 12, 8, 16       
                                832, 838              17, 30              
эрүүл мэнд                      13, 71, 119, 808      15, 6, 2, 2         
                                816, 820, 835         2, 2, 2             
үйл ажиллагаа                   13, 23, 28, 29        38, 14, 16, 15      
                                30, 31, 32, 33        23, 15, 9, 8        
                                36, 38, 39, 41        11, 24, 15, 17      
                                41, 47, 49, 60        34, 48, 21, 28      
                                101, 111, 113, 122    6, 4, 16, 4         
                                124, 126, 135, 141    11, 24, 6, 20       
                                156, 186, 197, 212    21, 7, 32, 20       
                                257, 259, 305, 306    21, 48, 5, 5        
                                317, 335, 339, 351    18, 2, 5, 4         
                                358, 360, 360, 365    6, 4, 32, 4         
                                380, 385, 399, 401    4, 12, 6, 3         
                                401, 415, 426, 436    10, 6, 7, 7         
                                442, 450, 454, 460    10, 8, 8, 6         
                                468, 472, 487, 506    19, 4, 5, 16        
                                517, 518, 521, 530    6, 10, 13, 32       
                                552, 553, 578, 580    4, 4, 6, 5          
                                582, 584, 584, 585    4, 13, 21, 4        
                                588, 590, 592, 594    8, 4, 7, 3          
                                596, 598, 602, 604    5, 7, 7, 36         
                                607, 607, 609, 611    17, 26, 4, 4        
                                615, 617, 618, 619    10, 6, 7, 14        
                                621, 621, 622, 622    4, 13, 17, 34       
                                623, 623, 624, 624    13, 24, 4, 9        
                                624, 624, 626, 632    16, 49, 9, 14       
                                642, 658, 661, 725    11, 11, 29, 19      
                                751, 759, 783, 788    19, 27, 13, 9       
                                792, 792, 796, 813    9, 16, 3, 5         
                                825, 834, 841, 843    5, 38, 10, 5        
                                844                   10                  
тал                             13, 51, 52, 68        7, 5, 6, 9          
                                69, 70, 75, 76        4, 7, 13, 4         
                                78, 79, 84, 87        3, 3, 9, 13         
                                93, 122, 151, 155     7, 12, 12, 10       
                                159, 172, 181, 257    9, 11, 10, 9        
                                325, 401, 465, 505    3, 24, 23, 19       
                                660, 796, 808, 813    6, 16, 5, 14        
                                816, 818, 820, 829    5, 7, 16, 5         
                                838, 841              27, 5               
талууд                          13, 51, 52, 68        7, 5, 6, 9          
                                69, 70, 75, 76        4, 7, 13, 4         
                                78, 79, 84, 87        3, 3, 9, 13         
                                93, 122, 151, 155     7, 12, 12, 10       
                                159, 172, 181, 257    9, 11, 10, 9        
                                325, 401, 465, 505    3, 24, 23, 19       
                                660, 796, 808, 813    6, 16, 5, 14        
                                816, 818, 820, 829    5, 7, 16, 5         
                                838, 841              27, 5               
иргэн                           13, 13, 47, 56        14, 31, 29, 7       
                                60, 71, 82, 93        26, 15, 6, 8        
                                149, 151, 156, 161    7, 5, 17, 18        
                                176, 198, 205, 268    14, 18, 30, 21      
                                311, 312, 338, 478    5, 5, 5, 6          
                                493, 495, 496, 506    9, 18, 10, 11       
                                530, 538, 538, 539    23, 7, 20, 7        
                                539, 543, 544, 604    20, 3, 3, 11        
                                607, 660, 672, 673    23, 8, 10, 20       
                                682, 685, 710, 711    12, 15, 10, 5       
                                742, 747, 752, 763    8, 3, 16, 3         
                                805, 806, 813, 843    1, 1, 13, 9         
байгууллага                     13, 22, 36, 60        28, 3, 3, 21        
                                65, 71, 86, 87        19, 17, 10, 8       
                                90, 97, 98, 100       18, 34, 9, 7        
                                108, 109, 131, 162    13, 13, 8, 8        
                                164, 176, 185, 187    15, 13, 10, 18      
                                198, 198, 205, 211    3, 15, 29, 5        
                                212, 213, 214, 234    3, 8, 6, 6          
                                234, 236, 237, 250    15, 8, 16, 19       
                                252, 255, 259, 262    23, 11, 41, 27      
                                264, 266, 268, 270    9, 26, 30, 27       
                                272, 277, 289, 290    40, 6, 16, 7        
                                311, 312, 315, 317    4, 4, 16, 14        
                                338, 354, 355, 356    4, 5, 3, 3          
                                362, 362, 362, 377    20, 42, 56, 23      
                                379, 379, 382, 383    4, 20, 3, 3         
                                385, 385, 385, 387    4, 21, 26, 8        
                                389, 389, 392, 392    6, 23, 4, 18        
                                397, 401, 401, 403    6, 6, 26, 12        
                                406, 409, 410, 414    6, 16, 16, 4        
                                414, 416, 418, 424    12, 11, 5, 5        
                                425, 429, 432, 436    4, 6, 12, 6         
                                436, 438, 440, 442    18, 6, 4, 6         
                                445, 452, 454, 454    18, 3, 3, 18        
                                458, 465, 472, 472    13, 6, 3, 14        
                                472, 475, 482, 485    23, 6, 3, 3         
                                489, 490, 491, 492    5, 3, 10, 4         
                                495, 500, 501, 505    3, 3, 9, 21         
                                506, 509, 510, 512    10, 5, 3, 3         
                                517, 518, 518, 519    5, 3, 9, 3          
                                519, 521, 522, 530    13, 7, 3, 20        
                                538, 539, 572, 607    3, 3, 36, 5         
                                621, 622, 623, 626    23, 8, 8, 38        
                                630, 631, 652, 654    28, 18, 37, 15      
                                659, 660, 661, 663    8, 31, 50, 8        
                                673, 678, 679, 685    24, 15, 16, 14      
                                689, 689, 690, 694    22, 27, 8, 14       
                                696, 697, 718, 718    11, 62, 26, 33      
                                718, 720, 722, 738    47, 8, 5, 21        
                                740, 748, 751, 751    8, 8, 3, 12         
                                753, 754, 762, 783    22, 22, 3, 22       
                                796, 796, 803, 805    50, 56, 8, 7        
                                806, 813, 813, 822    7, 12, 16, 10       
                                825, 828, 829, 832    3, 11, 12, 2        
                                833, 834, 836, 838    27, 13, 2, 5        
                                838, 842, 843         16, 19, 26          
гүйцэтгэгч                      13, 237, 239, 339     32, 17, 19, 7       
                                387, 414, 709, 725    14, 6, 19, 28       
                                727, 738, 824         4, 23, 6            
ажилтан                         13, 25, 25, 98        37, 3, 14, 3        
                                124, 316, 502, 507    3, 15, 21, 9        
                                688, 689, 690, 700    5, 3, 39, 3         
                                701, 707, 709, 712    3, 5, 3, 3          
                                799, 814, 824, 832    15, 9, 3, 3         
                                836                   3                   
мөрдөгч                         16, 104, 333, 348     17, 23, 24, 24      
                                683, 819, 855         20, 9, 17           
тодорхойлолт                    17, 360, 379, 389     6, 8, 22, 28        
                                392, 397, 487, 487    6, 9, 11, 42        
                                792, 792              22, 39              
хэрэглэгч                       18, 33, 669, 750      3, 24, 12, 6        
                                753, 754, 757, 758    5, 5, 17, 17        
хүн                             19, 20, 20, 22        4, 5, 15, 5         
                                23, 27, 32, 33        19, 7, 5, 4         
                                38, 38, 41, 47        5, 11, 14, 8        
                                47, 52, 58, 71        40, 2, 18, 4        
                                96, 154, 155, 156     4, 4, 4, 4          
                                161, 162, 175, 187    4, 25, 4, 4         
                                197, 197, 239, 244    6, 26, 9, 7         
                                244, 245, 245, 248    29, 7, 29, 8        
                                255, 259, 259, 284    4, 7, 54, 25        
                                299, 300, 315, 316    2, 2, 28, 20        
                                317, 320, 326, 343    37, 28, 8, 4        
                                360, 385, 456, 492    17, 37, 2, 8        
                                505, 505, 518, 528    2, 11, 13, 6        
                                528, 558, 558, 661    11, 5, 12, 42       
                                666, 666, 669, 673    15, 27, 7, 5        
                                681, 739, 758, 767    13, 9, 8, 5         
                                768, 824, 853         3, 11, 4            
сан                             19, 328, 485, 530     10, 13, 9, 15       
                                627, 630, 631         5, 5, 5             
зохион байгуулагч               20, 70, 76, 77        12, 10, 9, 7        
                                88, 92, 99, 111       11, 11, 12, 10      
                                113, 119, 122, 124    18, 28, 6, 13       
                                126, 131, 135, 153    26, 28, 8, 17       
                                160, 161, 164, 166    20, 25, 19, 20      
                                174, 176, 182, 205    24, 18, 22, 55      
                                237, 248, 257, 285    27, 27, 26, 13      
                                622, 624, 626, 708    36, 34, 34, 18      
                                743, 832, 843         2, 22, 28           
зам                             20                    14                  
эмнэлгийн тусламж, үйлчилгээ    21, 36, 59, 203       10, 13, 10, 9       
                                212, 237, 284, 314    9, 20, 32, 8        
                                319, 521, 683, 725    9, 15, 15, 4        
үйлчилгээ                       21, 47, 47, 49        4, 6, 28, 5         
                                49, 56, 92, 99        13, 14, 21, 4       
                                108, 109, 113, 137    4, 4, 4, 6          
                                139, 141, 183, 193    5, 25, 3, 6         
                                194, 196, 199, 201    4, 3, 3, 3          
                                203, 213, 214, 236    3, 6, 4, 6          
                                244, 245, 248, 250    40, 40, 12, 17      
                                252, 255, 259, 259    10, 9, 23, 34       
                                259, 262, 264, 266    69, 22, 7, 24       
                                268, 270, 272, 275    28, 14, 15, 18      
                                277, 279, 281, 302    4, 15, 9, 3         
                                303, 334, 362, 366    3, 3, 4, 3          
                                372, 375, 385, 458    13, 10, 29, 4       
                                487, 494, 518, 522    48, 12, 18, 21      
                                529, 530, 530, 537    6, 4, 30, 9         
                                538, 538, 539, 539    14, 17, 14, 17      
                                542, 542, 547, 549    13, 34, 10, 11      
                                551, 569, 580, 580    3, 17, 3, 19        
                                679, 690, 697, 702    12, 24, 11, 12      
                                714, 715, 718, 759    3, 3, 36, 16        
                                759, 786, 792, 799    25, 19, 42, 4       
                                801, 809, 834, 834    4, 6, 8, 28         
                                835, 846              21, 6               
хуулийн этгээд                  22, 244, 245, 281     17, 24, 24, 14      
                                452, 496, 783, 853    4, 11, 26, 5        
сэргээн засах                   23, 28, 32, 33        38, 7, 16, 15       
                                41, 262, 266, 582     26, 15, 21, 15      
                                598, 607              5, 13               
мэргэжилтэн                     23, 39, 39, 97        2, 3, 21, 2         
                                111, 316, 404, 404    2, 10, 2, 5         
                                507, 578, 582, 598    2, 4, 2, 4          
                                620, 621, 624, 626    2, 2, 2, 2          
                                627, 630, 631, 658    2, 2, 2, 4          
                                670, 671, 674, 678    4, 2, 2, 2          
                                680, 681, 716, 717    2, 2, 4, 4          
                                718                   2                   
мэргэжил                        23, 28, 29, 30        13, 14, 13, 21      
                                39, 90, 90, 93        14, 5, 24, 14       
                                97, 111, 141, 186     12, 3, 16, 9        
                                229, 270, 270, 272    2, 2, 28, 32        
                                317, 317, 385, 387    27, 30, 11, 11      
                                399, 401, 415, 487    5, 9, 5, 4          
                                491, 492, 501, 578    7, 9, 6, 5          
                                580, 582, 584, 584    4, 3, 12, 20        
                                602, 604, 607, 607    6, 35, 16, 25       
                                609, 611, 615, 617    3, 3, 9, 5          
                                618, 619, 621, 622    6, 13, 3, 16        
                                622, 623, 624, 624    39, 12, 3, 48       
                                630, 632, 642, 654    14, 13, 10, 10      
                                658, 659, 659, 661    10, 27, 41, 28      
                                661, 663, 666, 678    39, 16, 13, 3       
                                702, 718, 720, 725    25, 15, 24, 18      
                                792, 801, 823, 833    15, 16, 16, 20      
                                844                   13                  
зөвшөөрөл                       23, 39, 111, 379      17, 18, 7, 2        
                                385, 389, 392, 394    2, 2, 2, 2          
                                394, 397, 404, 406    4, 2, 12, 2         
                                414, 416, 420, 423    2, 2, 2, 2          
                                425, 429, 434, 434    2, 2, 2, 4          
                                436, 438, 440, 442    2, 2, 2, 2          
                                442, 448, 450, 465    20, 2, 2, 2         
                                465, 465, 468, 468    8, 26, 2, 22        
                                475, 475, 478, 480    2, 14, 2, 2         
                                482, 578, 580, 580    9, 9, 8, 15         
                                582, 584, 584, 585    7, 5, 24, 7         
                                588, 590, 592, 594    11, 7, 10, 6        
                                596, 598, 600, 602    8, 10, 12, 10       
                                604, 607, 609, 615    39, 29, 7, 13       
                                617, 617, 618, 618    4, 9, 5, 10         
                                621, 622, 623, 624    7, 20, 16, 7        
                                624, 624, 624, 626    32, 39, 52, 40      
                                627, 632, 648, 656    17, 17, 15, 11      
                                658, 661, 718, 720    14, 32, 10, 19      
                                723, 740, 752, 788    43, 9, 43, 12       
                                838                   17                  
сувилах                         23, 33, 316, 582      31, 14, 8, 12       
                                594, 607              2, 8                
эм                              23, 23, 31, 31        34, 36, 4, 9        
                                122, 212, 362, 362    8, 12, 21, 29       
                                367, 369, 369, 542    2, 5, 10, 28        
                                561, 565, 566, 592    11, 7, 7, 3         
                                652, 773, 775, 788    10, 5, 5, 13        
эмнэлгийн мэргэжилтэн           25, 45, 166, 316      5, 10, 9, 12        
                                580, 584, 602, 609    10, 18, 20, 12      
                                619, 622, 623, 627    7, 14, 10, 7        
                                627, 630, 632, 644    14, 7, 11, 9        
                                648, 650, 652, 654    12, 4, 4, 2         
                                654, 656, 659, 659    4, 9, 10, 65        
                                660, 661, 661, 662    12, 18, 26, 6       
                                662, 690, 696, 697    16, 34, 13, 18      
                                697, 702, 720, 838    43, 23, 10, 33      
арга хэмжээ                     27, 507, 552, 553     22, 13, 6, 6        
                                696, 833              22, 10              
мал                             27                    5                   
амьтан                          27                    6                   
халдвар                         27, 126, 126, 205     11, 11, 13, 5       
                                551, 552, 553, 569    12, 12, 12, 6       
                                708, 709, 709, 710    5, 9, 13, 5         
                                739, 833, 835         7, 17, 8            
урьдчилан сэргийлэх             29, 119, 126, 197     4, 6, 16, 24        
                                496, 683, 736, 737    4, 10, 5, 3         
                                742, 747, 748, 749    3, 6, 11, 8         
                                749, 751, 755, 757    22, 17, 5, 5        
                                826, 832, 833, 836    7, 9, 23, 11        
эмчлэх                          30, 32, 33, 244       16, 15, 13, 18      
                                245, 252, 259, 262    18, 20, 38, 24      
                                266, 272, 275, 582    19, 19, 16, 9       
                                585, 588, 590, 607    3, 7, 3, 7          
                                674, 728, 739, 751    14, 11, 14, 16      
                                757                   3                   
шалгагч                         31, 415, 796          13, 13, 8           
тоног төхөөрөмж                 32, 34, 360, 372      2, 2, 15, 3         
                                403, 454, 502, 542    3, 5, 6, 26         
                                782, 783, 785         5, 3, 3             
эмнэлгийн тоног төхөөрөмж       34, 381               7, 4                
туслах хэрэгсэл                 34                    14                  
хүний эд, эрхтэн                35                    3                   
итгэмжлэл                       36, 518, 519          5, 23, 5            
технологи                       36, 518, 521, 683     16, 19, 18, 14      
                                759, 759, 759         9, 11, 13           
үнэлгээ                         36, 94, 339, 385      19, 14, 12, 7       
                                387, 487, 792         2, 2, 13            
дүгнэлт                         36, 154, 183, 305     21, 14, 20, 10      
                                306, 332, 334, 335    10, 13, 8, 6        
                                389, 403, 416, 436    25, 13, 5, 19       
                                438, 521, 765, 838    12, 25, 6, 20       
донор                           37                    3                   
ажилгүй                         38, 70, 684, 818      18, 13, 12, 10      
эмнэлгийн бусад мэргэжилтэн     41, 697, 697          29, 20, 45          
үр                              41, 94, 119, 528      22, 16, 15, 21      
мэргэшил                        43, 45, 90, 124       2, 2, 2, 8          
                                230, 270, 272, 578    2, 11, 2, 13        
                                588, 612, 622, 623    2, 2, 31, 17        
                                626, 626, 626, 626    7, 22, 46, 80       
                                630, 630              15, 21              
салбар                          43, 45, 81, 89        18, 16, 3, 14       
                                92, 96, 103, 117      8, 3, 3, 3          
                                131, 244, 245, 248    12, 44, 44, 24      
                                317, 326, 659, 659    31, 3, 32, 49       
                                659, 662, 690, 702    58, 3, 7, 8         
                                756, 846              3, 3                
үндсэн мэргэшил                 47, 259, 259, 600     22, 18, 29, 20      
гэр бүл                         47, 60, 492, 505      30, 24, 5, 3        
                                838                   9                   
төлбөр                          56, 487, 522, 530     15, 49, 22, 28      
                                533, 534, 537, 537    16, 16, 7, 19       
                                538, 539, 542, 543    18, 18, 11, 9       
                                544, 572, 626, 700    9, 13, 83, 11       
                                707, 710, 718, 792    10, 12, 37, 43      
хариуцагч                       56, 90, 212, 315      17, 14, 22, 12      
                                315, 320, 362, 543    21, 23, 35, 11      
                                544, 621, 622, 623    11, 19, 4, 4        
                                631, 720, 788, 796    14, 28, 15, 63      
нээлт                           59, 472               19, 39              
хангагч                         59, 90, 97, 98        25, 28, 26, 6       
                                102, 103, 117, 141    9, 26, 11, 19       
                                156, 166, 175, 186    20, 13, 14, 13      
                                270, 272, 314, 319    31, 35, 16, 17      
                                360, 367, 369, 370    21, 8, 14, 7        
                                372, 373, 403, 434    10, 10, 9, 15       
                                502, 503, 506, 507    19, 6, 20, 12       
                                542, 609, 622, 624    25, 10, 43, 20      
                                638, 782, 783, 785    6, 13, 11, 11       
                                786, 787, 834, 835    26, 12, 37, 19      
нутгийн өөрөө удирдах байгууллага  60, 65, 160, 174      14, 23, 10, 10      
                                182, 696, 830         10, 4, 11           
төрийн бус байгууллага          60, 93, 156, 317      8, 11, 14, 21       
                                493, 672, 840, 841    6, 5, 7, 6          
                                846, 846              7, 12               
захиргаа                        60, 65, 65, 86        12, 17, 21, 8       
                                87, 90, 97, 131       6, 16, 32, 6        
                                162, 185, 234, 315    6, 8, 13, 14        
                                362, 377, 519, 572    18, 21, 11, 34      
                                621, 622, 623, 631    21, 6, 6, 16        
                                659, 660, 663, 678    6, 29, 6, 13        
                                689, 696, 718, 718    20, 2, 24, 31       
                                718, 720, 728, 740    45, 6, 8, 6         
                                748, 751, 783, 796    6, 10, 20, 38       
                                796, 803, 830         48, 6, 9            
удирдлага                       62, 63, 64, 65        3, 3, 5, 3          
                                65, 90, 102, 168      30, 27, 3, 9        
                                169, 186, 283, 284    9, 12, 13, 21       
                                287, 289, 290, 621    20, 17, 8, 15       
                                624, 624, 672         11, 19, 9           
зохиогч                         62, 63, 92, 162       4, 4, 18, 17        
                                283, 284, 328, 330    14, 22, 5, 5        
                                624, 818              12, 8               
газар                           65, 70, 74, 75        11, 9, 6, 4         
                                75, 75, 81, 88        7, 17, 15, 7        
                                131, 132, 133, 135    24, 15, 15, 16      
                                137, 139, 141, 143    13, 23, 34, 19      
                                153, 160, 165, 165    11, 9, 5, 12        
                                168, 169, 174, 179    15, 15, 9, 14       
                                180, 181, 182, 188    7, 5, 9, 5          
                                220, 242, 248, 255    2, 12, 35, 2        
                                285, 320, 320, 362    19, 11, 16, 47      
                                406, 415, 485, 487    37, 10, 20, 39      
                                487, 511, 511, 522    62, 10, 17, 19      
                                522, 530, 533, 534    35, 13, 35, 35      
                                537, 537, 542, 584    17, 29, 50, 33      
                                624, 624, 626, 626    62, 75, 62, 94      
                                632, 659, 659, 661    23, 23, 76, 6       
                                663, 668, 689, 704    30, 13, 31, 17      
                                708, 712, 720, 727    20, 21, 44, 11      
                                731, 737, 756, 758    21, 22, 19, 24      
                                759, 773, 791, 792    39, 13, 17, 36      
                                792, 801, 803, 830    60, 23, 29, 7       
                                846                   25                  
эрүүл мэндийг хамгаалах         68, 75, 87, 93        5, 9, 9, 3          
                                94, 151, 155, 156     3, 8, 6, 6          
                                159, 161, 172, 181    5, 6, 7, 6          
                                818                   3                   
хяналт тавих                    70, 78, 79, 103       14, 9, 9, 27        
                                113, 126, 155, 186    8, 29, 15, 14       
                                296, 297, 338, 344    9, 9, 12, 13        
                                345, 347, 475, 478    6, 11, 25, 10       
                                533, 534, 748, 799    20, 20, 22, 9       
                                801, 842              9, 9                
ажил                            76, 88, 95, 99        8, 10, 8, 11        
                                111, 131, 164, 166    9, 27, 18, 19       
                                176, 270, 272, 389    17, 21, 26, 15      
                                429, 472, 683, 709    13, 30, 12, 17      
                                709, 711, 824, 835    42, 7, 4, 20        
                                843, 846              22, 5               
хөтөлбөр                        78, 79, 94, 155       6, 6, 8, 11         
                                161, 302, 303         15, 5, 5            
олон улсын байгууллага          81                    16                  
гэрээ                           81, 572, 613, 685     19, 19, 9, 21       
                                709                   25                  
хэлэлцээр                       81, 613               20, 10              
журам                           82, 85, 132, 133      9, 9, 9, 13         
                                135, 139, 141, 293    10, 12, 23, 12      
                                294, 311, 312, 329    12, 11, 11, 4       
                                330, 346, 349, 355    11, 4, 8, 11        
                                485, 487, 487, 522    14, 25, 33, 10      
                                533, 534, 537, 542    22, 22, 10, 42      
                                572, 615, 624, 624    25, 21, 31, 44      
                                626, 626, 626, 626    21, 29, 45, 71      
                                631, 668, 690, 704    10, 7, 69, 8        
                                712, 718, 727, 728    19, 18, 5, 9        
                                731, 737, 748, 756    15, 16, 19, 13      
                                758, 759, 773, 791    18, 30, 7, 11       
                                792, 833, 836, 846    30, 34, 8, 11       
зөвлөл                          84, 85, 287, 291      22, 6, 24, 13       
                                314, 317, 319, 324    6, 32, 7, 3         
                                342, 351, 572, 623    3, 3, 49, 33        
                                624, 626, 720, 720    28, 18, 32, 36      
                                803, 803              17, 21              
шийдвэр                         88, 131, 153, 155     8, 25, 12, 12       
                                160, 161, 174, 182    15, 23, 19, 17      
                                285, 308, 309, 396    17, 7, 7, 3         
                                401, 414, 424, 426    28, 14, 6, 29       
                                429, 468, 472, 472    12, 5, 19, 27       
                                472, 501, 652, 654    36, 17, 38, 16      
                                661, 723, 830         16, 49, 15          
төрийн байгууллага              90, 622               22, 11              
эмнэлэг                         90, 90, 92, 97        3, 10, 24, 25       
                                141, 168, 169, 188    7, 4, 4, 15         
                                199, 199, 222, 227    8, 12, 2, 2         
                                230, 252, 259, 259    3, 7, 2, 53         
                                266, 268, 268, 272    13, 2, 22, 3        
                                272, 279, 283, 283    10, 5, 10, 12       
                                284, 284, 285, 285    8, 10, 8, 10        
                                286, 286, 287, 287    3, 5, 8, 16         
                                287, 287, 291, 291    19, 21, 8, 10       
                                291, 314, 319, 325    20, 3, 4, 9         
                                326, 328, 339, 350    7, 4, 4, 9          
                                362, 502, 549, 600    30, 20, 8, 16       
                                600, 659, 679, 682    19, 25, 15, 23      
                                690, 697, 702, 723    27, 14, 15, 51      
                                725, 739, 753, 754    17, 12, 21, 21      
                                757, 762, 771, 822    15, 2, 12, 9        
                                823                   5                   
төсөл                           94, 103, 103, 161     9, 15, 17, 16       
                                332, 347, 385, 399    10, 9, 14, 8        
                                401, 415, 477, 487    12, 8, 13, 7        
                                792                   18                  
захиалагч                       95                    9                   
хөгжлийн бодлого                96, 117, 325          6, 8, 10            
сургалтын байгууллага           97, 676               18, 10              
нийслэл                         101, 149, 151, 159    2, 5, 3, 2          
                                165, 180, 181, 188    2, 4, 2, 2          
                                320, 362, 511, 659    13, 44, 7, 20       
мэдээлэл                        102, 102, 154, 187    4, 8, 12, 15        
                                480, 482, 485, 485    16, 17, 6, 11       
                                506, 627, 630, 631    19, 10, 34, 7       
                                685, 811, 814, 815    12, 5, 10, 7        
                                825, 838              17, 28              
төр, хувийн хэвшлийн түншлэл    103, 103, 103, 332    4, 11, 20, 6        
                                347                   5                   
санал                           103, 183, 332, 478    18, 19, 12, 8       
                                572, 662, 689, 844    37, 23, 28, 16      
стандарт                        108, 109, 477, 502    9, 9, 3, 17         
                                503, 683, 833         4, 13, 31           
эрүүл мэндийн байгууллагын магадлан итгэмжлэл  113                   10                  
статистикийн мэдээлэл           115, 187              3, 8                
эрүүл мэндийн ажилтан           117, 542, 576, 577    5, 17, 1, 1         
                                708, 710              13, 16              
эрүүл мэндийг дэмжих            119, 197, 257, 505    23, 18, 16, 14      
                                832                   4                   
баталгаажуулах                  122, 756, 759         3, 11, 21           
аюул                            122, 143, 163, 403    10, 4, 3, 6         
                                458, 502, 673, 682    6, 25, 8, 8         
                                723, 728, 739, 753    22, 2, 4, 15        
                                754, 799, 801, 820    15, 6, 6, 6         
                                834, 835, 835         35, 6, 17           
мэргэжлийн зөвлөл               131, 132              40, 5               
зөвлөх                          131                   33                  
гишүүн                          132, 135, 137, 139    16, 17, 14, 24      
                                141, 143, 165, 242    35, 20, 13, 13      
                                248, 291, 291, 291    36, 18, 25, 30      
                                314, 315, 316, 317    17, 5, 6, 5         
                                319, 320, 321, 322    18, 5, 6, 5         
                                406, 485, 487, 487    38, 21, 40, 63      
                                511, 522, 522, 533    18, 20, 36, 36      
                                534, 537, 537, 542    36, 18, 30, 51      
                                584, 624, 624, 626    34, 63, 76, 63      
                                626, 632, 659, 661    95, 24, 77, 7       
                                663, 668, 704, 720    31, 14, 18, 45      
                                727, 731, 737, 756    12, 22, 23, 20      
                                758, 759, 773, 791    25, 40, 14, 18      
                                792, 792, 801, 803    37, 61, 24, 30      
                                846                   26                  
мэдээллийн сан                  133, 482              5, 6                
нийгмийн халамжийн үйлчилгээ    139                   7                   
нийгмийн халамж                 139                   18                  
төрөлжсөн мэргэшил              141, 252, 259, 272    5, 5, 62, 8         
                                279, 283, 284, 285    12, 8, 6, 6         
                                287, 291, 600, 612    6, 6, 14, 5         
                                620                   20                  
сум                             149, 151, 248, 248    4, 2, 7, 15         
                                259, 266, 569, 690    10, 6, 11, 15       
                                697, 771, 777, 823    2, 6, 2, 8          
                                823                   10                  
тайлан                          154, 187, 506         11, 13, 3           
олон улсын хөл хориот өвчин     163                   6                   
тохиолдол                       163, 346, 379, 420    12, 12, 14, 4       
                                434, 470, 494, 604    16, 13, 9, 29       
                                618, 619, 656, 673    13, 20, 8, 19       
                                674, 682, 709, 737    13, 22, 66, 7       
                                753, 754, 812         18, 18, 4           
хүртээмжтэй байдал              175, 302, 303, 334    12, 9, 9, 5         
гадаадын хөрөнгө оруулалт       183, 362              5, 7                
тусгай зөвшөөрөл                183, 358, 360, 360    14, 9, 35, 38       
                                362, 362, 362, 365    27, 48, 51, 7       
                                377, 379, 385, 387    8, 15, 16, 3        
                                389, 416, 418, 426    8, 6, 20, 9         
                                426, 429, 432, 432    25, 7, 4, 9         
                                442, 445, 470, 472    12, 12, 14, 6       
                                475, 477, 480, 482    8, 4, 24, 4         
                                485, 487, 487, 487    4, 13, 21, 44       
                                666, 725, 783         5, 12, 23           
мэдээ                           187                   14                  
нийгмийн эрүүл мэндийн тусламж, үйлчилгээ  198                   4                   
аюулт үзэгдэл                   205                   9                   
гамшгаас хамгаалах              205, 205              39, 46              
гамшиг                          205, 552, 553, 708    33, 9, 9, 9         
суурин газар                    239                   7                   
эрүүл мэндийн анхан шатны тусламж, үйлчилгээ  244, 245              9, 9                
осол                            244, 245, 495, 673    33, 33, 7, 3        
                                682, 763, 820, 833    3, 16, 10, 18       
                                835                   11                  
үйлчлэгч                        248, 266              19, 17              
газар ашиглах                   262                   13                  
рашаан                          262                   7                   
ял эдэлж байгаа                 268                   11                  
батлан хамгаалах                268                   4                   
хөгжлийн бэрхшээлтэй иргэн      275                   12                  
ахмад настан                    275                   8                   
оюутан-цэрг                     277                   8                   
оюутан                          277                   8                   
оюутан-цэрэг                    277                   8                   
орон нутгийн өмч                284                   16                  
гүйцэтгэх удирдлага             287                   27                  
хөрөнгө оруулалт                296, 297, 331, 344    5, 5, 7, 7          
                                385                   44                  
нэгж                            311, 312, 320, 338    3, 3, 24, 3         
                                492                   3                   
хандив                          311, 312, 338, 530    6, 6, 7, 24         
эрүүл мэндийн даатгал           315, 320, 530, 572    17, 19, 9, 16       
                                572, 572              39, 45              
захиргааны байгууллага          315, 362, 491, 501    23, 37, 17, 15      
                                738, 788              18, 17              
даатгуулагч                     317                   6                   
холбоо                          317, 387              29, 13              
сонгогч                         317, 322, 329, 330    38, 11, 6, 9        
                                346, 387, 487, 522    6, 9, 30, 7         
                                572, 626, 792, 810    24, 39, 25, 3       
төсвийн төсөл                   327                   4                   
нэгжийн удирдлага               330                   7                   
мэргэжлийн байгууллага          339                   8                   
улсын бүртгэлд бүртгэсэн        354, 355, 791         6, 13, 8            
хуулийн этгээдийн улсын бүртгэл  355                   4                   
барилга байгууламж              360, 383, 385         11, 5, 33           
эмнэлгийн хэрэгсэл              362, 367, 371, 542    22, 3, 2, 29        
                                652                   11                  
зохицуулалт                     362                   33                  
үйлдвэрлэгч                     367, 369, 370, 372    5, 11, 4, 8         
                                373, 782, 783, 785    9, 10, 8, 8         
                                787                   11                  
сэтгэцэд нөлөөлөх эм            369, 371              2, 5                
бүтээгдэхүүн                    370, 759, 785, 786    3, 15, 15, 8        
                                834                   33                  
протез                          372, 782, 783, 785    7, 9, 7, 7          
халдваргүйжүүлэх                373, 375, 787, 788    6, 6, 8, 6          
                                791, 792              6, 6                
хүсэлт                          385, 389, 406, 429    10, 10, 11, 17      
                                432                   8                   
төсөв                           385, 834              24, 24              
хөдөлмөрийн харилцаа            404                   8                   
өргөдөл                         418                   9                   
зөвшөөрөл эзэмшигч              432, 460              2, 2                
хяналт шалгалт                  436, 436, 796         10, 13, 51          
эрсдэл                          458                   8                   
тусгай зөвшөөрөл эзэмшигч       472                   20                  
гомдол                          478                   7                   
мэдээллийн нэгдсэн сан          480                   7                   
агуулах                         482, 630              18, 35              
этгээд                          495, 796              22, 34              
эрүүл ахуй                      502, 833, 833, 834    14, 2, 29, 29       
дүрэм                           509, 659, 663, 803    6, 61, 23, 22       
шинжээч                         522, 792, 852         6, 24, 10           
улсын  төсөв                    530, 626, 749, 775    7, 68, 30, 10       
улсын төсөв                     530, 626, 749, 775    7, 68, 30, 10       
орлого                          530, 542, 542         34, 16, 39          
шалгуур үзүүлэлт                533, 534, 846         14, 14, 18          
даатгагч                        538, 539              6, 6                
тархвар судлалын заалт          551                   7                   
дархлаажуулалт                  551                   11                  
сэтгэцийн эмгэг                 559                   4                   
сэтгэц-нийгмийн сэргээн засах тусламж, үйлчилгээ  562                   12                  
бэлэг                           562                   4                   
нийгмийн даатгал                572                   26                  
эм барих                        582, 592, 607         10, 5, 11           
эх барих                        582, 596, 607, 725    13, 3, 9, 23        
хөдөлмөрийн гэрээ               600                   25                  
багц цаг                        602, 624, 638         16, 36, 4           
гадаадын иргэн                  604, 615, 652, 742    21, 5, 15, 16       
                                763                   11                  
шуудан                          607, 753, 754         30, 23, 23          
монгол улсын нутаг дэвсгэр      619                   9                   
баримт бичиг                    624                   46                  
гэрчилгээ                       624, 624, 626         40, 53, 55          
тушаал                          630, 675              32, 2               
шүүхийн шийдвэр                 636                   4                   
эрх бүхий этгээд                648                   20                  
эрх бүхий албан тушаалтан       662                   25                  
эмнэлгийн яаралтай тусламж      673                   14                  
тээврийн хэрэгсэл               673                   26                  
тариф                           679                   13                  
удирдамж@@                      683                   19                  
тэтгэвэр                        690, 709              40, 67              
тэтгэмж                         690, 690, 690, 694    45, 55, 60, 9       
                                697, 704, 709, 709    60, 6, 68, 79       
нэмэгдэл                        701, 701, 707, 712    17, 23, 7, 10       
дайчилгаа                       708, 708              11, 17              
гэр бүлийн гишүүн               723                   35                  
цус, цусан бүтээгдэхүүн         733, 734, 758         4, 2, 9             
эмчилгээ-сувилгааны зориулалт   733, 734, 759         10, 8, 2            
тээвэрлэгч                      733, 734, 740         16, 14, 23          
хөл хорио                       737, 739, 819         13, 20, 5           
тусгаарлах                      737, 739, 739         12, 13, 19          
халдварт өвчнөөс урьдчилан сэргийлэх  738                   8                   
идэвхжсэн голомтыг цомхотгох    738                   12                  
үйлдвэрлэл-үйлчилгээний зориулалт  740                   17                  
түр оршин суугч                 742, 763              13, 8               
харьяалалгүй хүн                742, 763              18, 13              
асран хамгаалагч, харгалзан дэмжигч  752                   37                  
хууль ёсны төлөөлөгч            752                   32                  
чадамж                          752                   26                  
бараа                           763                   20                  
баталгаат хугацаа               786                   16                  
өргөдөл, гомдол гаргах          813                   17                  
зөвлөмж                         832                   20                  
хөрөнгө                         834                   21                  
үйлчлүүлэгч                     838, 838              7, 24               
