File: MNCLW00295.txt
Search Method: Trie (MWE + Single-Word)
Total runtime: 0.005937s
Found terms: 298

Term                            Line                  Word Place          

төрийн ордон                    5                     1                   
нийтлэх                         8, 9                  1, 1                
орон нутгийн төсөв              11, 302, 303, 360     24, 7, 7, 4         
санхүүгийн дэмжлэг              11, 302, 303, 304     22, 5, 5, 15        
                                305, 308              4, 2                
орлого                          11, 11, 11, 22        12, 15, 29, 20      
                                23, 23, 23, 23        20, 36, 49, 66      
                                23, 23, 23, 23        80, 106, 129, 165   
                                23, 23, 23, 23        171, 203, 217, 223  
                                23, 23, 23, 23        236, 251, 257, 277  
                                23, 23, 23, 23        291, 297, 312, 324  
                                23, 23, 23, 23        373, 400, 416, 431  
                                31, 38, 43, 50        5, 5, 5, 5          
                                55, 66, 77, 90        5, 5, 5, 8          
                                92, 105, 110, 112     5, 5, 8, 5          
                                117, 122, 124, 131    5, 8, 5, 5          
                                136, 138, 143, 148    8, 5, 5, 5          
                                165, 174, 181, 186    5, 5, 5, 5          
                                302, 303, 360, 361    12, 12, 11, 5       
                                364                   3                   
зарлага                         11, 16, 17            13, 7, 7            
байгууллага                     11, 22, 22, 23        17, 16, 18, 92      
                                62                    2                   
төсөв                           11                    35                  
төсвийн байгууллага             13, 23, 23, 23        16, 17, 33, 46      
                                23, 23, 23, 23        63, 77, 103, 126    
                                23, 23, 23, 23        168, 200, 220, 233  
                                23, 23, 23, 23        254, 274, 294, 309  
                                23, 23, 23, 23        321, 370, 397, 413  
                                23, 31, 38, 43        428, 2, 2, 2        
                                50, 55, 66, 77        2, 2, 2, 2          
                                92, 105, 112, 117     2, 2, 2, 2          
                                124, 131, 138, 143    2, 2, 2, 2          
                                148, 165, 174, 181    2, 2, 2, 2          
                                186                   2                   
удирдлага                       13                    18                  
төсвийн орлого                  16, 17, 18            5, 5, 12            
улсын төсөв                     20, 299, 304          5, 5, 5             
улсын  төсөв                    20, 299, 304          5, 5, 5             
төсвийн  зарлага                20                    12                  
төсвийн зарлага                 20                    12                  
төсвийн ерөнхийлөн захирагч     22, 23, 25, 189       11, 2, 1, 10        
                                190, 192              2, 1                
эд хөрөнгийн эрхийн улсын бүртгэл  23, 161               353, 1              
нийгмийн даатгалын сан          23, 23, 23, 23        158, 210, 244, 284  
                                90, 110, 122, 136     1, 1, 1, 1          
санхүүгийн зохицуулах хороо     23, 179               408, 1              
төлөөлөгчийн газар              23, 60                88, 2               
иргэний бүртгэл                 23, 84                141, 1              
гадаадын иргэн                  23, 86                147, 1              
байгаль орчин                   23, 95, 190, 238      174, 1, 102, 1      
аялал жуулчлал                  23, 95, 190, 238      176, 3, 104, 3      
                                291, 293              4, 3                
хот байгуулалт                  23, 23, 151, 163      330, 361, 4, 2      
                                190, 247              124, 4              
эрчим хүч                       23, 23, 168, 170      378, 384, 3, 3      
                                190, 250              131, 3              
ашигт малтмал                   23, 172               388, 1              
газрын тос                      23, 172               390, 3              
газар                           23, 23, 23, 23        13, 60, 70, 73      
                                23, 23, 23, 23        96, 115, 120, 156   
                                23, 23, 23, 23        262, 337, 347, 358  
                                23, 29, 48, 53        394, 5, 4, 2        
                                53, 62, 71, 73        5, 6, 4, 4          
                                88, 126, 153, 157     3, 4, 4, 5          
                                161, 172, 190, 190    6, 7, 13, 79        
                                190, 190, 196, 226    82, 213, 5, 2       
                                226, 286              5, 3                
мэргэжил                        23, 48                58, 2               
үйлчилгээ                       23, 23, 23, 62        93, 261, 350, 3     
                                126, 159              3, 2                
ажилгүй                         23, 23, 23, 62        94, 267, 364, 4     
                                129, 163, 190, 256    3, 5, 144, 3        
сан                             23, 23, 69, 75        109, 122, 1, 1      
                                190, 232              91, 1               
мэдээлэл                        23, 84                143, 3              
ус                              23, 99                185, 1              
захиргаа                        23, 23, 101, 103      192, 197, 4, 4      
                                190, 289              220, 4              
хүнс                            23, 129, 190, 256     265, 1, 142, 1      
аюул                            23, 141, 190, 214     301, 2, 51, 2       
зөвлөл                          23, 141, 190, 190     303, 4, 41, 53      
                                190, 208, 214, 262    158, 3, 4, 3        
зам                             23, 23, 23, 151       327, 341, 344, 1    
                                155, 157, 190, 247    3, 2, 121, 1        
                                291, 293              2, 1                
иргэн                           23, 153               334, 1              
зохион байгуулагч               190, 280              195, 4              
шүүх                            190, 205              36, 5               
шүүгч                           190, 205              36, 5               
прокурор                        190, 211              47, 3               
хүн                             190, 268              168, 1              
аудитор                         190, 271              177, 3              
ажил                            190, 280              193, 2              
хөрөнгө оруулалт                299, 299, 390         15, 30, 11          
хөрөнгө                         299, 390              13, 9               
төсөл, арга хэмжээ              390                   13                  
барилга байгууламж              390                   16                  
мөрдөгч                         391                   15                  
