File: MNCLW00217.txt
Search Method: Aho-Corasick
Total runtime: 0.000326s
Found terms: 32

Term                            Line                  Word Place          

газар                           6, 7, 9, 10           2, 7, 5, 5          
                                11, 12, 13, 14        5, 5, 5, 5          
                                15, 16, 17, 18        5, 5, 5, 5          
                                19, 20, 20, 20        5, 5, 8, 11         
                                21                    7                   
гишүүн                          9, 10, 11, 12         6, 6, 6, 6          
                                13, 14, 15, 16        6, 6, 6, 6          
                                17, 18, 19, 20        6, 6, 6, 6          
хүнс                            18                    7                   
ажилгүй                         18                    9                   
мөрдөгч                         22                    15                  
