File: MNCLW00161.txt
Search Method: Aho-Corasick
Total runtime: 0.001412s
Found terms: 126

Term                            Line                  Word Place          

төрийн ордон                    5                     1                   
бараа бүтээгдэхүүн              6, 11, 12, 13         5, 16, 7, 5         
                                16, 17, 17, 25        5, 9, 12, 8         
                                27, 30, 35, 36        9, 9, 7, 5          
                                39, 41, 45            6, 14, 15           
нийтлэх                         8, 9                  1, 1                
журам                           11                    27                  
мөрдөгч                         14, 56                17, 12              
үйлчлэгч                        15, 52, 53, 54        4, 19, 4, 12        
үйл ажиллагаа                   16                    17                  
бүтээгдэхүүн                    18, 29, 40, 41        3, 3, 5, 3          
                                42, 43                3, 3                
төрийн байгууллага              22, 23                1, 1                
арга хэмжээ                     22, 23, 24, 26        5, 5, 9, 6          
                                34, 36, 40, 44        7, 14, 14, 15       
улсын их хурлын бусад шийдвэрийн төсөл  25                    19                  
талууд                          27, 35, 39, 41        21, 19, 20, 26      
                                43, 45, 47            18, 27, 21          
тал                             27, 35, 39, 41        21, 19, 20, 26      
                                43, 45, 47            18, 27, 21          
аж ахуйн нэгж                   28, 31, 39, 43        15, 9, 11, 8        
                                47                    11                  
хангагч                         28, 39, 43, 43        8, 18, 15, 31       
                                47, 47                18, 30              
үйлдвэрлэгч                     28, 39, 47            14, 8, 8            
хөрөнгө                         28, 29, 31            19, 14, 13          
хөнгөлөлт                       28, 37                21, 5               
банк                            28, 29, 30, 32        23, 24, 21, 3       
газрын тосны бүтээгдэхүүн       29                    9                   
төлбөр                          29, 31                17, 16              
гадаадын валют                  30, 33                13, 16              
гадаад валют                    30, 33                13, 16              
үүсмэл                          30                    2                   
улсын нөөц                      31, 33                3, 18               
валют                           31                    2                   
шалгуур үзүүлэлт                32                    11                  
тохиолдол                       32                    2                   
зээл                            32, 32, 37            4, 13, 6            
зах зээл                        33                    11                  
нэмэгдэл                        33                    8                   
газар                           34, 35                4, 2                
хүү                             37                    9                   
засгийн газрын үнэт цаас        38                    16                  
зохицуулалт                     39                    4                   
гэрээ                           39, 43, 47            26, 28, 27          
захиргаа                        40, 41, 44, 45        9, 7, 10, 8         
байгууллага                     40, 41, 44, 45        11, 9, 12, 10       
зохион байгуулагч               42                    12                  
ажил                            42                    11                  
тусгай зөвшөөрөл                43                    5                   
оролцогч                        43, 47                17, 20              
ажилгүй                         44, 45                5, 3                
хүнсний бүтээгдэхүүн            46, 47                12, 6               
хүнс                            46                    22                  
ашигт малтмал                   52                    9                   
этгээд                          52                    16                  
