File: MNCLW00029.txt
Search Method: Aho-Corasick
Total runtime: 0.002942s
Found terms: 119

Term                            Line                  Word Place          

ой                              6                     11                  
нийтлэх                         8, 9                  1, 1                
гэмт хэрэг                      11, 15, 20, 25        5, 15, 11, 92       
                                34, 45, 51, 51        11, 386, 5, 22      
                                54                    8                   
этгээд                          11, 11, 22, 23        8, 15, 7, 10        
захиргаа                        11, 13, 52            16, 17, 34          
үйлчлэгч                        14                    5                   
хүн                             15, 25, 30, 31        18, 4, 5, 5         
                                32, 34, 42, 43        14, 14, 2, 5        
                                45, 45, 45, 45        49, 57, 72, 82      
                                45, 51, 51            292, 8, 34          
нэмэгдэл                        20                    30                  
захиргааны зөрчил               23, 51                4, 28               
хүнд гэмт хэрэг                 25                    15                  
зохион байгуулагч               25, 45                36, 273             
эд хөрөнгө                      25, 25, 25, 45        47, 59, 71, 139     
                                45, 45                151, 163            
хорих ял                        25, 32, 43            100, 15, 9          
газар                           31, 45                2, 272              
шийтгэх тогтоол                 32, 52, 54            19, 27, 12          
хэрэг бүртгэгч                  34, 53, 56            15, 10, 8           
мөрдөн байцаагч                 34, 53, 56            17, 12, 10          
аж ахуйн нэгж                   40                    32                  
иргэн                           40, 40                31, 37              
байгууллага                     40, 52, 55, 56        35, 33, 17, 12      
журам                           40, 50, 54, 59        43, 6, 42, 17       
нэхэмжлэл                       40                    45                  
аюул                            44                    2                   
тэсэрч дэлбэрэх бодис           45                    225                 
монгол улсын хил                45                    230                 
сэтгэцэд нөлөөлөх эм            45                    244                 
хүн худалдаалах                 45                    92                  
гүйцэтгэх ажил                  45                    127                 
терроризмыг санхүүжүүлэх        45                    190                 
галт зэвсэг                     45                    213                 
агаарын хөлөг                   45                    280                 
прокурорын хяналт               45, 53                318, 14             
бэлэг                           45                    103                 
хангагч                         45                    108                 
терроризм                       45                    185                 
тээвэрлэгч                      45                    255                 
хэрэглэгч                       45, 48, 49, 50        271, 2, 2, 5        
                                59                    27                  
шүүлт                           45                    308                 
шүүгч                           45, 54, 56, 59        320, 17, 30, 9      
шүүх                            45, 54, 56, 59        320, 17, 30, 9      
тушаал                          45                    342                 
хөрөнгө                         45                    377                 
шийдвэр                         52, 52, 55            29, 37, 12          
шалгагч                         53                    21                  
ял эдэлж байгаа                 54                    45                  
хувийн хэрэг                    55                    23                  
тэмдэглэл                       55                    28                  
шүүгчийн захирамж               56                    22                  
прокурор                        56                    16                  
тогтоол                         56                    17                  
тохиолдол                       56, 56                21, 27              
хохирогч                        57, 58                16, 5               
мөрдөгч                         65                    12                  
