File: MNCLW00285.txt
Search Method: Aho-Corasick
Total runtime: 0.000547s
Found terms: 80

Term                            Line                  Word Place          

орлого                          7, 8, 10, 10          8, 8, 2, 6          
                                10, 10, 10, 10        36, 43, 46, 50      
                                10, 10, 10, 11        55, 59, 63, 2       
                                13, 27, 31, 33        3, 3, 2, 2          
                                35, 37, 39, 41        3, 4, 3, 3          
албан татвар                    10, 10, 10, 10        9, 13, 17, 21       
                                10, 10, 15, 17        27, 31, 2, 2        
                                19, 21, 23, 25        2, 2, 4, 2          
түлш                            10, 23                26, 3               
байгууллага                     10, 37, 45, 74        53, 2, 72, 2        
хөрөнгө оруулалт                43, 44                14, 14              
батлан хамгаалах                43, 44                20, 20              
зарлага                         43, 44                8, 8                
үйлчилгээ                       43, 44, 45, 56        18, 18, 24, 3       
тэтгэвэр                        43, 44                28, 28              
сан                             43, 44, 45, 48        30, 30, 4, 2        
төсөв                           45, 45, 45, 45        36, 41, 47, 59      
                                45, 45, 45, 45        64, 69, 73, 80      
                                60, 62, 64, 68        4, 4, 5, 4          
                                70, 72, 74, 76        4, 4, 3, 6          
                                80, 81                3, 3                
зөвлөл                          45, 68                58, 3               
аюул                            45, 76                76, 2               
хангагч                         45, 76                78, 4               
газар                           45, 76                79, 5               
