File: MNCLW00382.txt
Search Method: Aho-Corasick
Total runtime: 0.001159s
Found terms: 142

Term                            Line                  Word Place          

төрийн ордон                    5                     1                   
хүү                             5                     4                   
шүүх                            6, 7, 8, 8            3, 3, 5, 27         
                                8, 8, 8, 10           30, 46, 47, 5       
                                10, 10, 10, 10        12, 15, 32, 38      
                                10, 10, 10, 10        41, 45, 74, 83      
                                10, 11, 11, 12        90, 34, 41, 11      
                                12, 13, 13, 13        18, 8, 19, 26       
                                13, 14, 14, 14        31, 19, 37, 42      
                                15, 15, 15, 15        5, 29, 31, 36       
                                15, 15, 16, 16        44, 54, 5, 11       
                                16, 18, 18, 18        14, 5, 14, 28       
                                20, 20, 20, 21        5, 19, 25, 5        
                                22, 23, 23, 23        5, 5, 12, 15        
                                24, 25, 25, 25        5, 5, 18, 28        
                                25, 25, 25, 26        42, 64, 76, 21      
                                27                    7                   
журм                            6, 7, 25              10, 10, 20          
сахилгын хороо                  8, 10, 11, 14         31, 16, 42, 4       
                                14, 16, 23            38, 15, 16          
ажл                             8, 13, 13             12, 12, 30          
шүүгч                           8, 8, 8, 10           15, 33, 37, 60      
                                10, 10, 11, 11        69, 78, 11, 21      
                                11, 12, 14, 15        26, 23, 9, 20       
                                15, 15, 15, 15        33, 55, 58, 71      
                                16, 18, 20, 26        17, 24, 20, 11      
                                26                    22                  
зөвлөл                          8, 8, 10, 10          29, 49, 14, 40      
                                10, 10, 13, 13        76, 92, 5, 33       
                                16, 23                13, 14              
гишүүн                          8, 10, 10, 10         34, 18, 48, 94      
                                16                    19                  
мэргэшлийн хороо                10, 12                46, 19              
захиргаа                        10, 12, 14, 25        33, 12, 46, 74      
нэр дэвшигч                     12, 20                27, 21              
үнэлгээ                         12, 12                22, 29              
эд хөрөнг                       13                    15                  
эд хөрөнгө                      13                    15                  
ажилтан                         13                    14                  
хяналтын шатны шүүх             14                    51                  
талууд                          14                    13                  
тал                             14                    13                  
гомдол                          14, 25                15, 21              
зарлага                         15                    18                  
зарлг                           15                    18                  
зарлаг                          15                    18                  
зарлиг                          15                    18                  
баар                            15, 15, 25            26, 68, 37          
хуульчийн мэргэжлийн үйл ажиллагаа эрхлэх зөвшөөрөл  18                    17                  
зохицуулалт                     20                    34                  
нэмэгдл                         21                    12                  
хөрөнгө                         23                    23                  
хөрөнг                          23                    23                  
газар                           23                    27                  
этгээд                          25                    51                  
нэмэгдэл                        26                    24                  
төсв                            26                    29                  
