File: MNCLW00603.txt
Search Method: Trie (MWE + Single-Word)
Total runtime: 0.017240s
Found terms: 685

Term                            Line                  Word Place          

нийтлэх                         8, 9, 105, 232        1, 1, 11, 16        
                                233                   16                  
үйл ажиллагаа                   11, 12, 18, 18        21, 21, 20, 47      
                                19, 19, 159, 160      20, 47, 4, 4        
                                167, 168, 229, 237    8, 8, 7, 14         
                                238, 239, 240, 241    14, 9, 9, 12        
                                250                   21                  
байгууллага                     11, 12, 18, 19        13, 13, 41, 41      
                                64, 96, 97, 99        19, 4, 4, 6         
                                101, 111, 112, 117    4, 31, 31, 17       
                                118, 123, 124, 125    17, 18, 18, 18      
                                126, 127, 128, 147    18, 5, 5, 13        
                                148, 167, 168, 169    13, 7, 7, 5         
                                170, 191, 192, 194    5, 55, 55, 42       
                                195, 198, 199, 205    42, 6, 6, 2         
                                206, 230, 231, 241    2, 2, 2, 8          
                                244, 245, 246, 248    9, 9, 4, 2          
                                249, 250, 250, 251    2, 2, 20, 4         
                                252, 256, 256, 257    2, 2, 7, 4          
                                258, 258, 259, 259    9, 19, 7, 25        
                                261, 263, 264, 265    5, 3, 8, 3          
                                267, 269, 269, 272    4, 6, 31, 5         
                                272, 282, 321, 322    22, 4, 5, 5         
                                325                   20                  
үндэсний аюулгүй байдал         14, 15, 63, 105       10, 10, 8, 38       
                                129, 130, 133, 134    13, 13, 8, 8        
төрийн байгууллага              18, 19                16, 16              
орон сууц                       18, 19, 67, 68        30, 30, 15, 15      
                                129, 130              32, 32              
тээврийн хэрэгсэл               18, 19, 65, 66        32, 32, 8, 6        
                                69, 70, 121, 122      6, 6, 29, 29        
                                125, 126, 129, 130    5, 5, 34, 34        
                                147, 148              6, 6                
аюул                            18, 19, 29, 30        5, 5, 21, 21        
                                31, 32, 54, 55        5, 5, 24, 3         
                                117, 118, 119, 120    9, 9, 2, 2          
                                121, 122, 133, 134    24, 24, 21, 21      
                                137, 138, 147, 148    2, 2, 19, 19        
                                149, 150, 151, 152    2, 2, 4, 4          
                                196, 197, 218, 248    3, 3, 19, 4         
                                252, 261, 263, 272    37, 15, 14, 15      
                                323                   19                  
хангагч                         18, 19, 137, 138      8, 8, 4, 4          
                                143, 144, 147, 148    17, 17, 21, 21      
                                149, 150, 151, 152    4, 4, 6, 6          
                                157, 158, 177, 223    10, 10, 15, 35      
                                248, 252, 261, 263    17, 39, 17, 16      
                                264, 267, 269         19, 10, 35          
иргэн                           18, 19, 25, 26        24, 24, 17, 17      
                                40, 41, 46, 47        9, 4, 13, 13        
                                55, 57, 58, 60        18, 7, 5, 5         
                                83, 88, 88, 89        7, 18, 44, 18       
                                89, 105, 175, 177     44, 37, 12, 24      
                                180, 185, 186, 191    8, 3, 3, 7          
                                192, 198, 199, 244    7, 7, 7, 12         
                                245, 257, 276         12, 7, 3            
мэргэжил                        18, 19, 105, 123      38, 38, 31, 15      
                                124                   15                  
хүн                             21, 22, 72, 157       7, 7, 21, 5         
                                158, 289, 290, 312    5, 2, 2, 9          
                                325, 330              5, 4                
тодорхойлолт                    23                    6                   
хэрэглэгч                       24, 103, 104, 178     3, 13, 15, 10       
                                191, 192, 201, 202    37, 37, 14, 14      
                                312, 319, 320, 326    21, 15, 15, 4       
үйлчилгээ                       29, 30, 58, 60        6, 6, 44, 31        
                                102, 125, 126, 210    6, 7, 7, 2          
                                211, 264              2, 3                
нийслэл                         29, 30                14, 14              
зохиогч                         29, 30, 31, 32        36, 36, 21, 21      
                                33, 34, 35, 36        23, 23, 8, 8        
                                102, 252              17, 43              
зам                             31, 32, 224, 263      16, 16, 10, 2       
                                263, 318              10, 3               
автотээврийн хэрэгсэл           33, 34, 119, 120      5, 5, 8, 8          
                                145, 146, 196, 197    3, 3, 11, 11        
                                252, 323, 323         26, 11, 25          
осол                            33, 34, 111, 112      12, 12, 16, 16      
гадуур хамгаалалт               35, 36                6, 6                
үүрэг гүйцэтгэгч                44, 45, 86, 87        5, 5, 10, 10        
                                175, 189, 190         9, 7, 7             
орлог                           44, 45, 86, 87        10, 10, 15, 15      
гүйцэтгэгч                      44, 45, 86, 87        11, 11, 16, 16      
                                163, 164, 201, 202    9, 9, 3, 3          
                                224, 235, 236, 239    14, 2, 2, 2         
                                240, 306, 307         2, 10, 10           
нэр дэвшигч                     49, 50, 88, 89        31, 31, 28, 28      
компани                         49, 50                8, 8                
шийдвэр                         49, 50, 157, 158      36, 36, 18, 18      
                                167, 168, 205, 206    13, 13, 3, 3        
газар                           52, 53, 55, 63        9, 9, 25, 7         
                                71, 84, 85, 94        11, 23, 23, 19      
                                101, 101, 102, 102    9, 24, 4, 29        
                                103, 103, 104, 105    4, 16, 4, 4         
                                105, 106, 107, 108    49, 4, 4, 4         
                                109, 110, 129, 130    6, 4, 12, 12        
                                132, 133, 134, 154    4, 7, 7, 6          
                                156, 157, 157, 158    4, 4, 15, 4         
                                158, 180, 180, 182    15, 18, 23, 10      
                                217, 220, 221, 223    20, 23, 12, 25      
                                248, 249, 249, 249    16, 6, 14, 19       
                                250, 326              29, 13              
тохиолдол                       54, 58, 119, 120      27, 30, 12, 12      
                                121, 122, 125, 126    12, 12, 9, 9        
                                196, 197, 217, 218    5, 5, 16, 27        
                                223, 242, 252, 269    29, 2, 14, 23       
                                274, 305, 312, 314    2, 7, 20, 8         
                                315, 323, 324, 325    8, 24, 9, 12        
дүрэм                           57, 159, 160          14, 8, 8            
журам                           57, 64, 94, 103       15, 22, 17, 14      
                                104, 115, 116, 159    6, 14, 14, 9        
                                160, 163, 164, 165    9, 4, 4, 5          
                                166, 180, 187, 201    5, 14, 8, 12        
                                202, 220, 249, 252    12, 19, 11, 41      
                                253, 256, 316, 317    12, 10, 6, 6        
заавар                          57, 159, 160, 326     16, 10, 10, 9       
арга хэмжээ                     58, 58, 62, 64        15, 35, 10, 10      
шүүгчийн захирамж               58                    27                  
мөрдөгч                         58, 159, 160, 333     22, 7, 7, 12        
тэтгэмж                         58, 60, 226, 226      41, 28, 7, 13       
гэмт хэрэг                      60, 253               8, 9                
шийтгэх тогтоол                 60                    14                  
зөвлөл                          63, 105, 129, 130     11, 41, 16, 16      
                                133, 134              11, 11              
төрийн ордон                    67, 68                3, 3                
зочид буудал                    67, 68                25, 25              
эрх бүхий албан тушаалтан       72                    10                  
сонгуульд нэр дэвшигч           86, 87                20, 20              
захиргаа                        102, 117, 118, 258    7, 14, 14, 2        
                                259                   5                   
нэгж                            102, 250              14, 7               
хэвлэмэл хуудас                 104                   13                  
ажил                            105, 117, 118, 177    32, 24, 24, 18      
                                198, 199, 210, 211    4, 4, 3, 3          
                                216, 216, 217, 218    6, 24, 6, 3         
                                220, 222, 222, 223    7, 8, 20, 4         
                                224, 224, 235, 236    6, 8, 4, 4          
гишүүн                          105                   42                  
санал                           105, 108, 180, 259    46, 14, 20, 30      
улсын төсөв                     107                   5                   
улсын  төсөв                    107                   5                   
гамшиг                          111, 112, 272         14, 14, 17          
хяналт тавих                    115, 116, 163, 164    17, 17, 10, 10      
                                191, 192              59, 59              
аж ахуйн нэгж                   117, 118, 258         18, 18, 10          
мэдээ                           117, 118, 248, 258    28, 28, 11, 22      
                                269                   33                  
явган зорчигч                   119, 120              6, 6                
хөдөлгөөн                       119, 120              10, 10              
монгол улсын нутаг дэвсгэр      121, 122              47, 47              
гаалийн шалгалт                 121, 122              51, 51              
нисэх                           121, 122              17, 17              
зорчигч                         121, 122              21, 21              
ачаа                            121, 122              36, 36              
тээш                            121, 122              37, 37              
бэлэг                           123, 124              5, 5                
хүнсний бүтээгдэхүүн            125, 126, 143, 144    3, 3, 15, 15        
                                191, 192, 264, 269    38, 38, 14, 14      
мэргэжлийн байгууллага          125, 126              10, 10              
мэдээлэл                        127, 128, 232, 233    8, 8, 7, 7          
                                248, 249, 259, 269    12, 9, 26, 34       
орон байр                       129, 130              39, 39              
далд хамгаалалт                 137, 138, 225         8, 8, 17            
зохион байгуулагч               137, 138, 157, 158    10, 10, 20, 20      
                                230, 231, 250         8, 8, 24            
салбар                          141, 142, 250         9, 9, 6             
үйлчлэгч                        143, 144, 145, 146    13, 13, 5, 5        
                                264, 267              20, 22              
тал                             149, 150, 232, 233    5, 5, 14, 14        
                                244, 245, 259         4, 4, 21            
талууд                          149, 150, 232, 233    5, 5, 14, 14        
                                244, 245, 259         4, 4, 21            
зөвшөөрөл                       161, 162, 198, 199    15, 15, 22, 22      
                                230, 231, 232, 233    5, 5, 5, 5          
                                235, 236              8, 8                
цэргийн цол                     165, 166, 178         11, 11, 6           
хураагч                         165, 166, 194, 195    15, 15, 39, 39      
төрийн тусгай хамгаалалтын алба хаагч  172, 173, 175, 175    1, 1, 13, 19        
                                189, 190, 218, 325    1, 1, 7, 13         
эрүүл мэнд                      177                   8                   
сонгогч                         180                   9                   
төрийн нууц                     186                   15                  
төрийн тусгай хамгаалалтын бүс  191, 191, 192, 192    14, 49, 14, 49      
хүсэлт                          191, 192, 258, 276    5, 5, 20, 9         
шалгагч                         191, 192, 216         31, 31, 11          
сорьц                           191, 192              43, 43              
ажилтан                         191, 192              56, 56              
этгээд                          194, 194, 195, 195    12, 23, 12, 23      
                                308, 309, 321, 322    18, 18, 2, 2        
төлбөр                          198, 199              11, 11              
тушаал                          205, 206, 221, 237    6, 6, 5, 5          
                                238                   5                   
хүний эмзэг мэдээлэл            207, 208, 232, 233    2, 2, 11, 11        
хариуцагч                       215, 223              14, 26              
мэдэгдэл                        216                   10                  
гэрч                            217                   11                  
мэдүүлэг                        217                   14                  
гэр бүл                         218                   14                  
нэмэгдэл                        219, 220, 220, 222    15, 17, 20, 23      
төрийн алба                     220, 222              10, 14              
мэргэшил                        220                   15                  
бэлэн байдал                    223                   2                   
сургалт, дадлага                223                   15                  
хүнс                            223                   18                  
цэргийн алба                    226                   9                   
тэтгэвэр                        226, 226              6, 12               
жагсаал                         230, 231              6, 6                
цуглаан                         230, 231              7, 7                
шугам                           230, 231              13, 13              
эвсэл                           237, 238              18, 18              
хамтран оролцох                 250                   15                  
хөтөч-тайлбарлагч               252                   33                  
урьдчилан сэргийлэх             253                   14                  
дамжин өнгөрөгч                 260                   5                   
төлөөлөгчийн газар              260                   17                  
ажилгүй                         260                   20                  
нислэг                          261                   14                  
аж ахуй эрхлэгч                 264                   4                   
эрүүл ахуй                      269                   16                  
лабораторийн шинжилгээ          269                   24                  
зэвсэгт хүчин                   274                   3                   
мэх хэрэглэх                    282                   17                  
тусгай хэрэгсэл хэрэглэх        304, 323, 324, 326    4, 29, 5, 6         
галт зэвсэг хэрэглэх            305, 306, 307         8, 15, 15           
нэг бүрийн тусгай хэрэгсэл      312                   12                  
эсэргүүцэл үзүүлсэн             321, 322              8, 8                
эмнэлэг                         325                   19                  
прокурор                        325                   26                  
даруй                           325                   30                  
хуулийн этгээд                  330                   5                   
