File: MNCLW00232.txt
Search Method: Aho-Corasick
Total runtime: 0.004197s
Found terms: 361

Term                            Line                  Word Place          

санал                           8, 12, 13, 14         2, 10, 5, 2         
                                17, 17, 18, 20        2, 34, 8, 5         
                                21, 26, 27, 36        2, 5, 10, 8         
                                36, 40, 44, 45        13, 2, 30, 13       
                                46, 47, 51, 52        34, 2, 2, 2         
                                53, 54, 56, 57        2, 2, 8, 7          
                                57, 60, 61, 62        14, 8, 29, 2        
                                66, 68, 68, 68        20, 2, 10, 15       
                                69, 70, 70, 71        2, 2, 24, 2         
                                72, 74, 74, 81        2, 13, 37, 17       
                                82, 85, 89, 89        6, 4, 2, 11         
                                89, 90, 90, 93        20, 2, 4, 5         
                                93, 94, 94, 95        7, 2, 4, 2          
                                96, 96, 96, 96        2, 9, 16, 19        
                                97, 97, 98, 99        2, 4, 2, 2          
                                100, 101, 101, 102    4, 2, 21, 2         
                                104, 105, 106, 106    9, 2, 2, 12         
                                108, 109, 113, 114    2, 2, 12, 2         
                                114, 114, 114, 114    7, 17, 20, 29       
                                114, 115, 116, 116    31, 2, 7, 16        
                                117, 117, 119, 120    2, 11, 5, 8         
                                120, 121, 122, 123    25, 2, 2, 2         
                                124, 125              5, 2                
нийтлэх                         10                    1                   
зохион байгуулагч               12, 21, 38, 47        16, 7, 5, 12        
                                52, 53, 56, 57        4, 4, 20, 9         
                                57, 60, 69, 84        16, 10, 4, 7        
                                94, 106, 106, 115     13, 18, 23, 15      
                                116                   9                   
иргэн                           12, 17, 17, 22        24, 30, 37, 6       
                                23, 25, 44, 46        11, 12, 15, 32      
                                58, 61, 65, 66        18, 19, 8, 7        
                                89, 92, 96, 98        17, 15, 7, 5        
                                101, 101, 102, 102    13, 18, 8, 27       
                                104, 105, 117         7, 11, 5            
журам                           14, 41, 74, 75        18, 8, 28, 10       
                                77, 91, 93, 104       7, 36, 9, 24        
                                106, 107              25, 5               
тодорхойлолт                    15                    7                   
хэрэглэгч                       16                    3                   
нийтийн ашиг сонирхол           17, 56                5, 11               
үйл ажиллагаа                   17, 76                43, 12              
этгээд                          17, 63, 131           14, 10, 7           
шийдвэр                         17, 23, 48, 49        15, 9, 8, 11        
                                50, 81, 82, 83        5, 18, 3, 13        
                                116                   11                  
мөрдөгч                         17                    22                  
тал                             17, 23, 24, 46        25, 10, 6, 11       
                                74                    36                  
талууд                          17, 23, 24, 46        25, 10, 6, 11       
                                74                    36                  
тохиолдол                       17, 102, 104, 105     26, 36, 17, 15      
                                110                   17                  
сонгогч                         17, 18, 64, 79        29, 19, 9, 10       
                                91, 92, 102, 105      40, 11, 38, 17      
                                110                   19                  
зам                             17, 23                36, 7               
мэргэжлийн байгууллага          18, 91, 92            21, 13, 13          
байгууллага                     18, 19, 65, 90        5, 15, 10, 8        
                                91, 94, 114, 120      2, 12, 12, 6        
нутгийн өөрөө удирдах байгууллага  19                    34                  
эрх бүхий этгээд                19, 44, 45, 49        3, 26, 3, 3         
                                57, 60, 63, 64        3, 3, 3, 5          
                                76, 92                3, 3                
бусад этгээд                    19                    30                  
гүйцэтгэгч                      19, 59, 83, 90        10, 17, 22, 9       
                                92, 114               20, 10              
захиргаа                        19, 47                22, 8               
мэдээлэл                        24, 31, 70, 72        8, 3, 9, 5          
                                96, 98, 108, 111      14, 10, 9, 13       
                                113, 114, 118, 123    17, 35, 11, 18      
хангагч                         25, 29, 30, 31        14, 5, 8, 5         
                                61, 85, 111           6, 13, 19           
удирдлага                       27                    7                   
шуудан                          29                    3                   
нээлт                           32                    3                   
үр                              36, 120               10, 27              
зөвлөлдөх санал асуулга         38, 39, 46, 48        1, 4, 7, 4          
                                49, 74, 84, 110       6, 16, 4, 4         
төсөл, арга хэмжээ              42                    6                   
сан                             42                    4                   
суурин газар                    43                    2                   
хот байгуулалт                  44                    21                  
шийдвэр гаргах эрх бүхий этгээд  46, 66, 70, 89        36, 14, 19, 6       
                                106, 113, 116, 121    7, 20, 20, 10       
                                123                   7                   
байнга оршин суугч              46                    29                  
нийслэл                         46, 102               12, 25              
сум                             46, 102               23, 24              
хүсэлт                          46                    35                  
нэгж                            47                    10                  
төсөв                           54, 126, 127          4, 2, 3             
зөвлөл                          55, 56, 57, 58        5, 18, 19, 2        
                                59, 60, 63, 64        2, 13, 12, 2        
                                65, 66, 67, 74        2, 2, 2, 2          
                                75, 76, 77, 78        12, 8, 5, 2         
                                79, 80, 81, 82        2, 2, 2, 2          
                                83, 85, 101, 121      18, 2, 34, 6        
                                123                   20                  
хүн                             57, 98, 104, 110      21, 7, 19, 13       
төрийн бус байгууллага          58                    26                  
төрийн жинхэнэ албан хаагч      59                    8                   
нийгэмд үйлчилдэг төрийн бус байгууллага  61                    20                  
эрдэм шинжилгээний байгууллага  61                    11                  
мэргэжил                        61                    17                  
ажил                            65, 66, 76, 83        6, 5, 9, 5          
                                83, 83, 90, 91        10, 21, 6, 7        
                                91, 92, 94, 106       26, 19, 6, 14       
                                114                   9                   
төрийн байгууллага              70                    15                  
мэргэжилтэн                     70, 113               12, 27              
шинжээч                         70, 113               14, 28              
зөвлөмж                         71, 82, 119, 121      6, 5, 9, 8          
                                123                   6                   
хяналт тавих                    73                    11                  
техникийн хяналт                74, 75                41, 5               
ачаа                            74                    6                   
зохиогч                         74                    20                  
төсөл                           83                    14                  
мэргэжлийн холбоо               89                    15                  
орон нутгийн өмч                91                    21                  
хөрөнгө                         91                    24                  
бараа                           91                    25                  
үйлчилгээ                       91                    27                  
гэрээ                           92                    21                  
оролцогч                        98, 109, 110, 111     4, 4, 10, 12        
                                111, 113, 113, 117    16, 4, 10, 4        
ээлжит сонгууль                 102                   30                  
дахин сонгуул                   104                   25                  
агуулах                         108                   11                  
танилцуулга                     108, 113              13, 19              
хариуцагч                       111                   21                  
баталгаажуулах                  112                   10                  
тайлбар                         113                   18                  
зөвлөх                          116, 120              13, 32              
дүгнэлт                         120                   23                  
ил тод, нээлттэй байх           122                   8                   
