File: MNCLW00055.txt
Search Method: Aho-Corasick
Total runtime: 0.002792s
Found terms: 214

Term                            Line                  Word Place          

багшийн хөгжил                  6, 10, 25, 26         1, 7, 1, 4          
                                31, 46, 83            20, 1, 8            
нийтлэх                         8                     1                   
багш                            10, 17, 18, 20        5, 4, 5, 7          
                                20, 23, 27, 27        13, 24, 6, 8        
                                27, 27, 28, 28        23, 30, 8, 44       
                                31, 40, 40, 41        11, 10, 15, 11      
                                42, 49, 51, 51        15, 10, 6, 19       
                                52, 55, 56, 65        6, 6, 6, 12         
                                66, 67, 68            13, 14, 8           
хүн                             10, 21, 54, 63        14, 19, 4, 4        
                                98                    4                   
мөрдөгч                         13, 102               17, 12              
тодорхойлолт                    14, 19                6, 12               
хэрэглэгч                       15                    3                   
этгээд                          16, 20                15, 17              
тоног төхөөрөмж                 18                    13                  
ажил                            18, 19, 19, 27        6, 2, 10, 13        
                                58, 60, 61            4, 6, 2             
суралцагч                       19, 21, 40, 49        5, 21, 20, 13       
                                49                    17                  
төлөвшил                        19                    8                   
үнэлгээ                         19                    21                  
үр                              19, 21, 58, 59        23, 16, 5, 6        
туслах багш                     20, 43                4, 11               
үйл ажиллагаа                   20, 23, 28, 36        11, 9, 4, 4         
                                37, 51, 54, 80        9, 3, 7, 4          
мэргэжил                        20, 27, 28, 31        8, 9, 9, 14         
                                35, 35, 41, 42        2, 16, 12, 2        
                                44, 49, 50, 51        2, 11, 2, 7         
                                51, 88, 89, 90        20, 4, 2, 4         
                                91, 93                10, 2               
туслагч                         20                    14                  
мэдээллийн систем               21                    3                   
сургалтын байгууллага           21, 23, 34, 35        9, 20, 4, 11        
                                36, 37, 49, 55        12, 3, 8, 4         
                                56, 57, 57, 59        4, 6, 11, 14        
                                68, 71, 91            4, 4, 4             
сургалтын орчин                 21                    11                  
хяналт тавих                    21, 95                27, 3               
салбар                          21, 21, 86            2, 18, 2            
мэдээлэл                        21, 50, 59, 86        22, 4, 8, 3         
                                91                    9                   
тайлан                          21                    24                  
мэдээ                           21                    25                  
үйлчлэгч                        22, 23                4, 25               
албан бус боловсрол             23                    17                  
байгууллага                     27, 28, 28, 28        27, 14, 29, 30      
                                35, 38, 65, 66        6, 15, 7, 7         
                                68, 70, 82, 83        7, 12, 9, 7         
                                85, 88, 89, 90        19, 8, 6, 17        
сум                             28                    19                  
нийслэл                         28, 67                20, 2               
удирдлага                       28                    42                  
хөтөлбөр                        30, 31, 32, 41        6, 23, 4, 8         
                                42, 79, 80, 84        10, 4, 6, 3         
                                85, 90                10, 7               
эрүүл мэнд                      31                    7                   
газар                           32, 41, 42, 49        6, 2, 31, 47        
                                61, 77, 78            11, 4, 2            
багшийн хөгжлийн төв            34, 35, 37, 91        7, 13, 6, 6         
мэргэжлийн боловсрол            36, 66                10, 9               
зөвлөл                          37                    17                  
журам                           38, 42, 49, 61        8, 29, 39, 9        
захиргаа                        38, 65, 66, 70        13, 5, 5, 10        
                                82, 83, 85, 90        7, 5, 17, 15        
захиргааны байгууллага          40, 67                4, 7                
дадлагажих                      42, 42                14, 19              
хангагч                         47                    9                   
мэргэжлийн сургалт              49                    5                   
гишүүн                          49                    48                  
боловсролын салбарын мэдээллийн систем  50, 59, 60            8, 9, 8             
тохиолдол                       52                    9                   
хариуцагч                       52                    12                  
мэргэжлийн байгууллага          55                    16                  
тал                             55                    14                  
талууд                          55                    14                  
санал                           55                    18                  
хүсэлт                          55                    19                  
гомдол                          55                    20                  
гүйцэтгэгч                      61                    3                   
зөвлөх                          68                    17                  
дүрэм                           69                    5                   
төрийн байгууллага              76                    1                   
хөрөнгө                         80                    9                   
зохион байгуулагч               84, 93                5, 15               
орон сууц                       85                    3                   
хот байгуулалт                  85                    12                  
хөнгөлөлт                       85                    7                   
сан                             86                    5                   
хуулийн этгээд                  98                    5                   
