File: MNCLW00581.txt
Search Method: Aho-Corasick
Total runtime: 0.012115s
Found terms: 1208

Term                            Line                  Word Place          

банк                            8, 13, 14, 15         2, 25, 25, 4        
                                16, 17, 20, 22        2, 2, 8, 5          
                                28, 63, 65, 88        10, 4, 2, 4         
                                89, 89, 91, 93        15, 26, 2, 2        
                                93, 94, 103, 107      7, 3, 12, 4         
                                108, 132, 133, 146    17, 38, 38, 8       
                                146, 146, 146, 147    14, 18, 24, 14      
                                147, 147, 160, 162    28, 29, 18, 9       
                                170, 171, 176, 177    4, 4, 7, 7          
                                189, 197, 198, 205    6, 4, 4, 4          
                                205, 206, 206, 217    12, 4, 12, 20       
                                220, 220, 225, 228    2, 8, 6, 2          
                                228, 230, 232, 232    10, 11, 3, 8        
                                232, 237, 240, 240    13, 17, 5, 23       
                                243, 245, 247, 247    29, 28, 31, 37      
                                250, 252, 256, 256    5, 28, 4, 20        
                                257, 257, 261, 267    28, 40, 14, 23      
                                273, 274, 275, 281    4, 2, 2, 26         
                                291, 299, 304, 310    2, 14, 3, 17        
                                315, 321, 323, 324    6, 7, 2, 6          
                                335, 356, 370, 372    10, 7, 5, 10        
                                379, 382, 382, 389    8, 17, 27, 2        
                                389, 389, 389, 393    16, 29, 36, 2       
                                393, 394, 395, 397    4, 2, 5, 2          
                                423, 423, 427, 430    2, 12, 11, 2        
                                448, 458, 459, 459    6, 5, 13, 18        
                                460, 462, 462, 462    13, 6, 12, 14       
                                464, 464, 465, 470    11, 20, 9, 15       
                                480, 524              2, 2                
нийтлэх                         9, 11                 3, 1                
монгол улсын төв банк           13, 14, 23, 23        5, 5, 13, 18        
үйл ажиллагаа                   13, 14, 20, 29        15, 15, 9, 4        
                                31, 35, 36, 53        12, 7, 5, 8         
                                54, 55, 63, 65        8, 17, 5, 3         
                                84, 85, 104, 105      4, 4, 6, 35         
                                111, 122, 123, 124    9, 7, 7, 7          
                                125, 136, 144, 146    7, 30, 4, 19        
                                146, 147, 147, 148    30, 3, 35, 4        
                                149, 149, 151, 154    9, 23, 5, 7         
                                155, 156, 159, 167    6, 5, 15, 42        
                                181, 191, 192, 197    23, 5, 4, 33        
                                198, 214, 217, 228    33, 4, 17, 7        
                                230, 232, 232, 250    8, 9, 30, 6         
                                252, 256, 257, 257    30, 5, 30, 41       
                                273, 273, 275, 287    7, 15, 6, 6         
                                288, 293, 294, 318    9, 9, 9, 5          
                                318, 334, 336, 337    30, 4, 6, 18        
                                341, 343, 348, 356    18, 2, 6, 3         
                                363, 370, 377, 382    4, 6, 7, 9          
                                418, 419, 423, 424    7, 6, 13, 6         
                                435, 438, 438, 445    9, 6, 42, 6         
                                448, 460, 462, 482    7, 9, 7, 3          
удирдлага                       13, 14, 124, 125      13, 13, 2, 2        
                                147, 273, 291, 292    15, 14, 3, 5        
                                299, 456              16, 15              
өрийн удирдлага                 16, 17                10, 10              
үйлчлэгч                        19                    4                   
байгууллага                     23, 247, 255, 335     12, 41, 15, 15      
                                381, 455, 462         11, 14, 17          
хуулийн этгээд                  25, 89, 108, 119      7, 4, 19, 8         
                                120, 193, 194, 197    8, 3, 3, 22         
                                198, 202, 203, 205    22, 2, 2, 6         
                                206, 208, 209, 211    6, 2, 2, 6          
                                217, 240, 247, 250    30, 21, 35, 2       
                                267, 285, 286, 288    26, 6, 7, 7         
                                395, 420, 423, 470    11, 3, 3, 17        
                                537                   5                   
хэвлэмэл хуудас                 25                    16                  
хэрэглэгч                       25, 51, 247           18, 10, 33          
үндэсний мөнгөн тэмдэгт         27                    6                   
зах зээл                        28, 69, 70, 84        8, 10, 10, 2        
                                85, 104, 105, 116     2, 4, 33, 19        
                                117, 136, 152, 167    19, 28, 7, 31       
                                222, 392, 468, 483    2, 7, 15, 33        
                                484, 504, 505         33, 32, 32          
хангагч                         28, 55, 94, 149       14, 16, 7, 5        
                                152, 167, 183, 187    11, 17, 16, 25      
                                218, 222, 321, 354    13, 6, 26, 7        
                                372, 397              5, 7                
зам                             28, 55, 105, 167      15, 9, 31, 39       
                                347, 483, 484, 521    20, 41, 41, 13      
үүрэг гүйцэтгэгч                34, 110, 215          5, 8, 2             
газар                           34, 110, 111, 112     2, 5, 3, 17         
                                113, 116, 116, 117    17, 3, 8, 3         
                                117, 119, 120, 127    8, 3, 3, 5          
                                128, 128, 130, 132    20, 25, 29, 7       
                                133, 136, 136, 136    7, 2, 12, 41        
                                140, 142, 176, 177    3, 3, 5, 5          
                                184, 197, 198, 205    33, 2, 2, 3         
                                206, 243, 267, 325    3, 34, 16, 11       
                                335, 342, 381, 381    5, 14, 8, 21        
                                382, 391, 392, 409    15, 11, 18, 11      
                                444, 445, 446, 447    6, 4, 4, 3          
                                447, 448, 449, 450    14, 12, 10, 2       
                                452, 452, 463, 464    12, 20, 9, 9        
                                466, 473, 483, 484    4, 7, 29, 29        
                                504, 505, 512, 513    31, 31, 14, 14      
хяналт тавих                    35, 36, 96, 144       9, 11, 7, 6         
                                146, 148, 151, 152    50, 10, 7, 27       
                                154, 155, 230, 232    13, 12, 12, 32      
                                240, 273, 318, 369    27, 17, 34, 7       
                                438                   13                  
этгээд                          35, 243, 245, 247     6, 22, 22, 25       
                                252, 252, 257, 281    22, 38, 22, 22      
төлбөрийн систем                36, 154, 156, 243     2, 4, 2, 2          
                                245, 247, 252, 257    2, 5, 2, 2          
                                281                   2                   
зохион байгуулагч               36, 56, 154, 155      8, 21, 10, 9        
улсын нөөц                      37, 165, 167, 167     3, 6, 8, 27         
                                169, 181, 184, 502    6, 5, 4, 4          
                                503                   4                   
валют                           37, 495               2, 2                
харилцагч                       38, 146, 247          2, 4, 32            
нэгж                            46, 47, 95            6, 8, 26            
төлбөр                          49, 50, 50, 51        4, 15, 18, 3        
                                51, 112, 112, 113     8, 18, 21, 18       
                                113, 119, 120, 146    21, 13, 13, 27      
                                158, 159, 159, 167    3, 5, 28, 11        
                                184, 205, 206, 217    22, 10, 10, 14      
                                220, 220, 247, 382    3, 10, 43, 25       
                                495, 497, 512, 513    6, 9, 18, 18        
монгол улсын нутаг дэвсгэр      50                    10                  
орлог                           51, 283, 300          2, 34, 18           
зөвшөөрөл                       51, 57, 140, 146      7, 11, 10, 16       
                                146, 147, 147, 409    22, 9, 11, 37       
үйлдвэрлэгч                     56                    5                   
тээвэрлэгч                      56                    6                   
ажил                            56, 299, 310, 321     19, 24, 11, 17      
                                326, 328, 351, 358    7, 10, 2, 12        
                                385, 411, 412, 422    4, 14, 11, 8        
                                425, 427              22, 5               
журам                           57, 61, 96, 101       7, 22, 9, 8         
                                142, 146, 152, 240    6, 40, 25, 16       
                                263, 269, 318, 334    22, 25, 47, 7       
                                370, 373, 377, 409    19, 7, 17, 41       
                                492, 493, 499, 500    5, 15, 17, 6        
                                501                   6                   
мэдээлэл                        61, 148, 217, 225     14, 3, 21, 7        
                                257, 285, 287, 346    46, 3, 14, 7        
                                425, 467, 470, 473    15, 5, 9, 12        
дүгнэлт                         69, 70, 288, 392      19, 19, 13, 12      
                                436                   7                   
бодлогын зорилт                 72, 73, 116, 117      6, 6, 17, 17        
шалгуур үзүүлэлт                78, 79, 256, 362      7, 7, 7, 8          
санхүүгийн хэрэгсэл             80, 81, 98, 100       4, 4, 6, 15         
                                101                   5                   
зээл                            80, 81, 86, 87        2, 2, 3, 3          
                                95, 98, 100, 101      22, 4, 13, 3        
                                103, 107, 108, 119    4, 6, 22, 12        
                                120, 127, 128, 130    12, 6, 21, 7        
                                136, 136, 140, 142    14, 54, 6, 4        
                                158, 159, 159, 160    8, 22, 43, 8        
                                160, 162, 163, 197    15, 15, 2, 32       
                                198, 205, 206, 208    32, 9, 9, 8         
                                209, 222, 237, 256    8, 14, 22, 11       
                                372, 382, 385, 432    14, 24, 9, 11       
                                433, 452, 462, 468    11, 17, 16, 13      
                                493                   3                   
харилцах данс                   89, 93                8, 15               
иргэн                           89, 108, 193, 194     3, 18, 2, 2         
                                197, 198, 205, 206    24, 24, 8, 8        
                                208, 209, 240, 247    4, 4, 20, 34        
                                250, 322, 395, 420    4, 7, 10, 2         
                                470                   16                  
хөрөнгө                         91, 100, 105, 140     17, 6, 16, 8        
                                159, 161, 197, 198    41, 11, 26, 26      
                                215, 495, 497, 502    25, 4, 7, 12        
                                503, 521              12, 5               
хүү                             94, 95, 95, 102       12, 21, 23, 4       
                                103, 103, 361, 385    7, 13, 4, 10        
                                483, 484, 504, 505    35, 35, 34, 34      
торгууль                        95, 95                8, 10               
үнэт цаас                       103, 105, 105, 116    5, 18, 23, 5        
                                117, 128, 130, 136    5, 28, 38, 4        
                                136, 176, 177, 202    44, 23, 23, 8       
                                203, 215, 385, 452    8, 26, 14, 24       
засгийн газрын үнэт цаас        105, 521              12, 8               
үнэт цаас гаргагч               105                   5                   
нээлт                           105, 136              32, 27              
тохиолдол                       108, 162, 211, 215    16, 8, 4, 9         
                                263, 303, 326, 332    14, 14, 10, 15      
                                347, 364, 382, 409    13, 14, 13, 31      
                                423, 425, 432, 433    21, 20, 18, 18      
                                435, 452, 483, 484    21, 10, 17, 17      
                                497, 504, 505, 521    24, 19, 19, 7       
төрийн сангийн нэгдсэн данс     112, 113, 119, 120    6, 6, 16, 16        
сан                             112, 113, 197, 198    10, 10, 10, 10      
                                202, 203, 415, 482    5, 5, 6, 18         
                                482, 482, 482, 486    20, 22, 24, 5       
                                487, 489, 493, 495    4, 4, 13, 13        
                                497, 497, 499, 502    17, 21, 12, 21      
                                503, 504, 504, 505    21, 12, 16, 12      
                                505, 511              16, 7               
хүсэлт                          112, 113, 116, 117    12, 12, 9, 9        
гүйцэтгэгч                      112, 113, 119, 120    23, 23, 25, 25      
                                158, 159, 167, 263    5, 7, 13, 4         
                                306, 328, 342, 389    14, 5, 19, 3        
                                389, 466              25, 27              
бусад этгээд                    116, 117              10, 10              
зуучлагч                        116, 117              12, 12              
төлбөр тооцоо                   119, 120              23, 23              
орлого                          128, 130, 130, 130    6, 18, 27, 34       
                                130, 167, 480, 482    42, 40, 5, 26       
                                490, 491, 492, 499    6, 6, 3, 8          
                                507, 509, 510, 533    11, 6, 4, 6         
зарлага                         128, 533              7, 7                
зээллэг                         130                   37                  
тогтоол                         132, 133, 366, 379    34, 34, 6, 6        
мөрдөгч                         132, 133, 540         45, 45, 12          
өөрийн хөрөнгө                  146, 217, 382, 397    25, 4, 20, 3        
                                480, 481, 482, 482    3, 4, 11, 14        
                                483, 483, 484, 484    12, 43, 12, 43      
арга хэмжээ                     146, 147, 162, 184    35, 32, 4, 36       
                                225, 232, 232, 379    13, 15, 34, 16      
                                394, 483, 484         11, 47, 47          
дүрэм                           146, 152, 240, 370    39, 24, 15, 18      
заавар                          146, 370              41, 20              
шийдвэр                         146, 240, 265, 319    46, 19, 7, 10       
                                364, 366, 370, 379    9, 4, 23, 14        
                                391, 393, 393, 447    15, 3, 9, 4         
хяналт шалгалт                  147, 149, 235, 245    25, 19, 3, 40       
                                267, 269, 280, 315    35, 2, 9, 7         
                                368, 369, 370, 371    4, 2, 2, 3          
                                373, 379              2, 9                
зохиогч                         147, 348, 387         16, 11, 3           
тусгай зөвшөөрөл                148, 149              7, 12               
зээлийн мэдээлэл                149, 286, 288         7, 3, 3             
салбар                          149, 211, 321, 324    2, 21, 16, 10       
                                377                   4                   
мөнгөн хадгаламж                152                   15                  
үндэсний төлбөрийн систем       155, 156, 197, 198    2, 9, 12, 12        
                                228, 230, 232, 232    3, 4, 18, 26        
зээлдүүлэгч                     159                   3                   
үр                              159, 318              17, 32              
нийтлэг журам                   163                   4                   
гадаадын валют                  165, 167, 167, 169    4, 6, 25, 4         
                                172, 173, 174, 175    10, 10, 4, 4        
                                176, 177, 179, 180    17, 17, 5, 5        
                                181, 181, 183, 184    3, 14, 5, 2         
                                184, 185, 186, 187    15, 4, 3, 3         
                                497, 502, 503         4, 2, 2             
гадаад валют                    165, 167, 167, 169    4, 6, 25, 4         
                                172, 173, 174, 175    10, 10, 4, 4        
                                176, 177, 179, 180    17, 17, 5, 5        
                                181, 181, 183, 184    3, 14, 5, 2         
                                184, 185, 186, 187    15, 4, 3, 3         
                                497, 502, 503         4, 2, 2             
хөрөнгө оруулалт                167, 318              36, 12              
санхүүгийн байгууллага          170, 171, 176, 177    5, 5, 10, 10        
                                465                   10                  
мөнгөжсөн алт                   170, 171              9, 9                
вексель                         174, 175              8, 8                
зохицуулалт                     185, 186              6, 5                
урьдчилан сэргийлэх             189                   17                  
үл хөдлөх хөрөнгө               195, 196              7, 7                
төлбөр тооцоо хийх              197, 198              29, 29              
шууд оролцогч                   197, 198              18, 18              
давуу байдал                    211, 422              14, 15              
хүн                             211, 267, 321, 324    5, 25, 27, 19       
                                537                   4                   
хэлцэл                          211, 423, 450         28, 11, 13          
шуудан                          217, 381, 452, 452    28, 12, 13, 15      
                                452                   31                  
хувьцаа                         217, 304              32, 4               
ажилтан                         218, 218, 399, 415    3, 14, 2, 8         
шинжээч                         220, 255, 341         13, 8, 10           
эрсдэл                          220                   15                  
талууд                          225, 269, 275, 341    9, 21, 12, 15       
                                391, 392, 395, 432    9, 10, 24, 13       
                                433, 435, 447, 462    13, 23, 12, 9       
тал                             225, 269, 275, 341    9, 21, 12, 15       
                                391, 392, 395, 432    9, 10, 24, 13       
                                433, 435, 447, 462    13, 23, 12, 9       
шалгагч                         232, 235, 240, 240    12, 9, 4, 32        
                                242, 250, 260, 261    4, 10, 3, 22        
                                262, 263, 269, 278    22, 2, 10, 4        
                                280, 287, 335, 395    4, 13, 7, 13        
                                441, 442              11, 11              
төлбөрийн үйлчилгээ үзүүлэхтэй хамаарал бүхий үйл ажиллагаа  243, 245, 247, 252    6, 6, 9, 6          
                                257, 281              6, 6                
эрх бүхий этгээд                243, 245, 247, 252    14, 14, 17, 14      
                                257, 281              14, 14              
төлбөр тооцооны төлөөлөгч       243, 245, 247, 252    23, 23, 26, 23      
                                257, 281              23, 23              
оролцогч                        243, 245, 247, 252    4, 4, 7, 4          
                                257                   4                   
оператор                        243, 245, 247, 252    5, 5, 8, 5          
                                257, 281              5, 5                
үйлчилгээ                       243, 245, 247, 252    19, 19, 22, 19      
                                257, 281, 285, 286    19, 19, 4, 5        
                                288, 385, 464         5, 5, 21            
гэрээт төлөөлөгч                245, 247, 252, 257    26, 29, 26, 26      
санхүүгийн баримт               245                   33                  
тоног төхөөрөмж                 245, 257              35, 34              
тайлан                          245, 257, 337, 371    31, 44, 13, 5       
                                438, 449, 470, 483    33, 8, 13, 3        
                                483, 484, 484, 533    19, 3, 19, 8        
                                533                   11                  
тайлбар                         245, 533              43, 13              
захиргаа                        252, 409, 455         43, 42, 12          
алдагдлаас хамгаалах сан        256                   15                  
мэдээ                           257, 346, 470         45, 6, 12           
гуравдагч этгээд                261                   15                  
гэр бүлийн гишүүн               262                   24                  
эрүүл мэнд                      263                   6                   
гэр бүл                         263, 422              18, 4               
хохирогч                        263                   9                   
тэтгэвэр                        263                   24                  
тэтгэмж                         263                   25                  
хариуцагч                       265, 293, 294, 324    23, 15, 15, 12      
                                455                   10                  
төрийн бус байгууллага          267                   18                  
гишүүн                          267, 267, 283, 283    13, 17, 3, 31       
                                320, 321, 324, 325    12, 5, 5, 5         
                                325, 325, 326, 332    12, 22, 5, 4        
                                341, 342, 344, 353    17, 15, 4, 5        
                                354, 358, 364, 365    4, 7, 6, 15         
                                389, 389, 425, 427    20, 33, 8, 3        
                                464, 465, 466         14, 6, 11           
эрх бүхий албан тушаалтан       269, 356              5, 8                
саад учруулсан                  269                   14                  
нөлөөллийн мэдүүлэг             269                   27                  
холбогдох этгээд                269, 287, 356         33, 20, 21          
зөвлөл                          274, 283, 316, 317    8, 29, 20, 7        
                                318, 318, 318, 319    29, 42, 45, 3       
                                320, 320, 321, 324    3, 10, 3, 3         
                                325, 326, 332, 333    3, 3, 2, 3          
                                334, 339, 341, 341    3, 5, 27, 29        
                                344, 389, 389, 425    3, 19, 32, 6        
                                427, 436, 475         2, 10, 12           
санал                           274, 318, 320, 335    10, 9, 20, 18       
                                336, 364, 364, 364    16, 8, 12, 17       
                                365, 372, 392, 436    16, 16, 13, 6       
                                436, 475, 489         11, 13, 13          
төрөл, садангийн хүн            283                   4                   
ерөнхий нягтлан бодогч          283                   35                  
тушаал                          283, 283, 303, 306    24, 42, 16, 20      
                                411, 412              16, 12              
зээлийн мэдээллийн сан          287                   3                   
гомдол                          287                   11                  
мэргэшил                        299, 389, 394         18, 11, 8           
мэргэжил                        299, 323, 355, 389    21, 8, 13, 8        
                                394                   3                   
ажилгүй                         307, 329, 415         3, 3, 9             
гэмт хэрэг                      308, 330, 409         2, 2, 4             
шүүгч                           308, 325, 330         6, 26, 6            
шүүх                            308, 325, 330         6, 26, 6            
зөвлөх                          316, 448              17, 15              
санхүүгийн тайлан               318, 436, 524, 527    17, 3, 4, 5         
                                528, 530, 533         10, 5, 2            
зөвлөмж                         318, 369, 379, 389    10, 17, 12, 34      
                                436, 475              12, 14              
төрийн байгууллага              324                   13                  
захиргааны албан тушаалтан      325                   29                  
прокурор                        325                   27                  
ашиг сонирхлын зөрчил           331                   2                   
санхүүгийн тайлангийн аудит     335                   11                  
дотоод аудит                    335                   3                   
танилцуулга                     337, 438              14, 34              
аюул                            347                   9                   
эрдэм шинжилгээний байгууллага  355                   10                  
банкны нөлөө бүхий хувьцаа эзэмшигч  356                   12                  
нэгдмэл сонирхолтой этгээд      356                   18                  
төсөл                           360, 370              4, 24               
зарлаг                          365                   22                  
гарын үсэг зурах                366                   13                  
төлөөлөгчийн газар              377                   5                   
нотлох баримт                   409                   15                  
гэрээ                           409, 423, 450, 473    45, 10, 12, 9       
дайчилгаа                       410                   10                  
статистикийн мэдээлэл           449, 469, 472         4, 4, 6             
санхүүгийн зохицуулах хороо     455                   4                   
олон улсын байгууллага          464, 465, 466         17, 3, 14           
үнэлгээ                         482, 497, 502, 502    21, 16, 14, 19      
                                503, 503, 504, 504    14, 19, 6, 11       
                                505, 505, 507         6, 11, 6            
өрийн бичиг                     483, 484, 504, 505    36, 36, 35, 35      
өр                              495, 497              5, 8                
үнэт металл                     502, 503              9, 9                
