File: MNCLW00197.txt
Search Method: Aho-Corasick
Total runtime: 0.006258s
Found terms: 530

Term                            Line                  Word Place          

залуучуудын хөгжил              8, 13, 18, 24         1, 6, 8, 6          
                                29, 44, 45, 46        6, 2, 2, 4          
                                47, 144, 145, 147     2, 1, 1, 4          
                                155, 161, 170, 181    2, 9, 8, 16         
                                182, 191, 192, 196    5, 11, 5, 8         
                                204, 224              28, 18              
нийтлэх                         10, 11, 61, 91        1, 1, 7, 10         
залуучуудын оролцоо             13, 25, 117, 122      16, 6, 17, 1        
                                123, 124, 125, 132    1, 5, 2, 10         
                                200                   14                  
мөрдөгч                         16, 232               17, 12              
үйлчлэгч                        17, 18                4, 12               
иргэн                           18, 25, 38, 57        5, 2, 8, 12         
                                81, 108, 112, 127     9, 12, 28, 2        
                                136, 199              4, 10               
тодорхойлолт                    19                    6                   
хэрэглэгч                       20                    3                   
хүн                             21, 48, 53, 54        15, 2, 5, 3         
                                55, 56, 227           22, 4, 4            
чадамж                          22                    10                  
сан                             22, 29, 70, 72        15, 4, 2, 25        
                                100, 216, 217         21, 6, 21           
шийдвэр                         23, 33, 126, 129      11, 6, 8, 4         
                                130, 185              2, 7                
үйл ажиллагаа                   24, 26, 40, 47        12, 15, 3, 5        
                                79, 85, 102, 106      6, 18, 12, 7        
                                112, 114, 118, 120    8, 11, 16, 9        
                                127, 129, 130, 131    7, 6, 4, 7          
                                132, 134, 137, 138    8, 13, 12, 12       
                                157, 163, 176, 185    4, 12, 7, 9         
                                186, 197, 199, 204    11, 4, 4, 6         
                                209, 217, 218         19, 4, 2            
зөвлөл                          24, 24, 186, 192      4, 31, 9, 8         
                                197, 203, 204, 206    10, 8, 31, 8        
                                206, 207, 208, 212    19, 8, 8, 8         
салбар                          24, 27, 165, 172      10, 17, 9, 3        
                                192, 197, 203, 204    7, 9, 7, 4          
                                204, 206, 207, 208    30, 7, 7, 7         
                                209, 212              17, 7               
удирдлага                       24, 162, 163, 172     23, 13, 10, 8       
                                191, 219              17, 3               
хангагч                         24, 33, 72, 100       24, 19, 21, 15      
                                110, 117, 148, 162    17, 19, 3, 14       
                                163, 172, 185, 189    11, 9, 22, 8        
                                191                   18                  
төрийн бус байгууллага          25, 110, 176          15, 21, 4           
байгууллага                     25, 59, 61, 64        4, 7, 15, 15        
                                73, 74, 79, 82        16, 19, 14, 7       
                                82, 85, 87, 88        27, 30, 5, 18       
                                94, 95, 97, 101       11, 11, 25, 3       
                                103, 107, 108, 109    18, 32, 11, 5       
                                112, 112, 127, 131    19, 30, 4, 13       
                                138, 139, 160, 161    19, 20, 9, 7        
                                163, 168, 168, 173    6, 7, 28, 6         
                                178, 180, 209, 210    26, 22, 15, 17      
                                217, 219, 224         14, 10, 12          
ажил                            26, 82, 99, 100       3, 16, 4, 16        
                                101, 108, 110, 136    16, 8, 15, 8        
                                162, 165, 166, 171    11, 12, 4, 11       
                                172, 172, 173, 192    10, 17, 15, 9       
гэр бүл                         28, 58, 58, 85        5, 2, 6, 2          
                                107, 118, 188, 188    17, 3, 2, 7         
аюул                            28, 106               12, 2               
төлөвшил                        28                    18                  
хөрөнгө                         29, 157, 201, 219     13, 11, 16, 2       
залуучуудын иргэний нийгмийн байгууллага  33, 134, 141, 206     13, 7, 20, 12       
                                210                   10                  
талууд                          33, 102, 110, 130     3, 26, 18, 7        
                                147, 174, 196, 209    7, 2, 11, 9         
тал                             33, 102, 110, 130     3, 26, 18, 7        
                                147, 174, 196, 209    7, 2, 11, 9         
үнэлгээ                         33, 162, 225          11, 17, 10          
бүтээн байгуулалт               36, 111               4, 4                
ажилгүй                         39, 94, 95, 98        5, 4, 4, 9          
                                128, 133, 139, 140    6, 5, 8, 4          
                                141                   16                  
мэдээлэл                        42, 59, 87, 108       2, 6, 4, 10         
                                135, 141, 185, 189    11, 27, 21, 7       
зохион байгуулагч               47, 82, 85, 87        9, 29, 32, 29       
                                108, 109, 116, 126    15, 22, 23, 15      
                                135, 136, 137, 154    19, 9, 17, 8        
                                166, 171, 173, 188    10, 12, 16, 22      
                                198, 199, 200         11, 15, 23          
спорт                           49, 66, 86, 109       4, 7, 7, 14         
                                115, 116              12, 15              
насан туршийн боловсрол         55, 68                12, 12              
амьдрах ухааны чадвар           55, 56, 57, 184       25, 7, 16, 2        
мэргэжлийн боловсрол            55, 71, 82, 83        8, 5, 5, 5          
                                100                   5                   
сургалтын байгууллага           55, 71, 83, 100       10, 7, 7, 7         
багш                            55                    16                  
хөтөлбөр                        55, 57, 59, 59        20, 20, 4, 11       
                                60, 61, 68, 70        6, 5, 15, 13        
                                71, 73, 78, 87        23, 7, 11, 9        
                                97, 107, 149, 155     15, 21, 4, 6        
                                157, 162, 171, 200    8, 9, 9, 18         
зохиогч                         56                    12                  
мэдээ                           57, 118               3, 11               
мэргэжил                        57, 62, 63, 69        23, 6, 12, 7        
                                71, 72, 97, 98        15, 11, 6, 6        
                                110, 163, 172, 191    9, 7, 5, 14         
тогтвортой байдлын гэрээ        58                    8                   
гишүүн                          58                    12                  
бүтээл                          58, 64, 65            23, 5, 8            
нэвтрүүлэг                      59, 87                9, 7                
агуулах                         59, 60, 87            10, 5, 8            
журам                           60, 63, 64, 65        8, 14, 8, 5         
                                74, 104, 139, 180     9, 8, 13, 8         
газар                           60, 63, 76, 104       10, 16, 12, 10      
                                112, 152, 153, 207    27, 4, 2, 11        
                                209, 218, 224         11, 6, 2            
захиргаа                        61, 64, 73, 74        13, 13, 14, 17      
                                79, 82, 85, 88        12, 25, 28, 16      
                                94, 95, 97, 103       9, 9, 23, 16        
                                107, 112, 139, 160    30, 17, 18, 7       
                                161, 168, 168, 217    5, 5, 26, 12        
                                219                   8                   
сонгогч                         64, 102               6, 18               
залуучуудын хөгжлийг дэмжих сан  65, 79, 214, 215      9, 16, 1, 1         
                                217                   16                  
зорилтот бүлгийн залуучууд      68, 107               5, 13               
арга хэмжээ                     70, 87, 130, 172      7, 25, 9, 14        
                                209                   24                  
номын сан                       70                    11                  
үйлчилгээ                       70, 84, 86, 91        3, 13, 12, 11       
                                109, 189              12, 6               
хугацаат цэргийн алба хаагч     71                    10                  
багц цаг                        71, 74                24, 5               
суралцагч                       71, 82, 83, 166       19, 8, 11, 2        
зээл                            72                    24                  
оюутан-цэрэг                    72, 83, 101           27, 10, 14          
оюутан                          72, 83, 101           27, 10, 14          
оюутан-цэрг                     72, 83, 101           27, 10, 14          
хөнгөлөлт                       72                    30                  
батлан хамгаалах                74                    12                  
залуучууд судлал                75                    15                  
шинэ бүтээл                     77                    6                   
технологи                       78, 93, 93, 97        4, 6, 10, 4         
инноваци                        78                    5                   
эрүүл мэндийг хамгаалах         80                    4                   
урьдчилан сэргийлэх             81, 108               4, 6                
эрүүл мэндийн тусламж, үйлчилгээ  82, 84, 187           11, 5, 6            
эрүүл мэнд                      82, 85                17, 21              
даатгагч                        83                    14                  
бэлэг                           85                    5                   
биеийн тамир                    86, 115               5, 10               
ажилд зуучлах                   91, 189               3, 9                
захиргааны байгууллага          91, 134, 139, 169     20, 5, 26, 7        
                                170, 180, 181, 182    5, 13, 5, 13        
                                191                   5                   
нөхөрлөл                        92                    4                   
гарааны компани                 93, 190               13, 2               
малчин                          94, 95                13, 13              
байнгын ажлын байр              100                   12                  
ажилтан                         101, 101, 173         8, 10, 9            
орон сууц                       107                   8                   
хот байгуулалт                  107                   25                  
төлбөр                          107                   6                   
мэргэжлийн байгууллага          109                   19                  
хорих ял                        110                   4                   
үр                              111, 162              9, 19               
сум                             112, 141, 194, 204    21, 2, 4, 33        
нийслэл                         112, 141, 194, 204    22, 3, 5, 34        
хувийн хэвшлийн түншлэгч        115                   28                  
төсөл                           115                   24                  
хуулийн этгээд                  116, 131, 175, 227    25, 14, 8, 5        
соёлын өв                       117                   2                   
хяналт тавих                    126, 131, 150, 158    19, 5, 8, 8         
                                221, 222, 223, 224    3, 3, 10, 25        
шуудан                          131                   9                   
хөдөлгөөн                       134                   15                  
хөгжлийн бэрхшээлтэй иргэн      138                   6                   
аж ахуйн нэгж                   138, 210              16, 14              
ахмад                           138                   5                   
баталгаажуулах                  139                   12                  
төрийн байгууллага              144, 145, 185, 190    5, 5, 16, 13        
                                206                   10                  
хариуцагч                       163                   3                   
дүгнэлт                         163                   15                  
олон улсын байгууллага          164, 177, 211         7, 9, 7             
сайн дурын ажил                 165                   2                   
цэргийн алба                    168                   11                  
нэгж                            172                   4                   
мэдээллийн сан                  174, 180              3, 5                
улсын бүртгэл                   180                   18                  
нэг цэгийн үйлчилгээ            181                   12                  
холбоо                          187                   10                  
зуучлагч                        187                   11                  
санал                           188                   24                  
орон нутгийн төсөв              193                   7                   
залуучуудын хөгжлийн үндэсний зөвлөл  204                   18                  
зөвлөх                          209                   16                  
шинжээч                         226                   10                  
