File: MNCLW00198.txt
Search Method: Trie (MWE + Single-Word)
Total runtime: 0.033630s
Found terms: 1778

Term                            Line                  Word Place          

замын хөдөлгөөний аюулгүй байдал  8, 9, 39, 40          1, 1, 1, 1          
                                47, 57, 60, 70        5, 14, 3, 4         
                                115, 120, 123, 167    4, 2, 25, 5         
                                181, 183, 230, 231    7, 4, 1, 1          
                                233, 234, 235, 236    11, 12, 10, 9       
                                245, 246, 251, 255    34, 25, 9, 15       
                                263, 466, 467, 478    14, 9, 9, 7         
                                479, 484, 485, 496    7, 14, 14, 26       
                                497, 498, 499, 500    26, 9, 9, 30        
                                501                   30                  
нийтлэх                         13, 14, 71            1, 1, 16            
замын хөдөлгөөний аюулгүй байдлыг хангах  16, 42, 83, 98        9, 5, 9, 4          
                                99, 108, 124, 176     11, 4, 4, 10        
                                182, 232, 237, 250    14, 12, 7, 6        
                                257                   9                   
монгол улсын нутаг дэвсгэр      16, 211, 215, 216     5, 8, 25, 17        
аюул                            17, 18, 29, 30        5, 3, 3, 3          
                                43, 44, 45, 48        3, 3, 3, 3          
                                49, 50, 52, 53        3, 3, 3, 3          
                                54, 55, 56, 57        3, 3, 5, 3          
                                63, 64, 65, 66        3, 3, 3, 3          
                                67, 68, 69, 71        3, 3, 3, 4          
                                74, 75, 76, 77        3, 3, 5, 3          
                                78, 79, 96, 102       3, 3, 3, 3          
                                104, 110, 116, 122    3, 3, 3, 19         
                                131, 132, 134, 145    5, 3, 11, 3         
                                147, 148, 161, 161    3, 5, 3, 22         
                                164, 168, 169, 170    3, 5, 3, 16         
                                172, 175, 177, 180    3, 3, 3, 3          
                                243, 245, 246, 247    6, 17, 8, 9         
                                248, 249, 258, 296    3, 4, 12, 5         
                                297, 298, 299, 300    5, 3, 3, 3          
                                301, 393, 394, 482    3, 6, 6, 3          
                                483, 488, 489, 504    3, 27, 27, 44       
                                505                   44                  
захиргаа                        18, 69, 75, 115       21, 9, 7, 12        
                                123, 125, 143, 143    18, 28, 21, 33      
                                143, 149, 195, 240    50, 6, 7, 24        
мөрдөгч                         19, 34, 115, 515      17, 8, 11, 12       
тодорхойлолт                    20, 70                6, 13               
хэрэглэгч                       21, 36, 80, 156       3, 53, 9, 9         
                                240, 265, 266, 283    15, 57, 9, 10       
                                284, 285, 285, 286    10, 8, 21, 8        
                                286, 287, 288, 289    21, 8, 8, 17        
                                290, 347, 348, 354    17, 7, 7, 9         
                                355, 356, 357, 364    9, 7, 7, 5          
                                365, 368, 369, 420    5, 11, 11, 9        
                                421, 422, 423, 480    9, 24, 24, 22       
                                481                   22                  
тоног төхөөрөмж                 22, 244, 245, 246     7, 10, 24, 15       
                                247, 249              16, 10              
хүн                             22, 24, 24, 25        4, 7, 19, 16        
                                26, 27, 32, 32        12, 11, 14, 20      
                                32, 136, 138, 138     34, 16, 8, 27       
                                149, 150, 151, 152    14, 5, 5, 5         
                                153, 155, 156, 174    5, 40, 18, 5        
                                179, 265, 274, 382    17, 11, 4, 15       
                                383, 407, 407, 408    15, 25, 33, 25      
                                408, 410, 411, 447    33, 6, 6, 5         
                                448, 452, 453         5, 5, 5             
ачаа                            22, 26, 27, 265       5, 13, 25, 34       
                                454, 455              8, 8                
зам                             22, 24, 25, 25        9, 13, 17, 20       
                                26, 27, 27, 28        6, 5, 20, 5         
                                32, 32, 32, 34        4, 7, 32, 9         
                                34, 36, 37, 71        13, 33, 6, 2        
                                89, 89, 121, 122      15, 51, 11, 4       
                                123, 125, 134, 134    9, 19, 9, 14        
                                137, 138, 155, 161    15, 4, 36, 20       
                                170, 175, 178, 179    7, 16, 8, 18        
                                186, 200, 210, 240    2, 21, 8, 7         
                                245, 258, 264, 265    5, 10, 11, 38       
                                265, 268, 268, 307    58, 9, 13, 2        
                                308, 312, 313, 314    2, 11, 11, 15       
                                315, 319, 320, 321    15, 19, 19, 10      
                                322, 323, 324, 328    10, 8, 8, 14        
                                329, 330, 331, 332    14, 28, 28, 13      
                                333, 339, 340, 361    13, 10, 10, 11      
                                362, 373, 374, 382    11, 11, 11, 8       
                                382, 383, 383, 407    16, 8, 16, 29       
                                407, 408, 408, 412    34, 29, 34, 3       
                                412, 413, 413, 415    20, 3, 20, 4        
                                416, 417, 417, 417    4, 2, 8, 20         
                                418, 418, 418, 430    2, 8, 20, 4         
                                431, 432, 433, 459    4, 6, 6, 2          
                                460, 463, 464, 474    2, 9, 9, 3          
                                475, 476, 477, 486    3, 4, 4, 2          
                                487, 488, 488, 488    2, 5, 14, 83        
                                489, 489, 489, 494    5, 14, 83, 2        
                                495, 496, 496, 497    2, 3, 6, 3          
                                497, 500, 501, 502    6, 3, 3, 13         
                                503, 504, 504, 504    13, 11, 16, 35      
                                504, 505, 505, 505    42, 11, 16, 35      
                                505, 506, 507         42, 4, 4            
тээврийн хэрэгсэл               23, 23, 24, 25        2, 9, 3, 3          
                                26, 27, 27, 36        10, 7, 17, 10       
                                36, 36, 36, 37        21, 39, 48, 3       
                                78, 89, 89, 109       12, 38, 45, 5       
                                109, 112, 125, 141    9, 6, 23, 11        
                                155, 175, 182, 188    22, 13, 5, 1        
                                189, 203, 205, 206    1, 3, 3, 2          
                                215, 218, 220, 224    36, 3, 4, 3         
                                226, 228, 245, 246    4, 7, 13, 4         
                                247, 248, 251, 255    5, 19, 5, 11        
                                256, 256, 258, 263    4, 13, 8, 10        
                                265, 267, 268, 278    47, 7, 7, 12        
                                278, 279, 279, 280    18, 12, 18, 14      
                                281, 283, 284, 285    14, 12, 12, 10      
                                285, 286, 286, 287    29, 10, 29, 10      
                                288, 289, 290, 293    10, 19, 19, 13      
                                294, 296, 297, 298    13, 13, 13, 11      
                                299, 303, 304, 305    11, 8, 8, 7         
                                306, 307, 308, 310    7, 9, 9, 10         
                                311, 312, 313, 314    10, 9, 9, 13        
                                315, 317, 318, 319    13, 7, 7, 16        
                                320, 321, 322, 323    16, 8, 8, 6         
                                324, 326, 327, 328    6, 5, 5, 11         
                                329, 330, 331, 332    11, 25, 25, 10      
                                333, 366, 367, 382    10, 5, 5, 6         
                                382, 383, 383, 384    22, 6, 22, 23       
                                385, 389, 390, 391    23, 6, 6, 6         
                                391, 392, 392, 405    30, 6, 30, 12       
                                406, 407, 407, 408    12, 6, 18, 6        
                                408, 417, 418, 422    18, 17, 17, 6       
                                422, 423, 423, 442    18, 6, 18, 5        
                                443, 461, 462, 480    5, 2, 2, 24         
                                481, 482, 483, 488    24, 11, 11, 81      
                                489                   81                  
багш                            24, 208, 208, 437     12, 2, 7, 7         
                                438                   7                   
зорчих хэсэг                    25, 407, 408, 488     9, 8, 8, 6          
                                488, 489, 489         34, 6, 34           
газар                           25, 35, 46, 47        8, 5, 6, 4          
                                60, 86, 89, 155       13, 16, 36, 50      
                                156, 192, 193, 208    30, 16, 22, 16      
                                208, 228, 236, 261    33, 18, 22, 12      
                                266, 377, 378, 400    16, 7, 7, 8         
                                401, 488, 489         8, 38, 38           
тусгаарлах                      25                    18                  
үйл ажиллагаа                   26, 30, 31, 53        15, 18, 12, 9       
                                57, 65, 89, 121       6, 13, 31, 4        
                                182, 191, 193, 195    8, 11, 5, 15        
                                197, 198, 199, 260    9, 5, 7, 7          
                                262, 488, 488, 489    7, 29, 61, 29       
                                489, 500, 501         61, 36, 36          
хөдөлгөөн                       26, 37, 86, 89        2, 5, 2, 2          
                                122, 133, 237, 238    8, 12, 4, 2         
                                239, 240, 359, 360    2, 2, 4, 4          
                                393, 394, 492, 493    16, 16, 4, 4        
                                494, 495, 504, 505    7, 7, 19, 19        
                                508, 509              4, 4                
эрүүл мэнд                      27, 138               14, 2               
замын байгууламж                27, 89, 122, 123      21, 16, 5, 2        
                                134, 134, 232, 233    2, 15, 4, 2         
                                234, 235, 236, 486    2, 2, 2, 3          
                                487, 488, 488, 489    3, 15, 73, 15       
                                489, 498, 499         73, 2, 2            
эд хөрөнгө                      27                    28                  
осол                            27, 30, 105, 106      3, 12, 3, 3         
                                118, 137, 146, 165    3, 3, 3, 3          
                                166, 368, 368, 369    3, 5, 8, 5          
                                369, 488, 489         8, 26, 26           
хохирогч                        27, 166               16, 6               
тээврийн хэрэгслээр зорчигч     28                    9                   
оролцогч                        28, 76, 160, 162      3, 3, 5, 3          
                                167                   3                   
жолооч                          28, 136, 138, 139     8, 8, 15, 17        
                                146, 154, 154, 155    12, 3, 5, 6         
                                190, 192, 194, 196    5, 3, 3, 3          
                                197, 199, 199, 200    3, 3, 21, 3         
                                216, 342, 343, 344    10, 7, 7, 5         
                                345, 351, 352, 373    5, 3, 3, 5          
                                374, 375, 376, 377    5, 5, 5, 5          
                                378, 384, 385, 389    5, 6, 6, 5          
                                390, 391, 392, 398    5, 5, 5, 8          
                                399, 400, 401, 405    8, 9, 9, 5          
                                406, 407, 408, 422    5, 5, 5, 5          
                                423, 427, 428, 452    5, 5, 5, 17         
                                453, 484, 485         17, 11, 11          
замын хөдөлгөөнд оролцогч       29, 36, 161, 181      6, 15, 17, 4        
                                242, 466, 467, 488    23, 5, 5, 23        
                                489, 496, 497         23, 20, 20          
замын хөдөлгөөнд оролцогчид     29, 36, 161, 181      6, 15, 17, 4        
                                242, 466, 467, 488    23, 5, 5, 23        
                                489, 496, 497         23, 20, 20          
зам тээврийн осол               29, 30, 89, 137       9, 7, 33, 9         
                                138, 149, 156, 496    20, 9, 11, 33       
                                497, 498, 498, 499    33, 16, 23, 16      
                                499, 502, 502, 503    23, 20, 28, 20      
                                503, 504, 505, 506    28, 60, 60, 10      
                                506, 507, 507         18, 10, 18          
урьдчилан сэргийлэх             30, 105, 106, 118     10, 5, 5, 6         
                                149                   12                  
хангагч                         30, 43, 48, 49        5, 5, 10, 5         
                                50, 53, 54, 57        5, 12, 5, 5         
                                60, 63, 65, 66        27, 5, 5, 5         
                                76, 79, 152, 153      8, 5, 18, 21        
                                169, 172, 175, 180    5, 5, 5, 5          
                                185, 186, 195, 202    6, 18, 24, 3        
                                245, 246, 251, 258    40, 31, 15, 16      
                                265, 296, 297, 298    6, 7, 7, 5          
                                299, 300, 301, 482    5, 5, 5, 5          
                                483                   5                   
замын хөдөлгөөн                 31, 36, 76, 79        6, 29, 10, 7        
                                89, 242, 490, 491     18, 6, 7, 7         
зохиогч                         31, 55, 195, 237      3, 9, 17, 5         
                                242, 243, 484, 485    3, 3, 20, 20        
үүрэг гүйцэтгэгч                32                    10                  
зорчигч                         32, 349, 350, 351     2, 9, 9, 6          
                                352, 474, 475, 476    6, 2, 2, 2          
                                477, 488, 489         2, 84, 84           
ажил                            32, 61, 63, 65        9, 5, 14, 25        
                                66, 108, 115, 120     12, 9, 20, 11       
                                123, 124, 170, 176    14, 9, 23, 7        
                                183, 195, 207, 233    2, 32, 11, 10       
                                234, 236, 238, 242    10, 8, 5, 16        
                                265, 484, 485         46, 12, 12          
жагсаал                         32, 382, 383          15, 25, 25          
журам                           33, 34, 36, 36        6, 12, 25, 54       
                                63, 86, 88, 89        11, 10, 5, 6        
                                90, 91, 93, 145       6, 6, 5, 22         
                                147, 155, 155, 184    16, 11, 44, 8       
                                186, 191, 192, 193    15, 21, 5, 12       
                                208, 208, 225, 228    5, 22, 5, 12        
                                246, 260, 261, 266    38, 15, 7, 10       
                                268, 285, 286, 312    12, 24, 24, 4       
                                313, 314, 315, 347    4, 4, 4, 8          
                                348, 354, 355, 364    8, 10, 10, 6        
                                365, 366, 367, 368    6, 10, 10, 12       
                                369, 371, 372, 375    12, 8, 8, 12        
                                376, 380, 381, 396    12, 7, 7, 5         
                                397, 403, 404, 405    5, 7, 7, 18         
                                406, 407, 408, 410    18, 15, 15, 9       
                                411, 415, 416, 420    9, 7, 7, 10         
                                421, 422, 423, 425    10, 25, 25, 6       
                                426, 427, 428, 430    6, 9, 9, 6          
                                431, 432, 433, 435    6, 8, 8, 6          
                                436, 437, 438, 440    6, 10, 10, 6        
                                441, 442, 443, 445    6, 8, 8, 5          
                                446, 447, 448, 450    5, 7, 7, 5          
                                451, 452, 453, 454    5, 15, 15, 10       
                                455                   10                  
механикжсан тээврийн хэрэгсэл   36, 133, 138, 202     4, 6, 12, 5         
                                213, 216, 254         14, 21, 7           
стандарт                        36, 69, 194, 194      27, 11, 7, 12       
                                196, 196, 196, 234    7, 12, 14, 22       
                                239, 240, 245, 246    16, 18, 33, 24      
                                252, 262, 267, 496    11, 16, 22, 15      
                                497, 498, 499, 504    15, 6, 6, 26        
                                505                   26                  
тэмдэглэл                       36, 123, 240, 457     35, 12, 9, 5        
                                458, 459, 460, 463    5, 4, 4, 12         
                                464, 492, 493, 496    12, 3, 3, 8         
                                497                   8                   
агуулах                         36                    38                  
тал                             37, 42, 45, 66        11, 10, 9, 6        
                                115, 150, 169, 170    8, 10, 6, 25        
                                172, 177, 180, 182    6, 9, 6, 19         
                                330, 331, 382, 383    19, 19, 12, 12      
                                420, 421, 422, 423    6, 6, 21, 21        
талууд                          37, 42, 45, 66        11, 10, 9, 6        
                                115, 150, 169, 170    8, 10, 6, 25        
                                172, 177, 180, 182    6, 9, 6, 19         
                                330, 331, 382, 383    19, 19, 12, 12      
                                420, 421, 422, 423    6, 6, 21, 21        
төрийн байгууллага              39, 40, 143, 165      6, 6, 65, 13        
шалгагч                         44, 80, 83, 84        10, 15, 7, 20       
                                86, 89, 108           5, 5, 16            
санал                           45, 122, 129          18, 26, 12          
дүгнэлт                         45, 70, 138, 197      19, 23, 19, 13      
                                220, 226, 245, 246    15, 15, 47, 44      
                                248                   17                  
байгууллага                     45, 73, 74, 77        22, 4, 7, 7         
                                122, 129, 141, 143    29, 11, 18, 23      
                                143, 143, 143, 149    35, 41, 52, 8       
                                152, 155, 164, 170    8, 20, 9, 4         
                                171, 177, 184, 186    10, 11, 5, 12       
                                194, 195, 207, 240    15, 9, 13, 26       
                                240, 242, 245, 248    30, 22, 46, 11      
                                265, 488, 489, 498    7, 3, 3, 35         
                                499, 502, 503, 504    35, 38, 38, 7       
                                505                   7                   
хөтөлбөр                        49, 50, 54, 63        8, 8, 7, 8          
                                68, 118, 150, 192     16, 9, 15, 7        
захиргааны байгууллага          53, 143, 234, 238     7, 11, 32, 15       
                                241                   13                  
төсөл                           54, 63, 239           6, 12, 7            
зөвлөл                          55, 56, 57, 57        6, 8, 19, 22        
                                58, 59, 60, 61        2, 2, 2, 2          
                                62, 145               2, 24               
зохион байгуулагч               57, 63, 64, 65        11, 15, 15, 26      
                                79, 89, 115, 120      9, 20, 21, 12       
                                149, 183, 198, 199    23, 10, 7, 17       
                                238, 239, 240, 490    3, 3, 3, 9          
                                491                   9                   
ажилгүй                         59, 488, 489          6, 19, 19           
төрийн бус байгууллага          60, 64, 195           20, 8, 28           
мэргэжлийн холбоо               60                    18                  
гишүүн                          60, 86, 155, 156      14, 17, 51, 31      
                                192, 193, 208, 208    17, 23, 17, 34      
                                215, 216, 228, 236    6, 6, 19, 23        
                                261, 266              13, 17              
удирдлага                       60, 195               23, 22              
дүрэм                           63, 184, 186, 234     10, 7, 14, 21       
                                239, 245, 246, 259    15, 32, 23, 11      
                                504, 505              25, 25              
иргэн                           64, 93, 94, 96        11, 20, 7, 10       
                                102, 121, 122, 124    10, 10, 25, 11      
                                147, 150, 154, 158    9, 11, 9, 1         
                                159, 168, 169, 172    1, 8, 7, 7          
                                200, 202, 213, 223    8, 4, 7, 8          
                                312, 313, 314, 315    15, 15, 18, 18      
                                319, 320, 321, 322    27, 27, 14, 14      
                                323, 324, 461, 462    12, 12, 16, 16      
                                468, 469, 470, 471    11, 11, 13, 13      
                                472, 473, 480, 481    11, 11, 29, 29      
                                482, 483, 486, 487    14, 14, 11, 11      
                                488, 489, 490, 491    89, 89, 14, 14      
                                492, 493, 496, 497    18, 18, 41, 41      
                                508, 509              21, 21              
замын хөдөлгөөний зохион байгуулалт  65, 122, 241          6, 15, 16           
хяналт тавих                    65, 68, 71, 75        30, 19, 22, 12      
                                89, 122, 123, 192     26, 21, 33, 21      
                                234                   34                  
технологи                       65, 239               21, 31              
мэдээлэл                        65, 70, 71, 93        22, 10, 10, 19      
                                133, 134, 135, 135    17, 22, 9, 11       
                                136, 137, 138, 139    21, 22, 30, 22      
                                140, 141, 145, 147    16, 25, 16, 19      
                                170, 242, 496, 497    26, 34, 24, 24      
зөвлөмж                         66, 69                10, 12              
мэдээллийн нэгдсэн сан          67, 131, 132, 145     6, 8, 6, 6          
                                147                   6                   
тайлан                          67                    15                  
мэдээ                           67                    16                  
шийдвэр                         69, 109               10, 16              
тайлбар                         70                    12                  
төлбөр                          70, 71, 109, 139      18, 15, 18, 12      
мэргэжил                        70, 83, 185, 186      22, 14, 2, 5        
гүйцэтгэгч                      74, 90, 91, 207       10, 10, 10, 15      
                                238, 242, 400, 401    18, 17, 15, 15      
мансууруулах эм, сэтгэцэд нөлөөт бодис  80, 156, 283, 284     4, 4, 5, 5          
                                285, 285, 286, 286    3, 16, 3, 16        
                                287, 288, 289, 290    3, 3, 12, 12        
                                480, 481              17, 17              
согтууруулах ундаа              80, 156, 285, 286     2, 2, 14, 14        
                                289, 290, 480, 481    10, 10, 15, 15      
цэргийн техник                  83                    5                   
тээврийн хэрэгслийн жолооч      84, 191, 191, 195     4, 2, 13, 11        
                                339, 340, 349, 350    7, 7, 5, 5          
хяналтын төхөөрөмж              84, 141, 141          16, 8, 14           
мэдээллийн сан                  90, 91, 133, 134      17, 17, 4, 7        
                                135, 136, 137, 138    3, 6, 7, 10         
                                139, 140, 141, 146    3, 10, 6, 7         
торгууль                        90, 90, 90, 91        4, 7, 13, 4         
                                91, 91                7, 13               
сум                             94, 96, 102, 110      4, 7, 7, 7          
                                116                   7                   
нийслэл                         94, 96, 102, 110      5, 8, 8, 8          
                                116, 125              8, 8                
ажилтан                         99, 337, 338, 504     10, 6, 6, 8         
                                505                   8                   
орон нутгийн төсөв              104                   9                   
үйлчилгээ                       112, 113, 141, 149    5, 18, 17, 22       
                                152, 170, 176, 238    11, 24, 8, 6        
                                257, 258, 259, 260    6, 5, 4, 4          
                                260, 261, 262, 263    12, 4, 4, 4         
                                265                   41                  
зогсоол                         112, 500, 501         10, 24, 24          
авто замын зурвас газар         113, 488, 489         13, 49, 49          
суурин газар                    113                   11                  
зөвшөөрөл                       113, 127, 129, 199    23, 8, 5, 10        
                                241, 488, 488, 489    15, 4, 67, 4        
                                489, 490, 491, 492    67, 4, 4, 9         
                                493, 494, 495         9, 4, 4             
хуулийн этгээд                  121, 147, 158, 159    8, 10, 2, 2         
                                168, 169, 172, 181    9, 8, 8, 2          
                                182, 255, 262, 263    12, 8, 11, 7        
                                274, 312, 313, 314    5, 27, 27, 30       
                                315, 319, 320, 321    30, 40, 40, 26      
                                322, 323, 324, 452    26, 28, 28, 27      
                                453, 454, 455, 461    27, 24, 24, 29      
                                462, 468, 468, 469    29, 2, 24, 2        
                                469, 470, 470, 471    24, 2, 26, 2        
                                471, 472, 472, 473    26, 2, 23, 2        
                                473, 480, 481, 482    23, 42, 42, 26      
                                483, 484, 485, 486    26, 33, 33, 23      
                                487, 488, 489, 490    23, 102, 102, 24    
                                491, 492, 493, 494    24, 30, 30, 23      
                                495, 496, 497, 498    23, 54, 54, 56      
                                499, 500, 501, 502    56, 60, 60, 56      
                                503, 504, 505, 506    56, 86, 86, 46      
                                507, 508, 509         46, 34, 34          
бүрэн бүтэн байдал              122                   12                  
гомдол                          122                   27                  
хариуцагч                       129, 143, 165, 207    9, 69, 15, 14       
                                236, 238, 502, 503    24, 17, 34, 34      
сан                             132, 143, 143, 143    12, 6, 15, 26       
                                143, 143, 143, 143    39, 44, 55, 61      
                                145, 145              12, 15              
улсын бүртгэл                   133                   9                   
ашиглалт                        133, 141, 254, 488    13, 20, 10, 58      
                                488, 489, 489, 504    76, 58, 76, 2       
                                505                   2                   
сургалтын байгууллага           136, 136, 194, 196    3, 10, 5, 5         
                                197, 199              5, 5                
хөдөлгөөний дүрэм               137, 474, 475, 476    16, 4, 4, 5         
                                477                   5                   
бараа                           138, 156              26, 17              
даатгалын гэрээ                 139                   5                   
даатгалын тохиолдол             139                   7                   
даатгагч                        139, 139              13, 18              
даатгуулагч                     139                   14                  
албан татвар                    140                   7                   
татварын бүртгэл                140                   14                  
зохицуулалт                     141, 186, 195         4, 11, 23           
санхүүгийн зохицуулах хороо     143                   56                  
авто зам                        143, 236, 238, 240    16, 17, 10, 19      
                                241, 488, 488, 488    8, 32, 56, 71       
                                489, 489, 489, 500    32, 56, 71, 17      
                                501                   17                  
мэргэжлийн боловсрол            143, 192, 193, 208    27, 8, 13, 10       
эмнэлгийн тусламж, үйлчилгээ    148                   9                   
эмнэлэг                         149, 150, 151, 152    19, 6, 6, 7         
                                153, 155, 155, 165    10, 19, 41, 5       
                                265                   13                  
эмнэлгийн яаралтай тусламж      153                   6                   
эмийн сан                       155                   31                  
эм                              155                   26                  
бүрдэл                          155                   34                  
заавар                          156                   21                  
монгол улсын олон улсын гэрээ   161                   10                  
хэлэлцээр                       161                   15                  
төлбөр авагч                    165                   18                  
этгээд                          165, 256, 276, 277    16, 19, 7, 7        
                                278, 279, 280, 281    5, 5, 13, 13        
                                283, 284, 285, 286    11, 11, 28, 28      
                                287, 288, 289, 290    9, 9, 9, 9          
                                300, 301, 307, 308    10, 10, 8, 8        
                                335, 336, 466, 467    5, 5, 8, 8          
                                480, 481, 482, 483    23, 23, 10, 10      
гэмт хэрэг                      177                   6                   
хуулийн этгээдийн оршин байгаа газар  178                   2                   
боловсролын байгууллага         179, 478, 479         7, 20, 20           
эрх бүхий этгээд                180                   7                   
стандартчилал                   194, 240              13, 28              
мэргэжлийн сургалт              195                   20                  
үнэлгээ                         197                   12                  
багц цаг                        200                   17                  
тохиолдол                       213, 218, 223, 224    21, 2, 6, 2         
                                241, 249, 278, 279    6, 14, 10, 10       
                                280, 281, 480, 481    9, 9, 9, 9          
                                492, 493, 498, 499    15, 15, 28, 28      
гадаадын иргэн                  215                   23                  
эрүүл мэндийн байгууллага       220, 226              12, 12              
аж ахуйн нэгж                   242, 498, 499, 502    19, 32, 32, 35      
                                503                   35                  
үйлдвэрлэгч                     244, 245              14, 11              
техникийн хяналтын үзлэг        246, 248, 249, 254    40, 13, 15, 14      
                                255, 310, 311, 314    3, 6, 6, 6          
                                315                   6                   
гэрчилгээ                       246, 249              46, 21              
үндэсний аюулгүй байдал         265                   3                   
үйлдвэрлэлийн осол              265                   19                  
техникийн хяналт                265                   35                  
хяналт шалгалт                  265                   42                  
мал                             265                   12                  
ус                              265                   16                  
суваг                           265                   17                  
холбоо                          265                   18                  
шинжээч                         273                   10                  
торгуул                         278, 279, 280, 281    31, 31, 28, 28      
                                285, 286, 287, 288    45, 45, 26, 26      
                                289, 290, 298, 299    36, 36, 27, 27      
                                300, 301, 305, 306    25, 25, 23, 23      
                                307, 308, 312, 313    24, 24, 38, 38      
                                314, 315, 319, 320    41, 41, 51, 51      
                                321, 322, 323, 323    40, 40, 22, 42      
                                324, 324, 328, 329    22, 42, 29, 29      
                                330, 331, 332, 333    44, 44, 28, 28      
                                337, 338, 339, 340    25, 25, 31, 31      
                                344, 345, 349, 350    24, 24, 25, 25      
                                351, 352, 356, 357    22, 22, 20, 20      
                                361, 362, 366, 367    26, 26, 24, 24      
                                368, 369, 373, 374    26, 26, 28, 28      
                                375, 376, 377, 378    26, 26, 26, 26      
                                382, 383, 384, 385    47, 47, 22, 22      
                                389, 390, 391, 392    28, 28, 29, 29      
                                393, 394, 398, 399    33, 33, 23, 23      
                                400, 401, 405, 406    29, 29, 32, 32      
                                407, 408, 412, 413    54, 54, 35, 35      
                                417, 418, 422, 423    36, 36, 39, 39      
                                427, 428, 432, 433    23, 23, 22, 22      
                                437, 438, 442, 443    25, 25, 23, 23      
                                447, 448, 452, 453    21, 21, 41, 41      
                                454, 455, 459, 460    38, 38, 26, 26      
                                461, 462, 463, 464    40, 40, 27, 27      
                                468, 468, 469, 469    23, 35, 23, 35      
                                470, 471, 472, 473    40, 40, 37, 37      
                                474, 475, 476, 477    19, 19, 21, 21      
                                478, 479, 480, 481    34, 34, 56, 56      
                                482, 483, 484, 485    40, 40, 47, 47      
                                486, 487, 488, 489    34, 34, 116, 116    
                                490, 491, 492, 493    38, 38, 44, 44      
                                494, 495, 496, 497    37, 37, 68, 68      
                                498, 499, 500, 501    70, 70, 74, 74      
                                502, 503, 504, 505    70, 70, 100, 100    
                                506, 507, 508, 509    60, 60, 48, 48      
хураагч                         319, 320, 492, 493    26, 26, 13, 13      
нуун далдлагч                   321, 322              6, 6                
систем                          330, 331              3, 3                
зөрчиж гүйцэтгэх                398, 399              9, 9                
саад учруулсан                  407, 407, 408, 408    21, 40, 21, 40      
тээвэрлэгч                      445, 446, 447, 448    4, 4, 6, 6          
                                450, 451, 452, 453    4, 4, 14, 14        
                                454, 455              9, 9                
аюултай ачаа                    452, 453              12, 12              
овор                            452, 453, 488, 489    7, 7, 79, 79        
хяналт тавих зурвас газар       488, 489              10, 10              
бохир ус                        488, 489              40, 40              
инженерийн шугам сүлжээ         500, 501              9, 9                
орц                             500, 501              21, 21              
төмөр замын гарам               504, 505              12, 12              
даруй                           504, 505              50, 50              
холбогдох этгээд                506, 507              24, 24              
