File: MNCLW00231.txt
Search Method: Trie (MWE + Single-Word)
Total runtime: 0.058454s
Found terms: 3116

Term                            Line                  Word Place          

захиргаа                        6, 7, 14, 15          1, 1, 41, 4         
                                16, 17, 21, 22        14, 14, 4, 5        
                                23, 23, 24, 24        6, 46, 6, 11        
                                25, 25, 26, 26        4, 18, 3, 9         
                                27, 28, 31, 73        4, 3, 11, 4         
                                81, 83, 87, 88        4, 9, 4, 10         
                                88, 91, 94, 94        23, 16, 7, 20       
                                95, 97, 98, 100       31, 4, 10, 10       
                                101, 101, 102, 103    9, 18, 9, 4         
                                104, 105, 107, 113    12, 12, 4, 8        
                                116, 124, 174, 179    6, 2, 7, 19         
                                189, 244, 247, 382    3, 11, 19, 2        
                                392, 393, 398, 400    3, 11, 4, 3         
                                407, 420, 422, 435    2, 4, 4, 7          
                                445, 451, 461, 470    36, 3, 13, 4        
                                475, 523, 572, 611    3, 2, 9, 27         
                                700, 701, 702, 758    4, 3, 3, 9          
                                758, 792, 936, 937    15, 10, 9, 9        
                                943, 944, 945, 946    12, 12, 35, 35      
                                947, 948, 951, 951    16, 16, 6, 18       
                                952, 952, 953, 955    6, 18, 9, 6         
                                956, 971, 972, 982    6, 6, 6, 12         
нийтлэх                         11, 12                1, 1                
нийтийн ашиг сонирхол           14, 23, 29, 95        26, 23, 4, 16       
                                120, 710, 831         6, 7, 23            
эрх бүхий этгээд                14, 23, 29, 31        30, 27, 8, 6        
                                95, 120, 818          20, 10, 13          
хуулийн этгээд                  14, 23, 34, 80        6, 4, 39, 13        
                                95, 118, 119, 173     14, 6, 7, 20        
                                176, 178, 181, 287    9, 28, 7, 3         
                                383, 397, 412, 444    13, 15, 6, 17       
                                459, 460, 473, 707    14, 2, 5, 9         
                                814, 818              17, 7               
захиргааны байгууллага          14, 14, 23, 80        8, 36, 34, 11       
                                89, 89, 90, 90        3, 12, 2, 7         
                                90, 91, 91, 93        16, 3, 12, 3        
                                93, 98, 115, 118      12, 5, 8, 8         
                                173, 176, 393, 704    29, 11, 5, 31       
                                711, 718, 726         23, 2, 11           
үйл ажиллагаа                   14, 22, 22, 23        12, 2, 12, 9        
                                41, 83, 96, 122       12, 6, 4, 9         
                                174, 191, 230, 288    5, 10, 2, 11        
                                393, 707, 710, 717    14, 5, 4, 2         
                                736                   3                   
хүн                             14, 23, 34, 57        5, 3, 14, 12        
                                58, 80, 95, 118       12, 17, 13, 5       
                                125, 126, 173, 176    31, 5, 13, 8        
                                177, 203, 230, 245    5, 11, 10, 15       
                                271, 280, 308, 319    10, 2, 12, 17       
                                320, 321, 397, 412    9, 14, 14, 3        
                                445, 445, 447, 477    6, 22, 40, 3        
                                553, 554, 578, 580    11, 11, 6, 16       
                                679, 680, 707         9, 9, 8             
нэхэмжлэл                       14, 85, 86, 87        39, 2, 2, 7         
                                88, 91, 92, 93        29, 31, 22, 22      
                                114, 120, 129, 145    5, 27, 9, 5         
                                145, 151, 155, 158    12, 4, 2, 7         
                                158, 159, 160, 169    16, 4, 9, 4         
                                246, 353, 353, 357    8, 5, 10, 2         
                                358, 358, 360, 367    2, 12, 8, 2         
                                371, 372, 372, 373    7, 2, 11, 7         
                                377, 378, 379, 379    1, 1, 4, 6          
                                391, 392, 393, 394    5, 23, 3, 8         
                                395, 396, 397, 398    4, 5, 12, 9         
                                399, 400, 400, 401    4, 15, 23, 2        
                                403, 403, 404, 405    7, 12, 4, 4         
                                410, 410, 411, 414    6, 10, 11, 17       
                                414, 421, 421, 424    30, 10, 14, 4       
                                431, 432, 433, 433    4, 13, 2, 13        
                                434, 435, 436, 437    5, 21, 3, 2         
                                437, 452, 486, 487    5, 14, 4, 10        
                                488, 488, 489, 489    2, 10, 2, 11        
                                490, 490, 491, 492    8, 18, 5, 2         
                                494, 518, 567, 640    6, 4, 7, 24         
                                663, 663, 703, 709    2, 7, 5, 4          
                                716, 723, 725, 725    2, 3, 16, 19        
                                725, 738, 738, 739    28, 21, 24, 21      
                                747, 748, 780, 796    19, 19, 8, 4        
                                797, 824, 824, 835    4, 33, 36, 3        
                                849, 850, 851, 861    9, 10, 10, 2        
                                866, 890, 922, 922    8, 10, 7, 11        
                                965, 966              8, 8                
тодорхойлолт                    19, 223               7, 16               
хэрэглэгч                       20, 65, 66, 67        3, 5, 17, 4         
                                69, 70, 408, 478      13, 25, 18, 4       
                                479, 718, 724, 846    4, 11, 40, 11       
                                853, 859, 859, 880    27, 2, 9, 9         
                                881, 884, 885         9, 11, 11           
байгууллага                     21, 21, 94, 96        2, 11, 2, 2         
                                119, 121, 174, 178    10, 5, 2, 16        
                                181, 189, 205, 245    10, 2, 11, 12       
                                253, 253, 275, 287    18, 23, 15, 2       
                                299, 299, 328, 343    20, 22, 10, 13      
                                395, 398, 449, 461    2, 2, 8, 15         
                                683, 707, 709, 798    28, 2, 2, 9         
                                818, 818, 982, 1018   11, 21, 15, 29      
                                1019, 1020, 1021      29, 12, 12          
шүүхийн шийдвэр                 24, 31, 73, 74        3, 23, 6, 3         
                                75, 80, 144, 167      3, 3, 5, 15         
                                200, 259, 260, 299    3, 4, 18, 17        
                                300, 328, 362, 369    5, 7, 13, 17        
                                411, 500, 537, 567    22, 17, 3, 17       
                                580, 624, 630, 631    8, 54, 6, 6         
                                697, 720, 722, 724    4, 4, 3, 27         
                                728, 729, 732, 734    4, 4, 22, 30        
                                734, 735, 740, 741    36, 11, 4, 3        
                                787, 788, 789, 803    7, 10, 5, 12        
                                832, 850, 851, 857    8, 6, 3, 8          
                                858, 861, 882, 883    17, 19, 9, 9        
                                924, 925, 927, 928    10, 10, 19, 19      
                                945, 946, 974, 976    3, 3, 3, 6          
                                977, 978, 979, 983    6, 9, 4, 10         
                                986, 989, 992, 1000   16, 6, 6, 1         
                                1001, 1002, 1003, 1004  1, 4, 6, 4          
                                1005, 1020, 1021      6, 24, 24           
шийдвэр                         24, 25, 26, 27        16, 23, 14, 14      
                                28, 31, 88, 89        18, 9, 20, 15       
                                90, 92, 93, 98        19, 15, 16, 3       
                                134, 135, 143, 198    2, 2, 2, 2          
                                222, 289, 362, 460    2, 2, 4, 10         
                                461, 578, 581, 615    18, 16, 18, 4       
                                616, 617, 695, 698    13, 13, 10, 4       
                                700, 704, 715, 716    11, 5, 2, 13        
                                719, 721, 725, 725    2, 2, 64, 69        
                                726, 728, 730, 731    5, 7, 2, 2          
                                731, 734, 736, 737    10, 11, 21, 7       
                                750, 763, 798, 804    7, 5, 7, 4          
                                815, 816, 837, 838    4, 2, 24, 18        
                                844, 848, 852, 853    18, 16, 2, 41       
                                854, 859, 860, 872    15, 11, 2, 7        
                                898, 899, 901, 902    12, 12, 16, 16      
                                915, 915, 916, 916    18, 24, 18, 24      
                                921, 930, 931, 947    9, 6, 6, 23         
                                948, 953, 961, 962    23, 14, 10, 10      
                                963, 964, 971, 972    10, 10, 14, 14      
                                974, 980, 981, 982    17, 2, 2, 2         
                                982, 982, 984, 985    10, 16, 4, 2        
                                985, 986, 991, 994    24, 2, 2, 22        
                                996, 997, 998, 998    11, 5, 2, 17        
                                1003, 1005, 1018, 1019  2, 2, 2, 2          
тогтоол                         25, 31, 48, 472       2, 18, 48, 10       
                                584, 603, 743, 744    21, 8, 34, 34       
                                746, 750, 752, 785    21, 21, 16, 44      
                                823, 824, 868, 872    33, 24, 23, 5       
                                889, 895, 896, 898    33, 30, 30, 19      
                                899, 901, 901, 902    19, 6, 14, 6        
                                902, 908, 909, 918    14, 5, 5, 9         
                                924, 925, 927, 927    23, 23, 10, 30      
                                928, 928, 930, 930    10, 30, 3, 9        
                                931, 931, 933, 934    3, 9, 5, 5          
                                939, 940, 955, 956    10, 10, 16, 16      
                                957, 958, 959, 960    3, 3, 3, 3          
                                961, 962, 965, 966    2, 2, 3, 3          
                                967, 968, 971, 972    3, 3, 11, 11        
                                973, 974, 979, 995    9, 7, 20, 13        
шүүх                            25, 35, 35, 35        11, 4, 7, 9         
                                36, 37, 42, 43        7, 9, 6, 4          
                                44, 55, 56, 57        3, 4, 4, 26         
                                58, 60, 61, 62        26, 14, 12, 4       
                                63, 64, 64, 67        4, 2, 4, 19         
                                67, 68, 69, 82        20, 3, 19, 3        
                                95, 102, 103, 107     37, 3, 3, 13        
                                119, 130, 131, 132    11, 19, 17, 2       
                                132, 140, 155, 162    4, 6, 32, 9         
                                163, 164, 169, 170    10, 10, 12, 6       
                                173, 205, 221, 221    34, 22, 2, 4        
                                233, 238, 239, 240    9, 12, 43, 2        
                                240, 241, 241, 244    24, 2, 24, 13       
                                245, 249, 265, 278    3, 3, 5, 4          
                                285, 286, 306, 313    20, 19, 11, 3       
                                314, 315, 318, 318    7, 8, 2, 5          
                                356, 365, 368, 373    10, 25, 17, 6       
                                400, 402, 403, 414    5, 14, 13, 10       
                                423, 432, 435, 439    3, 12, 16, 14       
                                439, 440, 442, 443    16, 6, 6, 5         
                                448, 451, 454, 465    21, 24, 12, 14      
                                467, 472, 472, 482    14, 7, 9, 9         
                                488, 488, 492, 497    7, 14, 22, 20       
                                516, 517, 517, 520    13, 4, 8, 1         
                                520, 521, 521, 522    5, 1, 5, 4          
                                523, 523, 524, 525    4, 27, 3, 4         
                                525, 525, 526, 526    5, 7, 4, 5          
                                526, 527, 527, 527    7, 4, 5, 8          
                                527, 527, 528, 528    15, 16, 4, 22       
                                529, 530, 535, 536    2, 25, 4, 3         
                                539, 540, 542, 544    5, 7, 6, 6          
                                544, 545, 545, 556    10, 6, 10, 4        
                                557, 558, 559, 559    18, 4, 11, 16       
                                559, 559, 562, 563    30, 31, 15, 4       
                                564, 564, 564, 564    7, 12, 16, 17       
                                564, 564, 566, 567    20, 25, 18, 12      
                                571, 572, 573, 573    4, 12, 15, 20       
                                573, 574, 575, 576    27, 4, 8, 29        
                                577, 580, 581, 582    4, 2, 19, 7         
                                582, 584, 584, 584    16, 8, 18, 20       
                                588, 590, 592, 594    4, 12, 12, 10       
                                596, 598, 598, 598    11, 9, 15, 20       
                                598, 602, 602, 603    29, 6, 12, 4        
                                603, 605, 605, 606    6, 9, 17, 6         
                                606, 606, 607, 610    18, 19, 2, 2        
                                610, 610, 611, 611    11, 12, 9, 35       
                                613, 614, 616, 617    19, 6, 3, 3         
                                622, 623, 624, 624    3, 4, 11, 12        
                                624, 624, 626, 626    42, 43, 14, 17      
                                627, 627, 628, 628    6, 15, 8, 9         
                                628, 632, 633, 634    27, 4, 4, 4         
                                635, 637, 638, 639    10, 11, 7, 9        
                                639, 640, 641, 641    15, 12, 10, 24      
                                642, 642, 643, 643    21, 43, 10, 15      
                                644, 644, 644, 648    13, 22, 34, 5       
                                649, 650, 651, 651    7, 4, 4, 10         
                                658, 658, 658, 659    24, 25, 34, 11      
                                659, 660, 662, 663    20, 11, 4, 16       
                                665, 667, 671, 672    9, 11, 5, 14        
                                672, 672, 672, 674    20, 31, 37, 5       
                                674, 674, 675, 678    15, 24, 8, 25       
                                679, 679, 680, 680    32, 50, 32, 50      
                                683, 685, 686, 690    8, 3, 2, 6          
                                692, 693, 694, 695    24, 4, 4, 4         
                                695, 696, 698, 700    8, 9, 3, 6          
                                715, 719, 719, 719    7, 3, 4, 10         
                                722, 722, 722, 724    8, 11, 12, 6        
                                729, 731, 731, 734    14, 24, 25, 10      
                                734, 738, 738, 738    35, 3, 17, 18       
                                739, 739, 739, 750    11, 15, 16, 18      
                                750, 751, 752, 752    20, 6, 18, 19       
                                769, 785, 788, 788    6, 14, 20, 21       
                                806, 807, 808, 820    7, 5, 32, 9         
                                822, 823, 823, 823    6, 6, 16, 19        
                                823, 824, 824, 824    32, 9, 14, 16       
                                824, 825, 826, 826    23, 4, 4, 20        
                                827, 827, 830, 830    5, 10, 7, 12        
                                831, 833, 833, 835    4, 7, 18, 30        
                                835, 835, 838, 840    46, 49, 7, 15       
                                840, 842, 844, 845    34, 22, 7, 7        
                                846, 846, 848, 853    3, 20, 7, 8         
                                853, 853, 854, 855    19, 35, 7, 3        
                                855, 857, 858, 860    9, 3, 12, 3         
                                860, 860, 860, 865    4, 10, 13, 22       
                                889, 889, 889, 891    17, 20, 32, 31      
                                893, 894, 895, 895    12, 4, 3, 19        
                                896, 896, 908, 909    3, 19, 2, 2         
                                912, 913, 913, 915    3, 6, 11, 25        
                                916, 924, 925, 927    25, 27, 27, 2       
                                928, 933, 934, 941    2, 3, 3, 15         
                                942, 943, 944, 945    15, 5, 5, 7         
                                945, 945, 946, 946    10, 19, 7, 10       
                                946, 947, 948, 949    19, 10, 10, 10      
                                950, 974, 974, 981    10, 19, 20, 10      
                                981, 989, 991, 992    11, 13, 18, 14      
                                992, 993, 995, 998    15, 4, 3, 11        
                                1010, 1011, 1018, 1019  11, 11, 12, 12      
шүүгч                           25, 35, 35, 35        11, 4, 7, 9         
                                36, 37, 42, 43        7, 9, 6, 4          
                                44, 55, 56, 57        3, 4, 4, 26         
                                58, 60, 61, 62        26, 14, 12, 4       
                                63, 64, 64, 67        4, 2, 4, 19         
                                67, 68, 69, 82        20, 3, 19, 3        
                                95, 102, 103, 107     37, 3, 3, 13        
                                119, 130, 131, 132    11, 19, 17, 2       
                                132, 140, 155, 162    4, 6, 32, 9         
                                163, 164, 169, 170    10, 10, 12, 6       
                                173, 205, 221, 221    34, 22, 2, 4        
                                233, 238, 239, 240    9, 12, 43, 2        
                                240, 241, 241, 244    24, 2, 24, 13       
                                245, 249, 265, 278    3, 3, 5, 4          
                                285, 286, 306, 313    20, 19, 11, 3       
                                314, 315, 318, 318    7, 8, 2, 5          
                                356, 365, 368, 373    10, 25, 17, 6       
                                400, 402, 403, 414    5, 14, 13, 10       
                                423, 432, 435, 439    3, 12, 16, 14       
                                439, 440, 442, 443    16, 6, 6, 5         
                                448, 451, 454, 465    21, 24, 12, 14      
                                467, 472, 472, 482    14, 7, 9, 9         
                                488, 488, 492, 497    7, 14, 22, 20       
                                516, 517, 517, 520    13, 4, 8, 1         
                                520, 521, 521, 522    5, 1, 5, 4          
                                523, 523, 524, 525    4, 27, 3, 4         
                                525, 525, 526, 526    5, 7, 4, 5          
                                526, 527, 527, 527    7, 4, 5, 8          
                                527, 527, 528, 528    15, 16, 4, 22       
                                529, 530, 535, 536    2, 25, 4, 3         
                                539, 540, 542, 544    5, 7, 6, 6          
                                544, 545, 545, 556    10, 6, 10, 4        
                                557, 558, 559, 559    18, 4, 11, 16       
                                559, 559, 562, 563    30, 31, 15, 4       
                                564, 564, 564, 564    7, 12, 16, 17       
                                564, 564, 566, 567    20, 25, 18, 12      
                                571, 572, 573, 573    4, 12, 15, 20       
                                573, 574, 575, 576    27, 4, 8, 29        
                                577, 580, 581, 582    4, 2, 19, 7         
                                582, 584, 584, 584    16, 8, 18, 20       
                                588, 590, 592, 594    4, 12, 12, 10       
                                596, 598, 598, 598    11, 9, 15, 20       
                                598, 602, 602, 603    29, 6, 12, 4        
                                603, 605, 605, 606    6, 9, 17, 6         
                                606, 606, 607, 610    18, 19, 2, 2        
                                610, 610, 611, 611    11, 12, 9, 35       
                                613, 614, 616, 617    19, 6, 3, 3         
                                622, 623, 624, 624    3, 4, 11, 12        
                                624, 624, 626, 626    42, 43, 14, 17      
                                627, 627, 628, 628    6, 15, 8, 9         
                                628, 632, 633, 634    27, 4, 4, 4         
                                635, 637, 638, 639    10, 11, 7, 9        
                                639, 640, 641, 641    15, 12, 10, 24      
                                642, 642, 643, 643    21, 43, 10, 15      
                                644, 644, 644, 648    13, 22, 34, 5       
                                649, 650, 651, 651    7, 4, 4, 10         
                                658, 658, 658, 659    24, 25, 34, 11      
                                659, 660, 662, 663    20, 11, 4, 16       
                                665, 667, 671, 672    9, 11, 5, 14        
                                672, 672, 672, 674    20, 31, 37, 5       
                                674, 674, 675, 678    15, 24, 8, 25       
                                679, 679, 680, 680    32, 50, 32, 50      
                                683, 685, 686, 690    8, 3, 2, 6          
                                692, 693, 694, 695    24, 4, 4, 4         
                                695, 696, 698, 700    8, 9, 3, 6          
                                715, 719, 719, 719    7, 3, 4, 10         
                                722, 722, 722, 724    8, 11, 12, 6        
                                729, 731, 731, 734    14, 24, 25, 10      
                                734, 738, 738, 738    35, 3, 17, 18       
                                739, 739, 739, 750    11, 15, 16, 18      
                                750, 751, 752, 752    20, 6, 18, 19       
                                769, 785, 788, 788    6, 14, 20, 21       
                                806, 807, 808, 820    7, 5, 32, 9         
                                822, 823, 823, 823    6, 6, 16, 19        
                                823, 824, 824, 824    32, 9, 14, 16       
                                824, 825, 826, 826    23, 4, 4, 20        
                                827, 827, 830, 830    5, 10, 7, 12        
                                831, 833, 833, 835    4, 7, 18, 30        
                                835, 835, 838, 840    46, 49, 7, 15       
                                840, 842, 844, 845    34, 22, 7, 7        
                                846, 846, 848, 853    3, 20, 7, 8         
                                853, 853, 854, 855    19, 35, 7, 3        
                                855, 857, 858, 860    9, 3, 12, 3         
                                860, 860, 860, 865    4, 10, 13, 22       
                                889, 889, 889, 891    17, 20, 32, 31      
                                893, 894, 895, 895    12, 4, 3, 19        
                                896, 896, 908, 909    3, 19, 2, 2         
                                912, 913, 913, 915    3, 6, 11, 25        
                                916, 924, 925, 927    25, 27, 27, 2       
                                928, 933, 934, 941    2, 3, 3, 15         
                                942, 943, 944, 945    15, 5, 5, 7         
                                945, 945, 946, 946    10, 19, 7, 10       
                                946, 947, 948, 949    19, 10, 10, 10      
                                950, 974, 974, 981    10, 19, 20, 10      
                                981, 989, 991, 992    11, 13, 18, 14      
                                992, 993, 995, 998    15, 4, 3, 11        
                                1010, 1011, 1018, 1019  11, 11, 12, 12      
захирамж                        27, 78, 119, 326      2, 2, 12, 16        
                                327, 365, 414, 421    2, 30, 11, 26       
                                429, 472, 566, 603    6, 8, 23, 5         
                                750, 752, 808, 823    19, 15, 38, 17      
                                824, 842, 869, 870    15, 23, 2, 2        
                                871, 889, 891         2, 18, 37           
этгээд                          28, 29, 52, 53        12, 15, 6, 6        
                                60, 61, 113, 113      13, 19, 18, 27      
                                114, 116, 120, 124    7, 17, 32, 23       
                                145, 155, 159, 162    7, 29, 7, 5         
                                169, 170, 173, 173    3, 8, 39, 49        
                                178, 179, 179, 181    19, 2, 5, 13        
                                202, 204, 204, 212    2, 2, 5, 2          
                                229, 250, 269, 272    3, 8, 5, 3          
                                282, 289, 299, 321    5, 15, 30, 9        
                                350, 351, 362, 368    3, 7, 3, 11         
                                396, 409, 410, 443    8, 10, 9, 11        
                                444, 446, 461, 490    5, 2, 4, 4          
                                581, 581, 582, 584    5, 15, 39, 25       
                                586, 602, 640, 674    13, 33, 6, 23       
                                679, 680, 682, 682    29, 29, 9, 23       
                                814, 818, 819, 820    3, 6, 6, 4          
                                822, 823, 887, 888    5, 5, 6, 6          
                                889, 941, 942, 983    5, 40, 40, 2        
                                989, 993, 993, 1010   12, 3, 13, 4        
                                1010, 1011, 1011, 1020  18, 4, 18, 27       
                                1021                  27                  
төрийн бус байгууллага          29                    22                  
хангагч                         29, 120, 180, 288     21, 35, 5, 18       
                                288, 354, 401, 402    29, 5, 13, 22       
                                421, 564, 576, 610    16, 11, 28, 7       
                                614, 712, 713, 725    14, 5, 5, 20        
                                725, 797, 808, 826    24, 6, 30, 24       
                                842, 849, 850, 855    20, 2, 17, 15       
                                891, 915, 916, 922    29, 21, 21, 12      
                                995                   8                   
гадаадын иргэн                  30                    6                   
харьяалалгүй хүн                30                    8                   
иргэн                           30, 475, 533, 534     5, 2, 4, 3          
                                534, 543, 544, 545    6, 4, 14, 14        
                                557, 562, 596, 598    15, 12, 9, 10       
                                602, 637, 691, 717    7, 9, 4, 21         
                                723, 772              12, 9               
зөрчил шалган шийдвэрлэх        31                    29                  
шүүгчийн захирамж               31, 328, 336, 367     16, 5, 10, 10       
                                369, 411, 456, 468    33, 25, 5, 9        
                                500, 526, 531, 582    9, 24, 19, 12       
                                749, 751, 752, 862    10, 14, 7, 4        
                                863, 864, 865, 866    25, 11, 11, 19      
                                867, 867              4, 21               
прокурорын дүгнэлт              31                    37                  
өргөдөл                         31, 31                15, 28              
магадлал                        31, 369, 794, 840     25, 19, 11, 8       
                                840, 841, 919, 922    20, 17, 2, 2        
                                923, 924, 925, 927    2, 12, 12, 21       
                                928, 957, 958, 959    21, 2, 2, 2         
                                960, 963, 964, 965    2, 9, 9, 2          
                                966, 967, 968, 973    2, 2, 2, 8          
                                974                   6                   
хөрөнгө                         34, 774               25, 6               
ажил                            34, 336, 336, 344     28, 15, 20, 4       
                                440, 441, 445, 445    19, 10, 11, 30      
                                445, 530, 734, 751    33, 5, 53, 18       
                                774                   8                   
тушаал                          34, 179               30, 9               
хэргийн оролцогч                41, 44, 45, 53        9, 22, 6, 18        
                                57, 58, 60, 109       17, 17, 10, 1       
                                110, 111, 112, 117    1, 4, 5, 4          
                                123, 157, 158, 173    4, 7, 19, 5         
                                173, 175, 188, 223    36, 8, 4, 6         
                                239, 247, 253, 263    4, 5, 8, 14         
                                267, 281, 286, 298    4, 9, 8, 11         
                                302, 306, 315, 324    20, 17, 10, 24      
                                335, 369, 375, 437    3, 7, 4, 8          
                                439, 447, 448, 454    2, 8, 5, 13         
                                511, 513, 515, 517    9, 8, 8, 22         
                                523, 562, 564, 573    42, 5, 29, 7        
                                582, 589, 602, 636    3, 7, 20, 2         
                                637, 642, 642, 644    4, 6, 35, 17        
                                644, 656, 657, 658    27, 4, 4, 13        
                                664, 678, 683, 689    4, 13, 14, 4        
                                690, 696, 716, 732    14, 4, 7, 4         
                                734, 747, 748, 788    45, 7, 7, 26        
                                803, 806, 807, 819    17, 10, 10, 24      
                                826, 835, 840, 841    5, 35, 21, 7        
                                855, 890, 893, 894    4, 6, 24, 11        
                                904, 905, 911, 912    9, 9, 4, 8          
                                933, 934, 980, 981    13, 13, 5, 20       
                                985                   19                  
оролцогч                        41, 42, 52, 113       2, 2, 5, 12         
                                130, 216, 238, 246    2, 2, 2, 2          
                                248, 251, 268, 306    2, 2, 2, 31         
                                307, 349, 425, 440    2, 2, 2, 5          
                                441, 473, 474, 477    6, 2, 2, 2          
                                512, 514, 524, 550    2, 2, 2, 2          
                                561, 566, 579, 591    3, 2, 3, 2          
                                614, 627, 635, 643    17, 2, 9, 2         
                                653, 659, 665, 667    4, 14, 2, 2         
                                674, 734, 747, 748    14, 2, 2, 2         
                                808, 831, 863, 864    2, 19, 2, 2         
                                877, 891, 913, 939    2, 2, 2, 2          
                                940                   2                   
өмгөөлөгч                       41, 42, 113, 215      5, 5, 6, 9          
                                228, 238, 246, 247    9, 5, 5, 9          
                                248, 281, 307, 315    5, 13, 5, 14        
                                439, 447, 512, 514    6, 12, 5, 5         
                                550, 562, 573, 602    5, 8, 11, 24        
                                627, 636, 637, 639    5, 10, 8, 4         
                                641, 642, 643, 664    6, 10, 5, 8         
                                665, 667, 678, 683    5, 5, 17, 18        
                                696, 732, 747, 748    8, 8, 5, 5          
                                788, 803, 808, 840    30, 21, 5, 25       
                                841, 863, 864, 877    11, 5, 5, 5         
                                891, 893, 904, 905    5, 28, 13, 13       
                                939, 940, 985         5, 5, 22            
тал                             41, 45, 67, 104       19, 20, 33, 5       
                                105, 142, 151, 155    5, 3, 5, 8          
                                156, 217, 246, 256    14, 14, 12, 6       
                                257, 260, 263, 269    11, 5, 4, 8         
                                271, 277, 297, 327    2, 20, 7, 11        
                                396, 411, 433, 446    13, 8, 17, 9        
                                479, 551, 552, 557    13, 5, 9, 13        
                                576, 576, 591, 619    13, 33, 12, 5       
                                624, 624, 638, 641    46, 63, 10, 20      
                                649, 658, 662, 683    6, 12, 6, 25        
                                692, 717, 726, 747    6, 15, 23, 16       
                                747, 748, 748, 833    35, 16, 35, 21      
                                834, 893, 895, 896    8, 30, 25, 25       
талууд                          41, 45, 67, 104       19, 20, 33, 5       
                                105, 142, 151, 155    5, 3, 5, 8          
                                156, 217, 246, 256    14, 14, 12, 6       
                                257, 260, 263, 269    11, 5, 4, 8         
                                271, 277, 297, 327    2, 20, 7, 11        
                                396, 411, 433, 446    13, 8, 17, 9        
                                479, 551, 552, 557    13, 5, 9, 13        
                                576, 576, 591, 619    13, 33, 12, 5       
                                624, 624, 638, 641    46, 63, 10, 20      
                                649, 658, 662, 683    6, 12, 6, 25        
                                692, 717, 726, 747    6, 15, 23, 16       
                                747, 748, 748, 833    35, 16, 35, 21      
                                834, 893, 895, 896    8, 30, 25, 25       
нотлох баримт                   42, 44, 45, 52        15, 14, 15, 39      
                                53, 54, 57, 58        10, 4, 2, 2         
                                130, 131, 131, 171    8, 11, 14, 2        
                                179, 219, 220, 220    12, 3, 6, 12        
                                235, 236, 237, 238    1, 1, 4, 33         
                                243, 246, 247, 247    4, 13, 10, 16       
                                248, 249, 251, 253    14, 13, 5, 3        
                                258, 260, 263, 268    9, 12, 8, 14        
                                349, 365, 386, 433    11, 9, 10, 26       
                                523, 551, 639, 642    9, 2, 17, 24        
                                658, 659, 660, 682    2, 5, 5, 12         
                                682, 683, 715, 779    40, 10, 10, 3       
                                780, 783, 785, 853    19, 8, 21, 5        
                                980, 981              12, 6               
тайлбар                         42, 52, 53, 130       13, 36, 8, 7        
                                130, 142, 151, 193    17, 6, 7, 6         
                                223, 239, 246, 267    17, 9, 10, 9        
                                268, 269, 349, 365    8, 10, 8, 7         
                                433, 433, 567, 579    20, 23, 9, 4        
                                582, 602, 624, 642    23, 34, 35, 42      
                                665, 665, 667, 667    6, 18, 8, 15        
                                723, 724, 780, 781    11, 26, 17, 14      
                                806, 807, 835, 835    18, 16, 28, 44      
                                884, 885, 893, 1014   8, 8, 31, 7         
                                1015                  7                   
ачаа                            44, 45, 220, 238      11, 12, 17, 16      
                                244, 245, 249, 257    4, 7, 7, 6          
                                271, 284, 294, 306    3, 4, 4, 4          
                                322, 325, 426         14, 11, 2           
хүсэлт                          45, 57, 58, 68        21, 22, 22, 16      
                                95, 131, 132, 155     25, 24, 17, 30      
                                156, 173, 217, 220    15, 44, 17, 26      
                                221, 224, 253, 254    18, 7, 13, 2        
                                263, 286, 302, 324    19, 10, 22, 34      
                                326, 386, 454, 505    2, 8, 18, 3         
                                513, 515, 551, 564    11, 5, 6, 34        
                                566, 601, 602, 603    20, 6, 19, 3        
                                605, 606, 608, 610    13, 14, 13, 6       
                                614, 628, 638, 639    13, 17, 13, 14      
                                641, 642, 652, 657    21, 17, 3, 9        
                                658, 678, 682, 808    19, 20, 15, 18      
                                808, 808, 842, 842    29, 34, 13, 19      
                                891, 891, 891, 984    18, 28, 33, 7       
                                985, 986, 987, 989    10, 30, 18, 10      
                                989, 989, 990, 991    16, 19, 4, 10       
                                993, 993, 995         11, 17, 2           
гомдол                          46, 48, 88, 89        10, 23, 7, 6        
                                90, 91, 91, 93        10, 6, 15, 6        
                                134, 135, 198, 222    3, 3, 7, 7          
                                362, 362, 368, 368    7, 21, 9, 13        
                                368, 368, 369, 369    18, 21, 13, 25      
                                408, 415, 468, 500    8, 4, 12, 13        
                                624, 683, 733, 742    58, 29, 9, 8        
                                743, 743, 743, 743    3, 9, 21, 24        
                                743, 744, 744, 744    27, 3, 9, 21        
                                744, 744, 746, 746    24, 27, 8, 14       
                                751, 775, 781, 783    2, 4, 5, 2          
                                785, 789, 790, 792    15, 16, 5, 19       
                                792, 802, 802, 803    21, 6, 8, 31        
                                804, 805, 806, 807    3, 3, 3, 21         
                                809, 809, 810, 811    14, 17, 6, 3        
                                818, 819, 819, 820    4, 3, 23, 8         
                                821, 822, 822, 823    6, 3, 22, 3         
                                823, 823, 829, 831    10, 13, 3, 11       
                                831, 831, 832, 835    20, 27, 13, 12      
                                835, 837, 841, 862    15, 16, 28, 8       
                                863, 864, 865, 865    41, 15, 15, 19      
                                866, 867, 868, 869    23, 25, 7, 7        
                                876, 877, 878, 879    6, 15, 8, 8         
                                887, 888, 889, 889    3, 3, 3, 11         
                                889, 890, 892, 893    14, 3, 7, 4         
                                893, 894, 894, 895    29, 13, 15, 4       
                                896, 898, 899, 901    4, 6, 6, 19         
                                902, 915, 916, 919    19, 20, 20, 5       
                                924, 925, 927, 928    19, 19, 26, 26      
                                930, 931, 939, 940    10, 10, 26, 26      
                                941, 941, 942, 942    7, 38, 7, 38        
                                943, 943, 944, 944    6, 24, 6, 24        
                                985, 985              30, 35              
дүгнэлт                         48, 303, 552, 557     13, 4, 10, 17       
                                579, 582, 599, 685    7, 25, 10, 2        
                                686, 687, 691, 692    8, 2, 6, 7          
                                692, 693, 716, 723    29, 3, 11, 14       
                                785, 861, 945, 946    13, 13, 23, 23      
                                957, 958              11, 11              
төрийн албан ёсны хэл           51, 52, 566           8, 22, 10           
мэдээ                           52, 230, 271, 281     15, 6, 8, 7         
                                682                   8                   
мэдүүлэг                        52, 53, 131, 223      37, 9, 6, 15        
                                239, 270, 272, 273    11, 5, 11, 8        
                                274, 276, 276, 277    14, 2, 8, 3         
                                277, 279, 280, 316    23, 12, 6, 7        
                                340, 426, 567, 579    2, 10, 10, 5        
                                582, 624, 669, 670    24, 37, 6, 5        
                                672, 672, 673, 674    9, 26, 4, 4         
                                674, 674, 675, 676    9, 32, 4, 3         
орчуулагч                       53, 132, 221, 336     20, 10, 9, 2        
                                343, 344, 426, 439    2, 2, 13, 8         
                                562, 565, 566, 567    10, 4, 21, 23       
                                569, 570, 570, 570    5, 3, 6, 12         
                                596, 598, 602, 606    7, 13, 10, 4        
                                614, 645, 646, 646    4, 4, 4, 9          
                                651, 981              8, 18               
хэлмэрч                         53, 132, 221, 336     21, 11, 10, 3       
                                343, 344, 426, 439    3, 3, 14, 9         
                                562, 565, 566, 567    11, 5, 22, 2        
                                568, 569, 570, 596    2, 6, 13, 8         
                                598, 602, 606, 614    14, 11, 5, 5        
                                645, 646, 651, 981    5, 5, 9, 19         
нээлт                           55, 56, 679, 680      6, 6, 31, 31        
албаны нууц                     57, 58, 240, 241      8, 8, 17, 17        
                                553, 554, 679, 680    7, 7, 5, 5          
байгууллагын нууц               57, 58, 240, 241      10, 10, 19, 19      
                                553, 554, 679, 680    9, 9, 7, 7          
чадамж                          60, 123, 124, 125     4, 8, 22, 7         
                                125, 125, 177, 203    14, 28, 3, 9        
                                203, 211, 282, 308    10, 14, 4, 11       
                                409                   6                   
зөвшөөрөл                       61, 126, 492, 579     4, 13, 24, 21       
                                644, 679, 680         19, 38, 38          
багш                            61                    7                   
удирдлага                       61                    10                  
монгол улсын олон улсын гэрээ   66, 67                9, 6                
санал                           68, 68, 162, 220      8, 26, 19, 25       
                                224, 310, 320, 478    6, 6, 16, 16        
                                528, 604, 607, 615    10, 12, 20, 8       
                                619, 620, 624, 627    8, 6, 51, 14        
                                658, 895, 896, 945    22, 26, 26, 12      
                                946, 957, 958         12, 10, 10          
журам                           68, 80, 88, 100       23, 29, 14, 14      
                                101, 101, 102, 102    13, 22, 6, 12       
                                103, 103, 107, 140    12, 18, 24, 5       
                                198, 222, 254, 260    6, 6, 4, 8          
                                303, 314, 315, 342    11, 3, 4, 6         
                                356, 362, 368, 401    14, 20, 8, 5        
                                408, 408, 461, 462    10, 17, 2, 6        
                                470, 475, 484, 485    14, 7, 2, 2         
                                489, 498, 499, 504    19, 5, 3, 8         
                                523, 527, 534, 541    34, 22, 14, 3       
                                542, 544, 545, 559    2, 5, 5, 27         
                                578, 581, 592, 592    12, 3, 7, 17        
                                594, 594, 601, 624    5, 15, 8, 61        
                                725, 725, 733, 735    67, 72, 14, 18      
                                736, 743, 743, 744    26, 8, 20, 8        
                                744, 746, 754, 755    20, 7, 2, 2         
                                756, 757, 787, 789    5, 10, 5, 15        
                                792, 800, 801, 803    18, 3, 3, 7         
                                809, 819, 823, 827    23, 13, 25, 16      
                                828, 830, 832, 833    6, 3, 5, 3          
                                834, 837, 838, 841    18, 3, 3, 27        
                                844, 845, 846, 848    3, 3, 16, 3         
                                853, 854, 874, 875    31, 3, 2, 2         
                                876, 877, 878, 879    5, 14, 7, 7         
                                887, 888, 889, 889    2, 2, 2, 25         
                                890, 892, 893, 893    2, 5, 2, 9          
                                915, 915, 916, 916    2, 16, 2, 16        
                                918, 924, 924, 925    3, 6, 17, 6         
                                925, 927, 928, 941    17, 15, 15, 12      
                                941, 941, 942, 942    25, 46, 12, 25      
                                942, 979, 985, 991    46, 14, 29, 14      
                                996                   16                  
агуулах                         69, 264, 309, 624     24, 9, 8, 56        
                                720, 810, 835, 837    6, 8, 9, 17         
                                924, 925, 927, 928    15, 15, 24, 24      
монгол улсын нутаг дэвсгэр      80                    5                   
гүйцэтгэгч                      80, 244, 281, 299     32, 14, 2, 19       
                                328, 449, 564, 679    9, 9, 45, 52        
                                680, 893, 1003, 1004  52, 23, 8, 6        
                                1005, 1005            3, 13               
захиргааны үйл ажиллагаа        88, 115, 411, 552     4, 4, 5, 4          
                                557, 666              8, 8                
тохиолдол                       88, 107, 161, 162     19, 3, 5, 8         
                                192, 205, 214, 233    8, 21, 10, 5        
                                254, 288, 313, 353    16, 22, 2, 8        
                                353, 360, 369, 372    13, 13, 24, 10      
                                373, 401, 405, 417    9, 10, 3, 4         
                                441, 447, 454, 458    21, 27, 11, 5       
                                462, 466, 472, 482    3, 8, 6, 8          
                                489, 523, 527, 528    6, 26, 12, 19       
                                530, 531, 559, 572    23, 8, 22, 8        
                                573, 582, 586, 599    24, 11, 6, 9        
                                602, 611, 613, 614    29, 22, 9, 15       
                                639, 736, 736, 741    12, 12, 20, 6       
                                823, 831, 890, 947    36, 29, 32, 5       
                                948                   5                   
шуудан                          92, 93, 441           2, 23, 25           
захиргааны акт                  94, 116, 392, 453     4, 4, 19, 4         
                                454, 457, 704, 706    19, 4, 27, 3        
                                711, 718, 724, 987    30, 24, 19, 7       
гэрээ                           94, 254, 701, 702     8, 14, 4, 4         
нэхэмжлэгч                      94, 114, 160, 166     25, 8, 12, 2        
                                351, 358, 360, 371    5, 10, 4, 6         
                                372, 380, 435, 436    13, 7, 11, 2        
                                451, 452, 493, 641    20, 6, 4, 14        
                                725, 725, 738, 738    50, 54, 20, 28      
                                824, 824, 890         32, 40, 9           
газар                           98, 274, 286, 296     9, 11, 17, 10       
                                299, 383, 383, 384    12, 11, 19, 5       
                                440, 440, 441, 445    17, 20, 11, 9       
                                445, 445, 447, 734    12, 34, 15, 51      
                                734, 763, 814, 814    54, 2, 13, 27       
анхан шатны шүүх                100, 630, 631, 771    3, 1, 1, 4          
давж заалдах шатны шүүх         101, 107, 355, 757    3, 6, 4, 4          
                                809, 826, 829, 868    5, 10, 6, 14        
                                880, 881              3, 3                
гуравдагч этгээд                112, 113, 116, 154    3, 3, 18, 4         
                                155, 156, 157, 158    26, 5, 5, 5         
                                429, 641, 723, 861    3, 2, 6, 4          
                                863                   20                  
хариуцагч                       112, 113, 115, 165    2, 2, 12, 5         
                                166, 169, 171, 171    5, 6, 15, 18        
                                214, 354, 356, 372    21, 11, 2, 14       
                                491, 493, 494, 495    4, 5, 2, 2          
                                663, 723, 725, 725    6, 5, 51, 55        
                                738, 738, 780, 781    23, 29, 9, 6        
                                824, 824, 890         35, 41, 12          
хүрээлэн байгаа орчин           120                   14                  
эрүүл мэнд                      120, 459              20, 9               
нийтийн өмч                     120                   22                  
мансууруулах эм, сэтгэцэд нөлөөт бодис  125                   16                  
асран хамгаалагч, харгалзан дэмжигч  125, 673              40, 8               
согтууруулах ундаа              125                   21                  
тэмдэглэл                       130, 219, 239, 266    13, 12, 45, 5       
                                296, 306, 312, 313    16, 27, 4, 5        
                                316, 548, 564, 623    16, 7, 27, 6        
                                626, 628              9, 3                
гэрч                            131, 204, 239, 270    5, 3, 10, 4         
                                271, 274, 275, 280    11, 9, 19, 3        
                                308, 309, 310, 343    2, 2, 2, 4          
                                345, 426, 439, 550    6, 8, 7, 6          
                                562, 624, 647, 648    14, 36, 4, 4        
                                669, 670, 671, 672    4, 4, 4, 4          
                                672, 672, 672, 673    13, 28, 36, 3       
                                674, 674, 675, 676    3, 31, 3, 2         
                                678, 981              18, 16              
шинжээч                         131, 132, 220, 426    8, 9, 23, 12        
                                562, 598, 602, 606    9, 12, 9, 3         
                                614, 651, 981, 1010   3, 7, 17, 13        
                                1011                  13                  
бусад оролцогч                  133, 223, 448, 523    3, 8, 7, 44         
                                561, 562, 569, 576    14, 20, 3, 21       
                                582, 589, 636, 656    5, 9, 4, 6          
                                658, 835              20, 19              
итгэмжлэл                       161, 178, 179, 179    12, 17, 3, 18       
                                181, 186, 187, 187    11, 7, 4, 11        
                                199, 210, 214, 214    3, 4, 2, 6          
                                389                   12                  
бараа                           173, 211, 412, 473    15, 9, 5, 4         
                                774                   7                   
итгэмжлэгдсэн төлөөлөгч         178, 389              22, 2               
бусад этгээд                    179, 490, 492, 497    15, 14, 9, 8        
гарын үсэг зурах                181, 181, 193, 321    3, 14, 2, 15        
                                380, 626, 628, 719    11, 22, 30, 6       
                                731, 788, 818, 840    27, 23, 18, 17      
                                860, 924, 925         14, 29, 29          
прокурор                        205                   23                  
мөрдөгч                         205, 938, 954, 1024   24, 24, 24, 12      
даруй                           214, 298, 328, 658    12, 14, 11, 27      
үр                              214, 498, 609         18, 9, 6            
хуулбарлах                      219, 288              19, 21              
үйлчлүүлэгч                     223, 230              12, 12              
хуульч                          228                   10                  
төрийн байгууллага              230                   7                   
мэдээлэл                        238, 441              32, 29              
эд мөрийн баримт                239, 293, 294, 299    15, 4, 13, 8        
                                678                   4                   
баримт бичиг                    239, 389              19, 9               
шинжээчийн дүгнэлт              239, 301, 684         21, 4, 4            
кино                            239                   23                  
хүний эмзэг мэдээлэл            240, 241              21, 21              
шүүх хуралдааны оролцогч        240, 241, 520, 521    25, 25, 7, 7        
                                560, 590, 624, 624    4, 4, 14, 32        
                                628, 722, 839         14, 14, 2           
холбогдох этгээд                245                   21                  
шугам                           254                   18                  
гэр бүлийн гишүүн               279                   4                   
үр хүүхэд                       279                   9                   
зам                             281, 372, 494         3, 16, 12           
бичмэл нотлох баримт            283, 284              4, 10               
байгууллагын архив              287                   10                  
архив                           290, 291              6, 6                
тусгай мэдлэг                   302                   14                  
шүүх шинжилгээ                  303, 599, 682, 687    6, 3, 35, 25        
хөндлөнгийн гэрч                311                   8                   
туслагч                         318, 567              19, 32              
овог                            319, 383, 624, 814    21, 3, 18, 5        
уншигч                          320, 557, 580, 678    10, 20, 10, 27      
                                679, 679, 680, 680    34, 44, 34, 44      
                                685, 693              5, 6                
улсын тэмдэгтийн хураамж        330, 331, 359, 361    3, 3, 4, 7          
                                361, 362, 364, 365    12, 23, 4, 18       
                                365, 366, 367, 368    26, 4, 7, 24        
                                369, 371, 372, 373    28, 13, 24, 10      
                                374, 499, 725, 819    4, 12, 38, 14       
                                823, 887, 888, 889    37, 12, 12, 35      
                                890, 894, 898, 899    33, 6, 21, 21       
шүүхийн зардал                  330, 331, 332, 333    1, 1, 4, 9          
                                341, 342, 348, 349    6, 3, 6, 23         
                                350, 351, 352, 353    10, 8, 6, 3         
                                354, 355, 356, 357    7, 14, 4, 4         
                                358, 499, 725         17, 9, 36           
улсын төсөв                     334, 343              3, 10               
улсын  төсөв                    334, 343              3, 10               
шүүхийн тогтоол                 336, 411, 468, 500    8, 27, 7, 11        
                                582, 749, 751, 752    14, 12, 16, 9       
                                862, 863, 864, 865    6, 27, 13, 13       
                                866, 867, 867, 869    21, 6, 23, 3        
                                870, 871, 969, 970    3, 3, 5, 5          
гүйцэтгэх ажил                  336                   12                  
хохирогч                        345                   10                  
төлбөр                          349, 365, 460, 706    3, 2, 6, 5          
эд хөрөнгө                      350, 459              4, 11               
анхан шатны шүүхийн шийдвэр     355, 824, 831, 835    8, 26, 5, 5         
                                837, 838, 843, 844    9, 9, 4, 8          
                                845, 846, 847, 848    8, 21, 4, 8         
                                849, 890, 973, 979    3, 17, 4, 6         
                                992                   9                   
хураамж                         360, 375, 386, 460    3, 3, 3, 7          
хяналтын шатны шүүх             369, 743, 744, 746    4, 28, 28, 11       
                                889, 895, 896, 898    6, 20, 20, 7        
                                899, 904, 905, 908    7, 2, 2, 11         
                                909, 914              11, 4               
эс үйлдэхүй                     392, 704, 704, 718    13, 9, 34, 29       
                                981                   28                  
урьдчилсан мэдээ                401                   7                   
арга хэмжээ                     428, 576, 649         2, 35, 11           
нийтлэг журам                   436, 520, 521, 577    5, 11, 11, 6        
ажилтан                         441, 442, 444, 734    17, 20, 26, 62      
сум                             445, 772              24, 6               
тусгаарлах                      450, 452              6, 21               
албан татвар                    460                   4                   
цэргийн алба хаасан байх        474                   9                   
дайны байдал                    474                   5                   
зарлаг                          474, 520, 521, 522    7, 4, 4, 7          
                                523, 530, 633, 650    41, 30, 13, 6       
                                651                   6                   
эвлэрлийн гэрээ                 494                   17                  
орлог                           527                   14                  
баталгаажуулах                  564                   24                  
торгуул                         584, 584, 586, 1012   3, 26, 7, 23        
                                1013, 1014, 1015, 1016  23, 22, 22, 22      
                                1017, 1018, 1019      22, 8, 8            
шийтгэвэр                       584, 586              19, 23              
гэр бүл                         590, 590              7, 15               
сонсогч                         602, 658, 670, 835    35, 23, 6, 29       
                                835                   45                  
хураагч                         615                   9                   
шалгагч                         634, 636, 718         9, 13, 34           
уригч                           642, 667, 996         40, 6, 9            
захидал харилцааны мэдээлэл     679, 680              20, 20              
захидал                         679, 679, 680, 680    26, 42, 26, 42      
сонгогч                         718                   4                   
нэгж                            758                   12                  
үйлчлэгч                        758, 770, 791         14, 16, 16          
хувийн хэрэг                    770                   9                   
нийслэл                         772                   7                   
орон нутгийн өмч                774                   3                   
үйлчилгээ                       774                   9                   
шүүхийн магадлал                836, 890, 979         4, 24, 18           
гэмт хэрэг                      981                   30                  
шийтгэх тогтоол                 981, 982              38, 7               
мэдэгдэл                        1018, 1019, 1020, 1020  24, 24, 5, 13       
                                1021, 1021            5, 13               
эрх бүхий албан тушаалтан       1020, 1021            8, 8                
