File: MNCLW00013.txt
Search Method: Aho-Corasick
Total runtime: 0.000978s
Found terms: 99

Term                            Line                  Word Place          

төрийн ордон                    5                     1                   
аж ахуйн нэгж                   6, 9, 10, 11          1, 25, 25, 23       
                                12, 13, 14, 15        23, 25, 25, 33      
                                16, 19, 22, 23        33, 9, 27, 27       
                                24, 25, 26, 27        27, 27, 5, 5        
албан татвар                    6, 9, 9, 10           5, 14, 29, 14       
                                10, 11, 11, 11        29, 6, 27, 32       
                                12, 12, 12, 13        6, 27, 32, 13       
                                13, 14, 14, 15        29, 13, 29, 37      
                                15, 16, 16, 19        43, 37, 43, 13      
                                22, 23, 24, 25        31, 31, 31, 31      
                                26, 27                9, 9                
орлого                          6, 9, 9, 10           4, 11, 28, 11       
                                10, 11, 11, 12        28, 14, 26, 14      
                                12, 13, 13, 14        26, 11, 28, 11      
                                14, 15, 15, 16        28, 36, 46, 36      
                                16, 19, 22, 23        46, 12, 30, 30      
                                24, 25, 26, 27        30, 30, 8, 8        
мөрдөгч                         7, 8, 24, 25          4, 4, 38, 38        
                                26, 27                21, 21              
журам                           7, 8, 17, 18          5, 5, 26, 26        
татварын жил                    9, 10, 11, 12         8, 8, 11, 11        
                                13, 14, 21            8, 8, 17            
татвар төлөгч                   13, 14                4, 4                
хөнгөлөлт                       13, 14                15, 15              
барилга байгууламж              15, 16, 17, 18        15, 15, 15, 15      
газар                           15, 16, 17, 18        17, 17, 17, 17      
хөрөнгө                         15, 16, 21            21, 21, 2           
