File: MNCLW00597.txt
Search Method: Aho-Corasick
Total runtime: 0.004672s
Found terms: 464

Term                            Line                  Word Place          

төрийн бус байгууллага          8, 13, 13, 14         1, 21, 27, 21       
                                14, 20, 21, 27        27, 9, 17, 3        
                                27, 28, 28, 29        40, 3, 40, 3        
                                29, 30, 30, 32        21, 3, 21, 22       
                                37, 37, 39, 39        28, 33, 3, 13       
                                40, 40, 42, 43        3, 13, 24, 3        
                                43, 43, 52, 53        17, 23, 6, 4        
                                54, 56, 57, 59        2, 3, 13, 17        
                                62, 63, 65, 66        1, 1, 1, 1          
                                92, 107, 111, 113     2, 2, 9, 7          
                                114, 119, 131, 132    7, 24, 1, 1         
                                135, 136, 138, 139    1, 1, 1, 1          
                                156, 157, 184, 185    1, 1, 1, 1          
нийтлэх                         10, 11                1, 1                
үйл ажиллагаа                   13, 14, 21, 25        30, 30, 9, 33       
                                26, 27, 28, 36        33, 37, 37, 4       
                                43, 48, 49, 56        31, 4, 4, 6         
                                57, 59, 119, 149      3, 12, 11, 11       
                                160, 179, 181, 202    4, 4, 8, 4          
                                203, 204, 205         4, 12, 34           
хүн                             13, 14, 27, 27        14, 14, 21, 23      
                                28, 28, 35, 188       21, 23, 7, 4        
                                200, 200, 201, 201    6, 15, 6, 15        
иргэн                           13, 14, 25, 26        18, 18, 5, 5        
                                32, 33, 36, 119       3, 5, 16, 14        
                                150, 152, 174, 175    8, 10, 10, 10       
                                194                   3                   
байгууллага                     15, 16, 25, 25        5, 3, 3, 16         
                                25, 26, 26, 26        45, 3, 16, 45       
                                31, 33, 34, 35        5, 3, 3, 3          
                                36, 36, 38, 39        3, 20, 5, 10        
                                40, 41, 42, 42        10, 5, 3, 29        
                                44, 44, 46, 47        3, 6, 5, 3          
                                55, 56, 57, 59        3, 2, 2, 6          
                                60, 64, 67, 68        3, 5, 3, 3          
                                69, 70, 71, 72        3, 3, 3, 3          
                                73, 74, 87, 88        3, 3, 3, 3          
                                91, 91, 92, 95        5, 7, 7, 3          
                                96, 101, 102, 103     3, 3, 3, 3          
                                104, 107, 119, 119    3, 12, 3, 18        
                                137, 142, 143, 148    5, 5, 5, 5          
                                149, 150, 150, 151    3, 3, 12, 3         
                                151, 152, 158, 159    9, 3, 5, 3          
                                160, 162, 163, 174    3, 3, 3, 9          
                                175, 178, 179, 179    9, 3, 3, 16         
                                181, 181, 196, 197    3, 21, 3, 3         
хуулийн этгээдийн улсын бүртгэл  16                    12                  
мөрдөгч                         18, 181               17, 25              
үйлчлэгч                        19, 27, 28, 29        4, 2, 2, 2          
                                29, 30, 30            9, 2, 9             
монгол улсын нутаг дэвсгэр      21                    3                   
төлөөлөгчийн газар              21                    22                  
салбар                          21                    21                  
хэрэглэгч                       23, 24                3, 3                
төрийн байгууллага              25, 26, 32, 32        6, 6, 4, 9          
                                60, 198, 199          4, 5, 5             
хуулийн этгээд                  25, 26, 32, 39        18, 18, 7, 23       
                                40, 188               23, 5               
гүйцэтгэгч                      25, 26, 59, 101       11, 11, 3, 9        
                                102, 109, 110, 111    9, 6, 6, 23         
                                118, 118, 176, 177    11, 18, 5, 5        
шүүгч                           25, 26, 47            12, 12, 7           
шүүх                            25, 26, 47            12, 12, 7           
эрүүл мэнд                      27, 28                13, 13              
байгаль орчин                   27, 28                16, 16              
спорт                           27, 28                15, 15              
гишүүн                          29, 30, 36, 79        8, 8, 14, 3         
                                80, 108, 109, 119     3, 8, 3, 4          
                                119, 121, 121, 125    7, 3, 5, 6          
                                125, 125, 127, 128    11, 27, 35, 35      
                                151, 176, 177, 205    6, 4, 4, 9          
зөвшөөрөл                       32                    11                  
байнга оршин суугч              37                    7                   
гадаадын иргэн                  37                    10                  
журам                           37, 52, 79, 80        26, 27, 6, 6        
                                85, 86, 87, 88        6, 6, 9, 9          
                                89, 90, 120, 159      6, 6, 7, 6          
                                181                   24                  
шийдвэр                         39, 40, 42, 44        8, 8, 23, 12        
                                44, 52, 59, 60        29, 2, 8, 7         
                                85, 86, 111, 120      4, 4, 21, 5         
                                127, 127, 128, 128    10, 26, 10, 26      
                                205                   5                   
эд хөрөнгө                      43, 52, 151, 152      11, 9, 10, 18       
                                172, 173, 205         3, 3, 17            
төлбөр                          43, 109               7, 11               
төсөв                           43, 97, 98, 205       14, 3, 3, 20        
улсын бүртгэл                   44, 44, 160, 179      18, 31, 14, 7       
захиргааны байгууллага          44, 160, 179          23, 19, 12          
албаны нууц                     57                    8                   
мэдээлэл                        57, 164, 165          12, 5, 5            
нээлт                           57                    16                  
төсөл                           59, 146, 147, 198     9, 4, 4, 4          
                                199                   4                   
санал                           59, 122, 123, 125     14, 11, 11, 15      
                                127, 127, 128, 128    12, 16, 12, 16      
                                205                   12                  
талууд                          60, 101, 102, 127     8, 8, 8, 27         
                                128                   27                  
тал                             60, 101, 102, 127     8, 8, 8, 27         
                                128                   27                  
мэдэгдэл                        60                    12                  
дүрэм                           64                    6                   
зөвлөл                          75, 76, 77, 78        2, 2, 2, 2          
                                79, 80, 81, 82        2, 2, 2, 2          
                                83, 84, 85, 86        2, 2, 2, 2          
                                92, 92, 107, 108      10, 13, 24, 2       
                                109, 110, 111, 111    2, 4, 6, 16         
                                111, 113, 114, 119    20, 2, 2, 6         
                                120, 121, 122, 123    4, 2, 2, 2          
                                125, 125, 126, 127    2, 19, 4, 2         
                                128, 151, 176, 177    2, 5, 2, 2          
                                205                   7                   
сонгогч                         79, 80, 99, 100       4, 4, 3, 3          
                                118                   13                  
тохиолдол                       87, 88                11, 11              
хөрөнгө                         87, 88, 101, 102      12, 12, 5, 5        
                                113, 114, 146, 147    12, 12, 10, 10      
                                150, 174, 175         13, 7, 7            
ажил                            103, 104, 196, 197    4, 4, 9, 9          
                                200, 201              21, 21              
зохиогч                         103, 104              7, 7                
гэрээ                           111                   25                  
аж ахуйн нэгж                   119, 142, 143, 150    15, 2, 2, 9         
ажилтан                         119, 151              8, 7                
хүний хувийн мэдээлэл           122, 123              4, 4                
хураагч                         122, 123              12, 12              
тэмдэглэл                       126                   6                   
тайлбар                         127, 127, 127, 128    24, 32, 36, 24      
                                128, 128              32, 36              
орлого                          137, 138, 139, 144    6, 4, 4, 10         
                                145, 149, 150, 166    10, 5, 4, 2         
                                167                   2                   
хандив                          140, 141, 142, 143    3, 3, 6, 6          
                                152, 168, 169, 174    20, 2, 2, 4         
                                175, 178              4, 5                
аж ахуйн үйл ажиллагаа          144, 145, 151, 170    5, 5, 18, 6         
                                171                   6                   
улсын төсөв                     146, 147              7, 7                
улсын  төсөв                    146, 147              7, 7                
зарлага                         148, 166, 167         6, 3, 3             
төлбөр төлөгч                   150                   17                  
эвсэл                           152                   15                  
тайлан                          156, 157, 158, 159    4, 4, 6, 9          
архив                           181, 181              7, 10               
шинжээч                         187                   10                  
зохицуулалт                     193                   6                   
сан                             194, 194, 205, 205    11, 14, 16, 23      
                                205, 205              28, 31              
сургалтын төлбөр                200, 201              7, 7                
