File: MNCLW00318.txt
Search Method: Trie (MWE + Single-Word)
Total runtime: 0.062165s
Found terms: 3294

Term                            Line                  Word Place          

хүү                             5, 124, 203, 213      2, 30, 7, 3         
                                247, 247, 249, 251    13, 30, 37, 30      
                                254, 260, 261, 262    26, 16, 17, 12      
                                265, 268, 273, 278    39, 13, 34, 32      
                                294, 295, 304, 319    9, 6, 37, 12        
                                331, 395, 490, 504    15, 6, 10, 3        
                                519, 535, 544, 545    11, 11, 17, 36      
                                620, 695, 696, 725    2, 5, 9, 23         
                                740, 751, 754, 754    20, 41, 13, 14      
                                757, 757, 783, 784    2, 3, 19, 25        
                                793, 874, 874         15, 10, 23          
журм                            13, 143, 156, 167     14, 10, 4, 12       
                                170, 182, 198, 216    11, 8, 19, 8        
                                232, 236, 258, 311    12, 8, 15, 21       
                                360, 404, 424, 528    12, 10, 35, 8       
                                551, 592, 679, 682    10, 6, 22, 10       
                                702, 738, 742, 758    17, 8, 12, 3        
                                772, 808, 815, 817    14, 14, 8, 19       
                                839, 872, 878, 938    6, 22, 4, 20        
                                938                   26                  
этгээд                          15, 32, 145, 150      15, 5, 7, 14        
                                234, 234, 246, 258    6, 34, 27, 10       
                                406, 407, 413, 556    24, 5, 5, 26        
                                557, 557, 561, 573    2, 8, 7, 17         
                                579, 621, 631, 639    14, 2, 2, 4         
                                639, 731, 763, 797    11, 10, 16, 14      
                                812, 933, 933, 940    7, 8, 9, 4          
                                941, 941, 941         5, 19, 32           
тодорхойлолт                    16, 366, 369, 373     6, 12, 15, 14       
                                713, 723, 724, 725    24, 24, 12, 18      
санал                           18, 23, 28, 38        14, 8, 13, 25       
                                38, 39, 40, 40        30, 17, 9, 13       
                                42, 42, 42, 42        3, 12, 17, 24       
                                43, 43, 44, 44        2, 16, 2, 11        
                                48, 53, 54, 54        44, 11, 2, 11       
                                58, 63, 67, 68        12, 13, 17, 3       
                                69, 69, 69, 69        5, 10, 20, 28       
                                69, 69, 70, 73        35, 47, 3, 18       
                                75, 75, 75, 76        8, 12, 46, 3        
                                76, 81, 83, 83        7, 24, 17, 21       
                                83, 84, 85, 94        37, 10, 10, 5       
                                106, 106, 106, 109    9, 15, 17, 12       
                                120, 122, 124, 127    2, 2, 11, 28        
                                132, 137, 149, 149    10, 22, 24, 34      
                                150, 150, 154, 161    4, 15, 5, 4         
                                175, 180, 185, 186    5, 5, 7, 12         
                                186, 186, 187, 189    18, 33, 7, 11       
                                190, 192, 196, 196    13, 5, 5, 11        
                                200, 203, 203, 205    12, 4, 11, 4        
                                205, 205, 205, 206    6, 9, 16, 7         
                                206, 206, 206, 211    9, 15, 17, 5        
                                213, 214, 214, 214    7, 6, 11, 24        
                                214, 220, 222, 225    31, 3, 15, 21       
                                228, 260, 261, 265    3, 19, 20, 25       
                                266, 274, 275, 278    35, 37, 7, 45       
                                286, 299, 300, 302    6, 10, 3, 40        
                                304, 304, 307, 310    2, 18, 8, 22        
                                315, 317, 319, 320    5, 21, 45, 38       
                                327, 328, 328, 329    10, 11, 37, 20      
                                330, 333, 338, 352    2, 4, 5, 13         
                                352, 383, 385, 386    16, 14, 8, 17       
                                396, 399, 437, 438    6, 3, 12, 19        
                                439, 441, 441, 465    14, 9, 16, 12       
                                476, 476, 480, 496    41, 50, 28, 5       
                                508, 509, 513, 513    15, 16, 26, 35      
                                514, 517, 528, 532    26, 9, 13, 27       
                                547, 551, 553, 554    16, 19, 28, 33      
                                554, 556, 556, 556    42, 6, 21, 28       
                                558, 564, 577, 578    13, 17, 8, 12       
                                583, 603, 648, 655    16, 10, 4, 17       
                                668, 669, 670, 673    4, 6, 2, 4          
                                676, 677, 677, 677    15, 4, 6, 13        
                                679, 679, 679, 679    4, 8, 12, 16        
                                680, 681, 682, 684    5, 3, 4, 2          
                                684, 684, 685, 685    5, 14, 15, 20       
                                687, 688, 688, 688    2, 3, 5, 8          
                                689, 692, 692, 692    5, 4, 7, 10         
                                692, 693, 693, 693    18, 5, 19, 24       
                                693, 695, 696, 696    34, 7, 4, 14        
                                698, 698, 698, 699    6, 12, 14, 12       
                                699, 700, 701, 701    18, 23, 8, 18       
                                703, 704, 704, 704    7, 5, 10, 27        
                                705, 705, 706, 706    4, 9, 2, 6          
                                706, 706, 707, 707    11, 13, 5, 13       
                                708, 708, 709, 709    5, 10, 5, 17        
                                710, 711, 712, 712    4, 4, 5, 7          
                                713, 713, 713, 714    12, 15, 26, 5       
                                719, 719, 719, 719    7, 9, 21, 23        
                                719, 723, 723, 723    27, 9, 11, 26       
                                724, 725, 725, 727    13, 11, 13, 3       
                                727, 727, 727, 728    5, 15, 17, 3        
                                728, 728, 729, 729    5, 8, 3, 5          
                                729, 729, 730, 730    12, 15, 3, 5        
                                730, 731, 731, 736    14, 3, 5, 3         
                                736, 737, 737, 737    5, 3, 5, 21         
                                737, 738, 738, 739    24, 2, 5, 5         
                                739, 740, 740, 740    7, 3, 5, 9          
                                740, 740, 741, 741    13, 18, 3, 5        
                                741, 742, 743, 744    9, 10, 6, 4         
                                744, 745, 745, 747    7, 12, 14, 5        
                                747, 747, 747, 747    7, 13, 15, 18       
                                747, 748, 748, 748    29, 3, 6, 17        
                                749, 751, 751, 751    4, 7, 9, 27         
                                751, 751, 751, 753    31, 34, 39, 9       
                                753, 754, 755, 759    13, 8, 28, 8        
                                763, 764, 765, 766    17, 14, 7, 9        
                                766, 768, 770, 770    24, 7, 10, 30       
                                772, 772, 772, 773    5, 9, 12, 3         
                                779, 780, 780, 781    4, 2, 8, 2          
                                781, 782, 782, 782    9, 2, 5, 17         
                                783, 783, 783, 783    2, 5, 12, 17        
                                784, 784, 784, 784    2, 4, 9, 15         
                                785, 785, 785, 785    2, 10, 15, 25       
                                785, 785, 786, 786    31, 34, 4, 16       
                                786, 786, 787, 788    20, 23, 4, 10       
                                788, 790, 790, 793    22, 4, 16, 2        
                                793, 793, 793, 793    5, 11, 23, 25       
                                794, 794, 794, 794    6, 8, 12, 16        
                                794, 794, 795, 795    20, 23, 4, 8        
                                796, 797, 798, 798    10, 6, 2, 4         
                                799, 800, 802, 802    13, 13, 4, 17       
                                805, 808, 809, 811    24, 18, 8, 32       
                                813, 813, 816, 817    8, 26, 7, 10        
                                818, 819, 820, 820    10, 10, 8, 26       
                                821, 821, 823, 827    2, 5, 2, 6          
                                827, 827, 829, 833    11, 14, 2, 4        
                                837, 841, 841, 842    2, 17, 21, 13       
                                842, 843, 843, 844    19, 8, 13, 4        
                                851, 856, 859, 859    4, 8, 7, 9          
                                859, 859, 859, 859    14, 17, 27, 33      
                                859, 860, 860, 860    37, 7, 17, 27       
                                861, 862, 863, 863    5, 5, 6, 10         
                                865, 867, 868, 869    9, 6, 5, 4          
                                870, 870, 871, 871    6, 10, 7, 13        
                                871, 871, 871, 872    18, 28, 31, 15      
                                873, 875, 880, 881    8, 10, 8, 5         
                                882, 882, 883, 883    4, 9, 8, 14         
                                883, 884, 884, 884    16, 4, 12, 15       
                                885, 886, 888, 888    10, 4, 6, 8         
                                889, 889, 889, 891    5, 11, 13, 9        
                                891, 891, 892, 892    14, 20, 3, 5        
                                892, 892, 892, 893    9, 13, 17, 10       
                                893, 894, 894, 895    20, 3, 10, 2        
                                895, 895, 896, 898    5, 10, 10, 4        
                                898, 899, 900, 902    12, 6, 13, 12       
                                913, 914, 914, 914    6, 17, 22, 27       
                                914, 915, 915, 916    32, 6, 10, 6        
                                917, 918, 920, 920    2, 2, 3, 6          
                                920, 920, 921, 921    11, 13, 6, 27       
                                922, 923, 923, 924    5, 7, 12, 9         
                                925, 926, 927, 928    14, 4, 13, 2        
                                928, 928, 928, 929    7, 10, 15, 2        
                                929, 930, 937, 944    5, 2, 5, 6          
нэр дэвшигч                     19, 20, 38, 40        24, 24, 20, 15      
                                42, 42, 59, 81        6, 20, 13, 8        
                                149, 152, 152, 152    9, 15, 19, 26       
                                233, 336, 362, 368    4, 5, 4, 5          
                                369, 379, 380, 381    5, 4, 4, 7          
                                382, 383, 384, 386    4, 11, 8, 4         
                                386, 388, 390, 392    8, 4, 4, 4          
                                395, 406, 412, 414    24, 17, 13, 11      
                                416, 417, 421, 424    3, 17, 6, 7         
                                424, 438, 438, 439    19, 5, 28, 5        
                                441, 452, 452, 467    3, 13, 36, 14       
                                474, 483, 488, 491    7, 6, 6, 15         
                                508, 508, 512, 520    6, 22, 20, 13       
                                521, 522, 522, 524    8, 7, 22, 9         
                                524, 525, 526, 535    19, 16, 9, 3        
                                542, 545, 552, 565    16, 23, 4, 5        
                                575, 577, 587, 606    12, 28, 6, 13       
                                627, 628, 642, 643    12, 9, 12, 2        
                                659, 660, 671, 672    3, 3, 3, 3          
                                736, 763, 789, 797    8, 4, 17, 3         
                                805, 813, 871, 888    7, 29, 4, 3         
                                898, 898, 899, 902    8, 13, 8, 14        
                                921, 921, 923, 925    19, 24, 15, 8       
иргэн                           19, 20, 23, 24        30, 30, 23, 4       
                                24, 27, 27, 47        19, 4, 15, 13       
                                243, 263, 286, 287    16, 2, 4, 4         
                                288, 296, 340, 612    4, 6, 5, 9          
                                629, 633, 651, 657    17, 3, 2, 27        
                                664, 803, 806, 941    17, 10, 12, 14      
улсын бүртгэлийн байгууллага    22, 128, 266, 274     4, 19, 42, 44       
                                282, 299, 310, 313    29, 33, 29, 3       
улсын бүртгэлийн байгууллаг     22, 128, 266, 274     4, 19, 42, 44       
                                282, 299, 310, 313    29, 33, 29, 3       
төрийн үйлчилгээ                22, 141, 144, 313     14, 31, 8, 11       
                                838                   10                  
ажилтан                         22, 81, 88, 90        2, 7, 6, 3          
                                100, 101, 152, 233    4, 4, 25, 9         
                                312, 313, 316, 317    4, 2, 2, 2          
                                322, 328, 417, 418    2, 3, 15, 25        
                                424, 527, 565, 789    6, 5, 4, 16         
                                805, 856              6, 15               
гэрээ                           22, 100, 101, 113     7, 7, 7, 43         
                                354, 377, 510, 516    28, 6, 11, 12       
                                561, 575, 628, 629    10, 24, 15, 11      
                                652                   4                   
захиргаа                        22, 124, 132, 141     12, 22, 15, 29      
                                144, 186, 188, 258    6, 9, 14, 14        
                                261, 304, 313, 376    6, 29, 9, 11        
                                838, 938              8, 12               
хүн                             23, 52, 113, 349      2, 15, 33, 13       
                                395, 395, 395, 399    10, 16, 27, 11      
                                409, 634, 733, 798    6, 4, 10, 11        
                                812                   11                  
сонгогч                         23, 26, 38, 40        4, 3, 28, 11        
                                53, 57, 63, 83        10, 8, 12, 16       
                                87, 113, 125, 125     15, 22, 10, 16      
                                127, 149, 203, 204    8, 19, 15, 10       
                                205, 213, 214, 214    15, 11, 8, 30       
                                246, 247, 249, 251    18, 16, 40, 8       
                                254, 254, 254, 264    8, 16, 30, 19       
                                264, 264, 264, 264    20, 37, 38, 42      
                                265, 265, 265, 266    27, 31, 42, 16      
                                266, 267, 268, 273    32, 6, 8, 3         
                                273, 273, 274, 274    27, 38, 14, 34      
                                275, 276, 277, 278    2, 14, 10, 19       
                                278, 281, 284, 285    38, 8, 15, 6        
                                296, 297, 298, 299    25, 18, 10, 13      
                                299, 299, 300, 300    18, 26, 6, 12       
                                301, 301, 302, 302    11, 24, 13, 24      
                                302, 303, 304, 306    54, 7, 39, 8        
                                309, 310, 310, 311    16, 8, 19, 5        
                                316, 317, 317, 317    10, 7, 17, 24       
                                319, 319, 319, 320    2, 16, 21, 34       
                                320, 321, 322, 322    45, 6, 3, 13        
                                322, 322, 322, 323    24, 35, 44, 2       
                                323, 324, 324, 325    14, 7, 16, 6        
                                328, 329, 330, 331    26, 27, 9, 4        
                                331, 412, 419, 419    9, 3, 25, 35        
                                419, 443, 451, 461    47, 5, 6, 15        
                                469, 502, 523, 546    3, 4, 4, 15         
                                556, 558, 574, 578    27, 12, 20, 11      
                                587, 596, 668, 669    12, 15, 3, 5        
                                676, 688, 692, 693    12, 7, 3, 4         
                                693, 694, 697, 699    13, 6, 27, 7        
                                701, 701, 704, 705    7, 15, 4, 17        
                                707, 708, 709, 713    4, 4, 16, 11        
                                714, 715, 716, 717    12, 11, 4, 12       
                                718, 719, 720, 722    22, 11, 6, 5        
                                722, 723, 724, 725    13, 5, 21, 15       
                                726, 727, 728, 729    3, 7, 7, 7          
                                729, 730, 737, 740    11, 7, 20, 7        
                                741, 742, 745, 745    8, 9, 3, 7          
                                745, 747, 749, 751    16, 17, 17, 11      
                                751, 751, 753, 754    17, 33, 12, 11      
                                754, 754, 755, 755    17, 37, 11, 15      
                                755, 755, 757, 757    27, 37, 5, 9        
                                757, 757, 758, 758    13, 18, 7, 12       
                                759, 760, 760, 761    4, 20, 27, 4        
                                761, 764, 764, 765    5, 6, 13, 6         
                                766, 767, 770, 770    21, 6, 16, 23       
                                770, 771, 771, 774    28, 4, 5, 6         
                                775, 776, 782, 784    4, 5, 16, 14        
                                786, 788, 789, 790    9, 14, 10, 15       
                                791, 795, 798, 799    4, 7, 8, 6          
                                800, 819, 834, 844    12, 9, 11, 3        
                                859, 859, 871, 871    11, 40, 17, 20      
                                891, 895, 899, 902    22, 8, 4, 10        
                                918, 919, 920, 927    5, 11, 15, 6        
                                928, 928, 929, 929    5, 13, 8, 12        
                                940                   7                   
чадамж                          23, 27, 803           22, 12, 9           
эвсл                            25, 25, 278, 348      13, 23, 12, 10      
                                351, 377, 508, 512    4, 4, 30, 19        
                                524, 539, 545, 595    18, 5, 18, 6        
                                600, 642, 644, 671    25, 10, 5, 20       
гишүүн                          25, 90, 149, 151      20, 10, 7, 7        
                                157, 224, 225, 230    12, 7, 7, 7         
                                231, 328, 347, 348    13, 9, 13, 3        
                                348, 391, 728, 759    13, 3, 14, 3        
                                838                   4                   
сонгуулийн эрх бүхий иргэн      26, 46, 48, 246       7, 2, 38, 22        
жагсаал                         26, 99, 244, 245      5, 3, 4, 5          
                                246, 246, 247, 251    3, 20, 3, 10        
                                251, 254, 264, 264    48, 18, 22, 40      
                                265, 265, 266, 266    29, 44, 18, 23      
                                266, 267, 273, 274    34, 8, 5, 16        
                                274, 275, 276, 276    36, 4, 3, 7         
                                276, 277, 278, 280    16, 3, 40, 3        
                                281, 284, 285, 296    10, 17, 8, 27       
                                297, 298, 299, 300    20, 12, 20, 14      
                                301, 302, 302, 302    13, 15, 26, 35      
                                303, 306, 309, 310    9, 10, 18, 10       
                                310, 311, 316, 317    21, 7, 12, 9        
                                318, 319, 319, 320    5, 4, 23, 47        
                                321, 322, 322, 322    8, 5, 15, 37        
                                323, 323, 324, 324    4, 16, 9, 18        
                                325, 331, 529, 729    8, 6, 25, 9         
                                745, 754, 755, 757    5, 19, 17, 15       
                                760, 760, 761, 767    21, 29, 7, 3        
                                770, 771, 774, 834    25, 7, 3, 5         
                                834, 834, 891, 927    10, 13, 24, 3       
                                929                   10                  
18 нас хүрсэн                   27, 803               6, 3                
шүүхийн шийдвэр                 29, 47, 257, 340      17, 5, 8, 6         
                                394, 395, 681, 737    11, 35, 7, 35       
шүүх                            29, 257, 349, 350     14, 3, 5, 8         
                                368, 393, 401, 497    14, 11, 3, 4        
                                508, 508, 673, 673    27, 38, 12, 22      
                                938                   23                  
домэйн нэр                      31                    8                   
контент                         31                    6                   
хэрэглэгч                       31                    11                  
арга хэмжээ                     32, 87, 163, 166      17, 18, 9, 29       
                                192, 436, 436, 531    12, 8, 27, 14       
                                532, 547, 553, 570    17, 19, 22, 7       
                                582, 583, 584, 790    15, 38, 25, 25      
                                791, 840, 841, 848    10, 17, 26, 9       
нэмэгдэл                        32                    13                  
дахин сонгууль                  35, 110, 111, 304     7, 4, 8, 46         
                                306, 335, 903, 905    13, 11, 12, 10      
                                910, 925              6, 17               
баар                            35, 54, 57, 69        12, 5, 6, 46        
                                90, 102, 113, 125     6, 25, 45, 12       
                                126, 126, 139, 146    4, 11, 24, 7        
                                157, 228, 232, 240    17, 11, 14, 23      
                                246, 251, 251, 259    12, 35, 46, 9       
                                264, 267, 276, 277    32, 11, 9, 9        
                                302, 319, 319, 320    33, 20, 26, 33      
                                328, 341, 354, 380    8, 11, 24, 15       
                                408, 419, 438, 452    8, 17, 27, 21       
                                472, 476, 478, 479    23, 15, 8, 14       
                                480, 488, 495, 504    18, 34, 8, 14       
                                518, 521, 527, 545    13, 16, 12, 16      
                                580, 596, 600, 605    14, 23, 19, 11      
                                609, 618, 629, 640    18, 25, 13, 17      
                                642, 646, 647, 656    18, 14, 6, 7        
                                657, 657, 657, 668    18, 21, 30, 12      
                                671, 674, 678, 680    16, 7, 18, 18       
                                693, 697, 700, 718    23, 24, 21, 4       
                                722, 737, 747, 749    15, 14, 19, 12      
                                751, 753, 755, 757    24, 11, 22, 22      
                                763, 764, 770, 773    12, 9, 14, 16       
                                785, 802, 813, 820    6, 30, 25, 19       
                                831, 837, 838, 838    3, 26, 3, 15        
                                841, 841, 841, 846    3, 6, 14, 8         
                                849, 859, 860, 871    3, 20, 23, 24       
                                873, 885, 889, 892    13, 6, 9, 45        
                                896, 917, 921, 930    6, 11, 21, 11       
                                936, 939, 941         11, 13, 31          
хүсэлт                          37, 54, 278, 322      26, 8, 17, 27       
                                327, 328, 396, 424    6, 35, 20, 17       
                                606, 713, 719, 722    12, 18, 25, 20      
                                723, 723, 724, 725    13, 23, 11, 16      
                                808, 809, 810, 819    9, 3, 12, 18        
                                873                   6                   
тохиолдол                       37, 38, 42, 43        28, 32, 14, 14      
                                72, 109, 133, 197     13, 8, 10, 2        
                                225, 228, 280, 322    14, 13, 12, 22      
                                348, 388, 396, 399    8, 3, 5, 2          
                                406, 438, 496, 542    16, 37, 20, 13      
                                545, 571, 580, 628    10, 5, 21, 6        
                                664, 721, 755, 790    15, 2, 32, 21       
                                840, 841, 842, 871    15, 11, 9, 26       
                                913, 914, 925         5, 26, 16           
хоёр дахь санал хураалт         38, 93, 903, 905      15, 3, 6, 4         
                                923, 924, 925         17, 4, 4            
хөрөнг                          46, 113, 167, 178     15, 54, 6, 7        
                                198, 366, 386, 434    6, 3, 10, 6         
                                485, 504, 561, 571    17, 29, 5, 31       
                                588, 592, 604, 644    5, 4, 5, 12         
                                647, 650, 654         9, 12, 9            
хөрөнгө                         46, 113, 167, 178     15, 54, 6, 7        
                                198, 366, 386, 434    6, 3, 10, 6         
                                485, 504, 561, 571    17, 29, 5, 31       
                                588, 592, 604, 644    5, 4, 5, 12         
                                647, 650, 654         9, 12, 9            
ажил                            46, 100, 101, 102     18, 8, 8, 9         
                                113, 113, 143, 153    39, 56, 4, 37       
                                232, 238, 260, 261    20, 21, 33, 35      
                                262, 314, 343, 343    34, 11, 4, 36       
                                356, 367, 395, 421    15, 8, 13, 11       
                                421, 421, 432, 562    22, 35, 4, 8        
                                726, 811              7, 22               
тушаал                          46, 166, 238, 343     20, 25, 23, 6       
                                343, 350, 356, 357    38, 3, 17, 5        
                                367                   10                  
ял эдэлж байгаа                 47, 258, 349          10, 6, 10           
олон улсын байгууллаг           48, 632, 806          9, 6, 7             
олон улсын байгууллага          48, 632, 806          9, 6, 7             
төлөөлөгчийн газар              48, 48, 48, 188       17, 27, 31, 29      
                                286                   21                  
газар                           48, 48, 128, 130      23, 25, 25, 7       
                                249, 266, 274, 310    7, 48, 50, 35       
                                315, 386, 406, 465    17, 3, 10, 9        
                                480, 703, 728, 731    7, 9, 24, 8         
                                732, 733              4, 2                
монгол улсын уугуул иргэн       49, 50, 372           10, 10, 8           
нутгийн өөрөө удирдах байгууллаг  59, 153, 166, 282     6, 3, 14, 11        
                                493, 571, 632         3, 8, 15            
нутгийн өөрөө удирдах байгууллага  59, 153, 166, 282     6, 3, 14, 11        
                                493, 571, 632         3, 8, 15            
эвсэл                           59, 152, 284, 359     16, 18, 10, 3       
                                360, 363, 395, 452    2, 4, 23, 12        
                                452, 508, 520, 521    35, 32, 12, 7       
                                522, 522, 524, 526    6, 21, 8, 8         
                                529, 535, 552, 575    30, 2, 2, 11        
                                587, 599, 602, 603    4, 5, 19, 2         
                                616, 617, 648, 659    6, 13, 2, 2         
                                660                   2                   
байгууллага                     59, 69, 80, 81        19, 39, 2, 6        
                                88, 90, 100, 101      5, 2, 3, 3          
                                105, 108, 108, 110    8, 8, 16, 17        
                                112, 130, 134, 135    18, 3, 4, 4         
                                136, 139, 144, 152    4, 19, 16, 23       
                                153, 153, 159, 161    11, 30, 14, 46      
                                186, 188, 208, 233    11, 16, 4, 8        
                                233, 239, 241, 242    12, 9, 24, 8        
                                243, 249, 255, 258    13, 3, 3, 4         
                                261, 262, 282, 307    8, 3, 17, 5         
                                319, 327, 328, 352    44, 29, 2, 9        
                                354, 375, 376, 386    10, 8, 13, 14       
                                404, 411, 412, 413    8, 5, 17, 3         
                                417, 418, 421, 424    5, 5, 10, 5         
                                436, 437, 437, 438    50, 11, 28, 4       
                                439, 439, 453, 454    4, 22, 6, 8         
                                483, 492, 497, 527    5, 2, 12, 3         
                                529, 531, 547, 550    33, 19, 15, 11      
                                551, 565, 575, 580    13, 3, 4, 24        
                                582, 583, 595, 596    11, 35, 4, 4        
                                603, 608, 632, 632    20, 20, 5, 12       
                                648, 655, 657, 658    22, 27, 4, 4        
                                661, 662, 664, 678    13, 4, 4, 10        
                                678, 679, 702, 713    16, 31, 20, 23      
                                720, 723, 723, 733    8, 15, 34, 8        
                                737, 737, 762, 789    11, 38, 6, 15       
                                799, 805, 864, 876    8, 5, 13, 8         
                                882, 940              18, 10              
байгууллаг                      59, 69, 80, 81        19, 39, 2, 6        
                                88, 90, 100, 101      5, 2, 3, 3          
                                105, 108, 108, 110    8, 8, 16, 17        
                                112, 130, 134, 135    18, 3, 4, 4         
                                136, 139, 144, 152    4, 19, 16, 23       
                                153, 153, 159, 161    11, 30, 14, 46      
                                186, 188, 208, 233    11, 16, 4, 8        
                                233, 239, 241, 242    12, 9, 24, 8        
                                243, 249, 255, 258    13, 3, 3, 4         
                                261, 262, 282, 307    8, 3, 17, 5         
                                319, 327, 328, 352    44, 29, 2, 9        
                                354, 375, 376, 386    10, 8, 13, 14       
                                404, 411, 412, 413    8, 5, 17, 3         
                                417, 418, 421, 424    5, 5, 10, 5         
                                436, 437, 437, 438    50, 11, 28, 4       
                                439, 439, 453, 454    4, 22, 6, 8         
                                483, 492, 497, 527    5, 2, 12, 3         
                                529, 531, 547, 550    33, 19, 15, 11      
                                551, 565, 575, 580    13, 3, 4, 24        
                                582, 583, 595, 596    11, 35, 4, 4        
                                603, 608, 632, 632    20, 20, 5, 12       
                                648, 655, 657, 658    22, 27, 4, 4        
                                661, 662, 664, 678    13, 4, 4, 10        
                                678, 679, 702, 713    16, 31, 20, 23      
                                720, 723, 723, 733    8, 15, 34, 8        
                                737, 737, 762, 789    11, 38, 6, 15       
                                799, 805, 864, 876    8, 5, 13, 8         
                                882, 940              18, 10              
үйл ажиллагаа                   63, 64, 65, 72        4, 4, 2, 20         
                                77, 78, 102, 108      2, 4, 17, 35        
                                113, 145, 165, 166    47, 3, 5, 18        
                                168, 177, 178, 183    10, 4, 16, 10       
                                195, 220, 230, 240    3, 8, 15, 13        
                                282, 283, 284, 325    5, 12, 24, 10       
                                328, 356, 394, 403    16, 4, 6, 5         
                                413, 418, 421, 421    10, 9, 3, 19        
                                421, 496, 527, 556    32, 16, 9, 33       
                                567, 574, 608, 678    7, 23, 21, 6        
                                700, 701, 778, 805    5, 23, 4, 32        
                                814, 815, 826, 836    13, 5, 7, 10        
                                845, 846, 849, 879    7, 5, 5, 3          
сонгуулийн автоматжуулсан систем  65                    7                   
ээлжит сонгуул                  67, 69, 71, 72        5, 18, 28, 18       
                                73, 74, 74, 122       25, 5, 28, 13       
                                251, 255, 343, 343    49, 30, 10, 13      
                                476, 476, 476, 513    21, 39, 48, 6       
                                513, 513, 554, 554    24, 33, 13, 31      
                                554, 595, 944         40, 12, 4           
ээлжит сонгуули                 67, 69, 71, 72        5, 18, 28, 18       
                                73, 74, 74, 122       25, 5, 28, 13       
                                251, 255, 343, 343    49, 30, 10, 13      
                                476, 476, 476, 513    21, 39, 48, 6       
                                513, 513, 554, 554    24, 33, 13, 31      
                                554, 595, 944         40, 12, 4           
сонгуулийн жил                  67, 68, 132, 395      7, 7, 2, 2          
                                556, 935              2, 23               
ажлын өдөр                      68                    16                  
ажл                             69, 73, 74, 75        30, 14, 14, 26      
                                87, 90, 137, 163      11, 8, 24, 4        
                                164, 185, 186, 190    6, 9, 20, 15        
                                192, 200, 205, 214    7, 3, 18, 33        
                                219, 221, 228, 228    9, 5, 8, 14         
                                237, 238, 242, 246    10, 12, 11, 31      
                                376, 412, 472, 562    14, 12, 11, 5       
                                677, 744, 749, 820    17, 24, 8, 29       
                                837, 873              22, 15              
комисс                          69, 81, 81, 81        34, 40, 42, 52      
                                137, 139, 139, 185    30, 8, 10, 15       
                                186, 187, 187, 188    31, 2, 5, 2         
                                188, 189, 190, 190    18, 2, 2, 5         
                                191, 195, 196, 197    2, 2, 22, 4         
                                198, 202, 203, 204    12, 2, 2, 14        
                                206, 206, 287, 296    21, 29, 20, 2       
                                297, 297, 298, 298    2, 22, 2, 5         
                                302, 302, 302, 302    17, 23, 30, 37      
                                704, 705, 709, 709    25, 2, 11, 25       
                                710, 711, 766, 766    2, 2, 2, 33         
                                770, 773, 819, 820    2, 2, 20, 2         
                                820, 820, 884, 894    17, 35, 2, 2        
                                894                   20                  
ээлжит сонгууль                 71, 74, 133, 597      18, 19, 12, 11      
ээлжит бус сонгуул              75, 908               5, 11               
ээлжит бус сонгуули             75, 908               5, 11               
шийдвэр                         76, 145, 146, 147     22, 12, 16, 12      
                                169, 169, 235, 240    4, 22, 4, 9         
                                243, 258, 334, 354    7, 2, 11, 13        
                                364, 367, 383, 384    5, 13, 5, 5         
                                424, 532, 550, 553    23, 34, 12, 9       
                                556, 597, 602, 606    18, 28, 7, 20       
                                636, 846, 899, 900    2, 14, 14, 12       
                                902, 917, 917, 930    25, 6, 15, 6        
                                930, 936, 936, 937    12, 16, 26, 13      
                                938, 939              9, 3                
улсын төсв                      79, 97, 105, 108      12, 19, 14, 39      
                                110                   25                  
төсөв                           79, 97, 105, 108      10, 16, 11, 45      
үйл ажиллагааны зардал          80                    3                   
тээврийн хэрэгсл                81, 456, 457, 458     20, 20, 4, 13       
хэвлэмэл хуудас                 81, 156               45, 10              
туслагч                         81, 152, 329, 417     11, 32, 12, 24      
                                419, 422, 424, 565    23, 11, 13, 13      
                                805                   13                  
мэдээ                           81, 81, 83, 281       28, 29, 40, 20      
                                287, 288, 296, 379    12, 8, 20, 10       
                                476, 522, 522, 523    58, 11, 25, 7       
                                524, 550, 554, 575    14, 20, 50, 15      
                                663, 807              11, 6               
сум                             81, 113, 122, 137     31, 6, 6, 11        
                                139, 139, 141, 175    2, 28, 2, 17        
                                216, 249, 251, 260    11, 11, 34, 9       
                                261, 262, 273, 304    10, 5, 17, 6        
                                414, 418, 419, 421    2, 21, 10, 28       
                                421, 422, 465, 480    37, 16, 20, 36      
                                600, 600, 600, 685    4, 12, 29, 5        
                                723, 891, 891, 892    39, 31, 35, 31      
                                892, 893, 936         35, 13, 12          
нийслэл                         81, 113, 125, 137     32, 7, 7, 12        
                                139, 141, 160, 161    3, 3, 4, 17         
                                161, 162, 175, 178    34, 2, 2, 2         
                                180, 182, 237, 251    11, 13, 2, 36       
                                414, 418, 419, 421    3, 14, 11, 17       
                                421, 422, 600, 600    25, 17, 5, 11       
                                600, 679, 680, 713    28, 25, 27, 6       
                                846, 891, 891, 892    10, 41, 45, 41      
                                892, 893, 936, 936    51, 2, 19, 23       
салбар                          81, 81, 137, 139      41, 51, 29, 9       
                                185, 187, 188, 196    14, 4, 17, 21       
                                197, 198, 206, 260    3, 11, 20, 25       
                                287, 298, 302, 302    19, 4, 29, 36       
                                429, 600, 655, 704    9, 7, 8, 24         
                                709, 718, 766, 820    24, 8, 32, 16       
                                820                   34                  
тоног төхөөрөмж                 83, 102               9, 14               
лицензийн төлбөр                83, 98                35, 24              
үйлчилгээ                       83, 98, 113, 113      31, 18, 40, 57      
                                345, 431, 533, 534    2, 7, 8, 22         
                                550, 557, 849         5, 14, 9            
шуудан                          84, 91, 196, 206      27, 5, 20, 33       
                                286, 286, 473, 546    26, 29, 4, 14       
архивын баримт                  86                    20                  
авлига                          86, 366               13, 9               
авлиг                           86, 366               13, 9               
талууд                          87, 149, 150, 150     14, 11, 7, 18       
                                240, 267, 320, 320    15, 13, 23, 30      
                                323, 363, 436, 451    7, 9, 46, 5         
                                521, 522, 527, 532    19, 9, 11, 6        
                                570, 658, 661, 791    10, 8, 7, 8         
                                821                   11                  
тал                             87, 149, 150, 150     14, 11, 7, 18       
                                240, 267, 320, 320    15, 13, 23, 30      
                                323, 363, 436, 451    7, 9, 46, 5         
                                521, 522, 527, 532    19, 9, 11, 6        
                                570, 658, 661, 791    10, 8, 7, 8         
                                821                   11                  
мэдээлл                         87, 124, 128, 130     16, 16, 18, 13      
                                131, 166, 229, 233    5, 26, 19, 11       
                                249, 251, 255, 257    21, 32, 22, 14      
                                258, 259, 260, 261    22, 18, 34, 36      
                                262, 263, 264, 265    35, 22, 16, 16      
                                283, 288, 304, 307    15, 11, 23, 7       
                                308, 320, 409, 409    10, 22, 10, 21      
                                453, 476, 514, 521    5, 59, 20, 4        
                                521, 522, 527, 527    14, 3, 2, 13        
                                536, 550, 554, 564    3, 21, 51, 2        
                                575, 575, 582, 618    3, 16, 10, 20       
                                646, 680, 690, 722    11, 8, 3, 21        
                                755, 757, 762, 766    14, 12, 5, 36       
                                773, 820, 833, 864    19, 14, 7, 12       
                                866, 873, 876, 882    6, 11, 7, 17        
гэрчилгээ                       88, 141, 143, 144     7, 26, 8, 3         
                                372, 372, 676, 838    2, 5, 35, 21        
                                839                   3                   
мэдээллийн технолог             90, 102, 328, 837     4, 22, 6, 14        
                                837, 837, 838, 841    18, 24, 16, 12      
мэдээллийн технологи            90, 102, 328, 837     4, 22, 6, 14        
                                837, 837, 838, 841    18, 24, 16, 12      
холбоо                          91, 100, 109, 155     6, 12, 4, 9         
                                196, 220, 246, 269    13, 10, 28, 14      
                                271, 272, 320, 379    6, 7, 28, 7         
                                428, 509, 529, 531    6, 2, 2, 2          
                                550, 553, 580, 584    2, 2, 2, 2          
                                660, 662, 663, 805    7, 10, 9, 30        
хяналт тавих                    95, 167, 168, 178     10, 20, 14, 23      
                                183, 186, 198, 528    14, 26, 16, 6       
                                551, 659              8, 16               
улсын бүртгэл                   97, 124, 130, 131     7, 4, 21, 7         
                                161, 246, 249, 255    42, 32, 44, 23      
                                296, 298, 304, 308    8, 16, 11, 18       
                                315, 319, 327, 334    7, 41, 26, 12       
                                676                   4                   
захиргааны байгууллаг           97, 108, 108, 124     12, 22, 31, 9       
                                130, 131, 246, 249    26, 12, 37, 49      
                                251, 254, 255, 259    6, 6, 28, 6         
                                260, 263, 264, 265    6, 7, 6, 6          
                                266, 274, 278, 281    6, 6, 6, 6          
                                283, 296, 298, 299    6, 13, 21, 6        
                                301, 302, 304, 306    6, 6, 16, 6         
                                308, 309, 314, 315    23, 6, 6, 12        
                                320, 334, 581, 582    6, 17, 6, 6         
                                583, 676              14, 9               
захиргааны байгууллага          97, 108, 108, 124     12, 22, 31, 9       
                                130, 131, 246, 249    26, 12, 37, 49      
                                251, 254, 255, 259    6, 6, 28, 6         
                                260, 263, 264, 265    6, 7, 6, 6          
                                266, 274, 278, 281    6, 6, 6, 6          
                                283, 296, 298, 299    6, 13, 21, 6        
                                301, 302, 304, 306    6, 6, 16, 6         
                                308, 309, 314, 315    23, 6, 6, 12        
                                320, 334, 581, 582    6, 17, 6, 6         
                                583, 676              14, 9               
мэдээлэл                        99, 150, 254, 272     11, 10, 31, 6       
                                273, 302, 319, 320    39, 57, 17, 35      
                                395, 404, 523, 535    31, 5, 8, 12        
                                651, 660, 744, 778    9, 8, 21, 7         
                                811, 830, 941         12, 5, 12           
аудитын байгууллага             108                   2                   
аудитын байгууллаг              108                   2                   
тагнуулын байгууллаг            108, 315, 676, 678    9, 3, 30, 19        
                                679                   33                  
тагнуулын байгууллага           108, 315, 676, 678    9, 3, 30, 19        
                                679                   33                  
архив                           108, 372, 679, 680    24, 14, 26, 28      
                                755, 757, 892         57, 31, 52          
төсв                            109, 112, 113, 167    14, 19, 12, 5       
                                178, 198, 436         6, 5, 34            
газр                            109, 111, 124, 141    19, 16, 29, 13      
                                141, 247, 247, 249    17, 12, 29, 36      
                                251, 268, 273, 278    29, 12, 22, 31      
                                294, 295, 304, 347    8, 5, 36, 2         
                                366, 369, 480         11, 14, 26          
сан                             111, 124, 246, 249    18, 18, 9, 27       
                                301, 304, 579, 620    19, 25, 15, 14      
                                641, 754              13, 21              
агаар                           112, 112, 375, 375    16, 26, 6, 13       
                                436, 437, 437, 438    48, 9, 26, 2        
                                439, 595, 596, 603    2, 2, 2, 18         
                                648, 655, 657, 658    20, 25, 2, 2        
                                664                   2                   
дүгнэлт                         112, 375, 376, 436    28, 14, 16, 52      
                                437, 437, 438, 438    6, 29, 18, 45       
                                439, 583, 584, 584    13, 32, 9, 21       
                                648                   17                  
автоматжуулах хэрэгслийн иж бүрдэл  113                   18                  
орон нутгийн өмч                113, 154, 154, 346    51, 10, 15, 3       
                                346, 494, 495, 571    8, 3, 3, 14         
                                571, 635, 635         21, 3, 8            
хуулийн этгээд                  113, 154, 340, 346    34, 19, 3, 12       
                                395, 492, 494, 495    11, 3, 6, 12        
                                571, 571, 613, 613    17, 25, 6, 12       
                                615, 616, 618, 629    10, 2, 9, 19        
                                635, 636, 638, 651    12, 9, 5, 3         
                                657, 676              36, 37              
бараа                           113, 113, 557, 561    38, 55, 7, 8        
                                941                   20                  
зохицуулалт                     113, 335              62, 6               
монгол улсын нутаг дэвсгэр      118, 119              6, 3                
иргэний улсын бүртгэл           124, 246, 249, 271    13, 4, 22, 3        
                                301, 304, 320         14, 20, 25          
нэгж                            124, 132, 304, 378    25, 20, 32, 17      
тусгаарлах                      127                   17                  
зөвшөөрл                        127, 533, 534, 697    38, 10, 24, 21      
                                842                   12                  
удирдлага                       137, 165, 177, 186    32, 12, 11, 24      
                                189, 190, 195, 246    8, 7, 10, 42        
                                723, 723, 799         16, 20, 9           
удирдлаг                        137, 165, 177, 186    32, 12, 11, 24      
                                189, 190, 195, 246    8, 7, 10, 42        
                                723, 723, 799         16, 20, 9           
үүрэг гүйцэтгэгч                141                   19                  
нээлт                           141, 386, 439, 656    35, 23, 25, 8       
                                864, 882              9, 23               
гарын үсэг хуурамчаар үйлдэх    149                   36                  
мэдэгдэл                        150                   19                  
дүрм                            151                   19                  
төрийн албан хаагч              152, 566, 804         12, 3, 4            
бусад этгээд                    152, 485, 504, 565    35, 15, 27, 15      
                                763, 782              8, 14               
аж ахуйн нэгж                   153                   7                   
өргөдөл                         169, 179, 199, 207    6, 7, 7, 7          
                                220, 939, 939         11, 9, 16           
гомдл                           169, 179, 199, 207    7, 8, 8, 8          
                                220, 240, 246, 267    12, 28, 29, 15      
                                318, 319, 547         7, 37, 8            
баримт бичиг                    170, 182, 196, 200    5, 2, 15, 10        
                                206, 216, 236, 363    26, 2, 2, 20        
                                374, 379, 380, 382    14, 8, 6, 6         
                                392, 393, 396, 397    8, 6, 22, 7         
                                402, 436, 514, 661    8, 17, 18, 8        
                                662, 668, 680, 890    11, 10, 23, 7       
                                891, 892, 894         28, 28, 17          
баримт бичг                     170, 182, 196, 200    5, 2, 15, 10        
                                206, 216, 236, 363    26, 2, 2, 20        
                                374, 379, 380, 382    14, 8, 6, 6         
                                392, 393, 396, 397    8, 6, 22, 7         
                                402, 436, 514, 661    8, 17, 18, 8        
                                662, 668, 680, 890    11, 10, 23, 7       
                                891, 892, 894         28, 28, 17          
төлөөлөгчийн газр               187, 706              22, 31              
тайлан                          200, 453, 472, 608    7, 17, 12, 10       
                                645, 646, 646, 647    5, 3, 21, 3         
                                648, 649, 656, 657    12, 2, 5, 6         
                                658, 663, 665, 825    7, 2, 7, 7          
                                831                   2                   
тэмдэглэл                       206, 224, 232, 322    23, 25, 10, 49      
                                710, 744, 755, 755    11, 26, 20, 24      
                                760, 760, 766, 773    14, 31, 38, 7       
                                773, 785, 787, 834    17, 7, 10, 7        
                                858, 859, 860, 860    15, 21, 33, 35      
                                861, 885, 891, 894    14, 7, 25, 13       
                                896, 896              7, 23               
даруй                           206, 215, 231, 234    35, 6, 32, 37       
                                235, 302, 547, 697    7, 31, 22, 29       
                                841, 853, 860, 883    29, 16, 30, 21      
                                891, 894              55, 26              
санал тоолох төхөөрөмж          214, 699, 748, 751    19, 4, 12, 36       
                                783, 784, 785, 827    14, 6, 12, 8        
                                836, 837, 840, 854    6, 5, 4, 9          
                                858, 859, 872, 875    3, 24, 4, 6         
                                883, 886, 891         10, 6, 3            
тогтоол                         222, 226, 227, 382    17, 3, 16, 20       
гарын үсэг зурах                224, 860              26, 40              
ажиглах                         233, 801, 807, 816    18, 4, 2, 10        
                                817, 817, 820, 826    13, 17, 11, 10      
саад учруулсан                  234                   32                  
захирамж                        237                   12                  
ажилтн                          238, 315              3, 2                
гомдол                          240, 240, 320, 931    20, 37, 19, 7       
                                934, 935, 935, 936    7, 2, 12, 33        
                                939, 939              10, 17              
цахим мэдээлл                   246, 249, 301         7, 25, 17           
иргэний бүртгэлийн дугаар       247, 251, 255, 269    24, 23, 11, 8       
                                278, 291, 618, 751    25, 5, 6, 12        
                                755                   46                  
цагдаагийн алба хаагч           262, 328              20, 23              
тайлбар                         264, 828              24, 16              
иргэний бүртгэл                 269, 327, 755         12, 21, 33          
итгэмжлэгдсэн ажилтн            273, 751              24, 20              
эрх бүхий этгээд                278, 381, 461, 479    14, 11, 4, 27       
                                487, 488, 546, 579    4, 25, 3, 4         
                                639, 808, 818, 819    19, 3, 3, 3         
                                935                   7                   
журам                           281, 318, 532, 663    18, 9, 11, 10       
                                807, 843, 892, 915    3, 16, 47, 12       
төрийн бус байгууллага          284, 659, 802, 814    11, 12, 13, 18      
төрийн бус байгууллаг           284, 659, 802, 814    11, 12, 13, 18      
паспорт                         287, 291, 322, 770    16, 3, 30, 22       
итгэмжлэгдсэн ажилтан           299, 319, 325, 327    36, 38, 12, 23      
                                328, 725, 754, 755    4, 7, 6, 35         
                                760, 873              5, 22               
гэр бүл                         319                   32                  
иргэний улсын бүртгэлийн мэдээллийн сан  320                   8                   
нотлох баримт                   322, 406              32, 11              
хөдөлгөөн                       332, 333, 334, 335    5, 3, 7, 3          
                                479, 479, 485, 504    10, 19, 10, 22      
нийтлэг журам                   337                   6                   
батлан даалт                    340                   14                  
зээл                            340, 643              11, 9               
өр                              340, 341, 430, 636    16, 4, 4, 6         
албан татвар                    341, 636              21, 4               
компан                          341, 341, 519         9, 19, 8            
компани                         341, 341, 519         9, 19, 8            
хувьцаа                         341, 562              15, 3               
дахин сонгуули                  343, 556              24, 12              
дахин сонгуул                   343, 556              24, 12              
хамтын удирдлагын байгууллага   347                   4                   
хамтын удирдлагын байгууллаг    347                   4                   
гэмт хэрг                       349, 350, 406         2, 4, 8             
гэмт хэрэг                      349, 350, 406         2, 4, 8             
шийтгэх тогтоол                 349, 350              8, 11               
зөвшөөрөл                       365, 488, 583         5, 18, 33           
орлог                           366, 386, 429, 605    4, 11, 10, 13       
                                620, 641, 646, 650    11, 10, 9, 5        
орлого                          366, 386, 429, 605    4, 11, 10, 13       
                                620, 641, 646, 650    11, 10, 9, 5        
мэдүүлг                         366, 386              5, 12               
мэдүүлэг                        366, 386              5, 12               
хил хамгаалах байгууллага       373                   11                  
хил хамгаалах байгууллаг        373                   11                  
хөтөлбөр                        375, 410, 412, 425    12, 4, 7, 5         
                                426, 427, 435, 436    20, 3, 5, 5         
                                437, 437, 438, 438    5, 24, 9, 31        
                                439, 501, 521, 522    9, 3, 5, 4          
                                523, 525, 525, 536    10, 6, 14, 4        
                                570, 574, 577, 577    3, 3, 18, 33        
                                587                   11                  
эрүүл мэнд                      376, 376, 719         3, 6, 14            
дүрэм                           377, 613, 814         5, 8, 8             
газрын мэдээллийн сан           378                   13                  
баримт бичгийн бүрдэл           380                   17                  
оролцогч                        395, 520, 524         19, 9, 6            
тээврийн хэрэгсэл               408, 455, 456, 459    5, 5, 16, 5         
                                488, 571              20, 27              
сүлжээ                          409, 454, 540, 553    28, 14, 6, 16       
                                580, 583, 584         30, 27, 18          
итгэмжлэл                       414, 416, 417, 419    13, 7, 11, 4        
эд хөрөнг                       428, 428, 557, 625    2, 4, 4, 5          
эд хөрөнгө                      428, 428, 557, 625    2, 4, 4, 5          
орон нутгийн төсв               429, 434              13, 3               
газрын тос                      429                   3                   
төлбөр                          430, 476, 513, 513    5, 19, 4, 44        
                                554, 554, 559, 636    11, 52, 5, 7        
төсвийн тусгай шаардлаг         436                   40                  
төсвийн тусгай шаардлага        436                   40                  
хөгжлийн бодлого                436                   11                  
хөгжлийн бодлог                 436                   11                  
дунд хугацаа                    436                   15                  
цуглаан                         446, 489, 490, 491    4, 6, 5, 5          
                                492, 558              9, 2                
нэвтрүүлг                       448, 452, 452, 506    4, 25, 30, 4        
                                506, 507, 508, 509    7, 7, 11, 12        
                                510, 511, 512, 513    10, 11, 3, 3        
                                513, 514, 515, 518    43, 11, 2, 19       
                                520, 522, 523, 524    3, 15, 9, 15        
                                524, 525, 525, 525    22, 5, 9, 13        
                                526, 529, 529, 536    3, 13, 19, 9        
                                577, 577              17, 32              
нэвтрүүлэг                      448, 452, 452, 506    4, 25, 30, 4        
                                506, 507, 508, 509    7, 7, 11, 12        
                                510, 511, 512, 513    10, 11, 3, 3        
                                513, 514, 515, 518    43, 11, 2, 19       
                                520, 522, 523, 524    3, 15, 9, 15        
                                524, 525, 525, 525    22, 5, 9, 13        
                                526, 529, 529, 536    3, 13, 19, 9        
                                577, 577              17, 32              
хандив                          451, 600, 610, 611    4, 22, 4, 2         
                                611, 614, 615, 616    4, 4, 2, 15         
                                617, 617, 618, 618    6, 15, 16, 29       
                                618, 620, 621, 621    30, 5, 4, 8         
                                622, 623, 624, 627    3, 5, 3, 3          
                                628, 628, 629, 629    3, 14, 3, 10        
                                629, 631, 639, 639    22, 3, 13, 16       
                                640, 640, 641, 642    2, 13, 8, 21        
                                644, 651, 657, 657    13, 11, 25, 34      
                                659                   6                   
олон суваг дамжуулах үйлчилгээ эрхлэгч  454, 580, 583, 584    9, 25, 22, 13       
харилцаа холбоо                 454, 507, 508, 514    17, 8, 16, 22       
                                528, 530, 533, 534    9, 6, 11, 25        
                                542, 545, 547, 551    25, 11, 10, 15      
зохицуулах хороо                454, 509, 528, 529    19, 3, 11, 3        
                                530, 531, 533, 534    8, 3, 13, 27        
                                547, 551, 553, 580    12, 17, 3, 3        
                                584                   3                   
нэг хэвлэлийн хуудас            470                   4                   
зар сурталчилгаа                476, 513, 516, 554    56, 41, 9, 48       
барилга байгууламж              483, 695              14, 2               
явган зорчигч                   485, 504              18, 30              
замын хөдөлгөөн                 485, 504              25, 37              
зам                             485, 504              5, 17               
аюул                            485, 504, 711, 914    20, 32, 9, 5        
бусад газар                     488                   35                  
биеийн тамир                    492, 558              18, 3               
прокурор                        497                   5                   
эмнэлэг                         497, 713, 733         11, 19, 4           
эмнэлг                          497, 713, 733         11, 19, 4           
олон нийтийн радио, телевиз     509, 529              5, 5                
мэдэгдл                         514                   16                  
тусгай зөвшөөрөл эзэмшигч       519                   3                   
тусгай зөвшөөрөл                519, 676              15, 28              
хадмал тайлбар                  535                   17                  
цахим хуудас                    538, 539, 540, 541    5, 10, 8, 2         
                                543, 545, 548, 550    6, 34, 6, 16        
                                554                   5                   
цахим хуудс                     542, 542, 544, 545    8, 14, 8, 5         
                                549, 552              6, 12               
технолог                        553, 838, 841, 851    21, 2, 2, 2         
технологи                       553, 838, 841, 851    21, 2, 2, 2         
хөнгөлөлт                       557, 557              10, 17              
хэлцэл                          561                   12                  
нийтлэх                         564, 577              21, 41              
дахин санал хураалт             576, 903, 905, 912    4, 3, 1, 7          
                                916, 917              14, 12              
өөрийн хөрөнгө                  590, 591              2, 3                
өөрийн хөрөнг                   590, 591              2, 3                
ээлжит бус сонгууль             597, 907              23, 6               
банк                            602, 603, 606, 618    13, 8, 25, 21       
                                655                   5                   
зарлага                         606, 607, 608, 609    4, 6, 40, 20        
                                646, 654              10, 4               
зарлаг                          606, 607, 608, 609    4, 6, 40, 20        
                                646, 654              10, 4               
зарлиг                          606, 607, 608, 609    4, 6, 40, 20        
                                646, 654              10, 4               
зарлг                           606, 607, 608, 609    4, 6, 40, 20        
                                646, 654              10, 4               
регистрийн дугаар               618                   13                  
татварын тайлан                 621                   10                  
итгэмжлэгдсэн төлөөлөгч         628                   12                  
зах зээл                        629                   5                   
үнэлгээ                         629, 629              4, 15               
гадаадын хөрөнгө оруулалт       632                   9                   
харьяалалгүй хүн                633                   4                   
шашны байгууллага               637                   3                   
шашны байгууллаг                637                   3                   
үл хөдлөх эд хөрөнгө            642                   5                   
үл хөдлөх эд хөрөнг             642                   5                   
санхүүгийн тайлан               647                   10                  
аудитын хуулийн этгээд          648                   14                  
хуулийн этгээдийн мэдээлэл      664                   18                  
дотоод мэдээлэл                 664                   11                  
заавар                          670, 698              5, 10               
үнэт цаас                       676                   25                  
зорилтын санал                  680, 700              14, 10              
гэрч                            681                   17                  
заавр                           685, 781, 784, 800    13, 5, 23, 8        
гал түймэр                      697                   11                  
ус                              697, 711              10, 7               
суурин газр                     700                   18                  
дотоод мэдээлл                  718                   18                  
буяны байгууллаг                723                   18                  
буяны байгууллага               723                   18                  
гэр бүлийн гишүүн               732                   12                  
орон байр                       732                   7                   
овог                            755                   44                  
овг                             755                   44                  
боловсролын түвшн               788                   7                   
итгэмжилсэн хүн                 789, 789, 798         5, 25, 20           
спорт                           848                   4                   
мэдээллийн технологийн даамал   873                   18                  
гамшг                           914                   2                   
гамшиг                          914                   2                   
нэмэлт санал хураалт            927                   25                  
төрийн алб                      933                   17                  
төрийн алба                     933                   17                  
давж заалдах шатны шүүх         938                   14                  
нэхэмжлэл                       939, 939              11, 18              
