File: MNCLW00312.txt
Search Method: Trie (MWE + Single-Word)
Total runtime: 0.003479s
Found terms: 129

Term                            Line                  Word Place          

хүү                             5, 35                 2, 27               
автотээврийн болон өөрөө явагч хэрэгсл  6, 7, 12, 35          3, 3, 1, 12         
                                97, 105, 106, 111     25, 4, 4, 5         
                                115, 117, 117         6, 5, 22            
албан татвар                    6, 7, 9, 9            8, 8, 16, 20        
                                11, 12, 12, 14        8, 6, 9, 18         
                                17, 35, 35, 36        7, 7, 20, 7         
                                97, 97, 99, 103       13, 22, 23, 15      
                                104, 104, 104, 109    20, 26, 40, 11      
                                111, 112, 114, 117    11, 6, 17, 10       
                                118                   10                  
автотээврийн болон өөрөө явагч хэрэгсэл  9, 14, 16, 17         11, 5, 6, 2         
                                97, 103, 104, 114     7, 4, 29, 6         
аж ахуйн нэгж                   9, 14                 7, 14               
хүн                             9, 14, 26, 27         6, 13, 11, 11       
                                109                   2                   
байгууллаг                      9, 14, 111            10, 17, 4           
байгууллага                     9, 14, 111            10, 17, 4           
төсөв                           9, 111                22, 22              
татвар төлөгч                   13                    4                   
монгол улсын нутаг дэвсгэр      14                    1                   
ачаа                            18, 19, 26, 27        3, 3, 13, 13        
                                35, 99                104, 10             
хүнсний технологийн тээвэрлэлт  26, 27                4, 4                
сум                             35, 35                32, 34              
агаар                           35, 40                58, 1               
баар                            35, 35, 41            62, 298, 1          
овр                             35                    299                 
үр тариа                        96                    11                  
нийслэл                         97                    32                  
тохиолдол                       99, 104, 104          17, 8, 38           
улсын бүртгэл                   104                   9                   
баримт бичиг                    104                   15                  
баримт бичг                     104                   15                  
ашиглалт                        104                   6                   
захиргааны байгууллаг           105, 106              20, 20              
захиргааны байгууллага          105, 106              20, 20              
журм                            105, 106              12, 12              
зам                             105, 106              15, 15              
нэгж                            111                   3                   
тайлан                          111                   31                  
замын хөдөлгөөн                 113, 115, 117         6, 1, 18            
зохицуулах байгууллага          113, 114, 115, 117    8, 3, 3, 3          
                                117                   20                  
зохицуулах байгууллаг           113, 114, 115, 117    8, 3, 3, 3          
                                117                   20                  
үйл ажиллагаа                   113                   10                  
талууд                          113                   5                   
тал                             113                   5                   
татварын алб                    114, 117              15, 16              
татварын алба                   114, 117              15, 16              
хөдөлгөөн                       114, 114, 117         2, 25, 2            
тодорхойлолт                    114                   22                  
мэдээ                           115                   14                  
хяналт шалгалт                  117                   30                  
ажил                            117                   13                  
ажл                             117                   32                  
гэрчилгээ                       118                   8                   
тэмдэглэл                       118                   14                  
газр                            123                   6                   
