File: MNCLW00298.txt
Search Method: Aho-Corasick
Total runtime: 0.002345s
Found terms: 542

Term                            Line                  Word Place          

хүү                             5, 20, 144, 196       2, 310, 2, 143      
                                196, 261, 273         168, 2, 1           
төсв                            6, 11, 12, 13         5, 10, 7, 5         
                                13, 15, 15, 17        15, 8, 11, 8        
                                19, 195, 294, 299     8, 8, 8, 8          
                                341                   6                   
орон нутгийн төсөв              11, 299               19, 10              
орон нутгийн төсв               11, 298, 341          25, 8, 8            
төсвийн ерөнхийлөн захирагч     11, 19, 20, 22        33, 10, 2, 1        
                                195, 196, 198         10, 2, 1            
улсын  төсөв                    11, 15, 19, 341       6, 4, 4, 11         
улсын төсөв                     11, 15, 19, 341       6, 4, 4, 11         
санхүүгийн дэмжлэг              11, 298, 299, 300     23, 6, 14, 4        
                                303                   2                   
санхүүгийн дэмжлг               11, 298, 299, 300     23, 6, 14, 4        
                                303                   2                   
орлого                          11, 11, 11, 15        13, 16, 30, 13      
                                17, 19, 20, 20        14, 19, 20, 33      
                                20, 20, 20, 20        59, 86, 113, 127    
                                20, 20, 20, 20        154, 216, 228, 247  
                                20, 20, 20, 20        261, 267, 280, 295  
                                20, 20, 20, 20        301, 321, 335, 341  
                                20, 20, 27, 32        395, 420, 5, 5      
                                43, 54, 65, 70        5, 5, 5, 5          
                                81, 109, 113, 120     5, 8, 5, 5          
                                125, 127, 132, 137    8, 5, 5, 8          
                                139, 146, 151, 153    5, 5, 8, 5          
                                172, 183, 298, 341    5, 5, 13, 15        
                                342, 345              5, 3                
орлог                           11, 11, 11, 15        13, 16, 30, 13      
                                17, 19, 20, 20        14, 19, 20, 33      
                                20, 20, 20, 20        59, 86, 113, 127    
                                20, 20, 20, 20        154, 216, 228, 247  
                                20, 20, 20, 20        261, 267, 280, 295  
                                20, 20, 20, 20        301, 321, 335, 341  
                                20, 20, 27, 32        395, 420, 5, 5      
                                43, 54, 65, 70        5, 5, 5, 5          
                                81, 109, 113, 120     5, 8, 5, 5          
                                125, 127, 132, 137    8, 5, 5, 8          
                                139, 146, 151, 153    5, 5, 8, 5          
                                172, 183, 298, 341    5, 5, 13, 15        
                                342, 345              5, 3                
зарлиг                          11, 14                14, 8               
зарлаг                          11, 14                14, 8               
зарлага                         11, 14                14, 8               
зарлг                           11, 14                14, 8               
байгууллага                     11, 19, 19, 20        18, 15, 17, 18      
                                20, 20, 20, 20        31, 57, 84, 111     
                                20, 20, 20, 20        125, 139, 152, 226  
                                20, 20, 20, 20        245, 265, 278, 299  
                                20, 20, 20, 20        319, 339, 393, 418  
                                27, 32, 43, 54        3, 3, 3, 3          
                                65, 70, 77, 81        3, 3, 2, 3          
                                113, 120, 127, 132    3, 3, 3, 3          
                                139, 146, 153, 172    3, 3, 3, 3          
                                183                   3                   
байгууллаг                      11, 19, 19, 20        18, 15, 17, 18      
                                20, 20, 20, 20        31, 57, 84, 111     
                                20, 20, 20, 20        125, 139, 152, 226  
                                20, 20, 20, 20        245, 265, 278, 299  
                                20, 20, 20, 20        319, 339, 393, 418  
                                27, 32, 43, 54        3, 3, 3, 3          
                                65, 70, 77, 81        3, 3, 2, 3          
                                113, 120, 127, 132    3, 3, 3, 3          
                                139, 146, 153, 172    3, 3, 3, 3          
                                183                   3                   
төсөв                           11, 20, 20, 20        36, 17, 30, 56      
                                20, 20, 20, 20        83, 110, 124, 151   
                                20, 20, 20, 20        225, 244, 264, 277  
                                20, 20, 20, 20        298, 318, 338, 392  
                                20, 27, 32, 43        417, 2, 2, 2        
                                54, 65, 70, 81        2, 2, 2, 2          
                                113, 120, 127, 132    2, 2, 2, 2          
                                139, 146, 153, 172    2, 2, 2, 2          
                                183, 195, 298         2, 15, 4            
монгол улсын нэгдсэн төсв       13                    10                  
төсвийн байгууллаг              13                    19                  
төсвийн байгууллага             13                    19                  
удирдлага                       13                    21                  
удирдлаг                        13                    21                  
этгээд                          13                    28                  
төсвийн орлог                   14                    6                   
төсвийн орлого                  14                    6                   
улсын төсв                      17, 195, 294, 294     4, 4, 4, 10         
                                296, 299, 387         15, 4, 4            
төсвийн зарлага                 17                    11                  
төсвийн  зарлага                17                    11                  
төсвийн зарлаг                  17                    11                  
бүх нийтийн үйлчилгээний үүргийн сан  20, 39                45, 1               
гадаадын хөрөнгө оруулалт       20, 79                145, 1              
нийгмийн даатгалын сан          20, 20, 20, 20        209, 254, 288, 328  
                                109, 125, 137, 151    1, 1, 1, 1          
санхүүгийн зохицуулах хороо     20, 186, 196, 279     423, 1, 181, 1      
цөмийн энерг                    20, 41                51, 1               
цөмийн энерги                   20, 41                51, 1               
улсын бүртгэл                   20, 48                68, 1               
оюуны өмч                       20, 50                73, 1               
төлөөлөгчийн газр               20, 75                135, 2              
гадаадын иргэн                  20, 101               188, 1              
шүүхийн шийдвэр                 20, 111               218, 1              
байгаль орчин                   20, 20, 116, 118      231, 237, 1, 1      
                                196, 243              102, 1              
аялал жуулчлал                  20, 20, 116, 118      233, 239, 3, 3      
                                196, 243              104, 3              
батлан хамгаалах                20, 123, 196, 246     250, 1, 109, 1      
эрүүл мэнд                      20, 149, 196, 264     324, 1, 151, 1      
хот байгуулалт                  20, 156, 196, 252     347, 4, 124, 4      
авто зам                        20, 162               359, 1              
тээврийн хэрэгсл                20, 164               363, 1              
эрчим хүч                       20, 20, 175, 181      400, 412, 3, 1      
                                196, 255              131, 3              
ашигт малтмал                   20, 177               404, 1              
газрын тос                      20, 179               408, 1              
газр                            20, 20, 20, 20        13, 117, 120, 378   
                                25, 68, 68, 168       5, 2, 5, 1          
                                196, 196, 196, 196    13, 79, 82, 213     
                                201, 231, 231, 291    5, 2, 5, 3          
газар                           20, 20, 20, 20        53, 71, 75, 80      
                                20, 20, 20, 20        97, 103, 107, 143   
                                20, 20, 20, 20        148, 162, 170, 186  
                                20, 20, 20, 20        193, 197, 201, 206  
                                20, 20, 20, 20        222, 306, 354, 357  
                                20, 20, 20, 20        361, 384, 406, 410  
                                20, 41, 48, 50        414, 3, 4, 3        
                                52, 59, 61, 63        4, 4, 5, 3          
                                77, 79, 86, 90        6, 4, 3, 3          
                                99, 101, 103, 105     3, 6, 3, 3          
                                107, 111, 141, 158    4, 5, 4, 4          
                                160, 162, 168, 177    2, 3, 7, 3          
                                179, 181              3, 3                
стандартчилал                   20, 52                77, 1               
хэмжил                          20, 52                78, 2               
мэргэжл                         20, 20, 59, 61        94, 101, 1, 3       
нийслэл                         20, 20, 61, 107       100, 204, 2, 2      
үйлчилгээ                       20, 20, 77, 141       140, 305, 3, 3      
сан                             20, 20, 20, 84        157, 166, 172, 1    
                                88, 92, 196, 237      3, 1, 91, 1         
                                296                   18                  
архив                           20, 99                184, 1              
зам                             20, 20, 20, 105       199, 344, 372, 1    
                                156, 166, 196, 252    1, 3, 121, 1        
эмнэлг                          20, 20, 20, 20        213, 258, 292, 332  
                                109, 125, 137, 151    5, 5, 5, 5          
эмнэлэг                         20, 20, 20, 20        213, 258, 292, 332  
                                109, 125, 137, 151    5, 5, 5, 5          
хүнс                            20, 144, 196, 261     309, 1, 142, 1      
нисэх                           20, 158               352, 2              
зохицуулалт                     20, 164               367, 5              
хувьцаа                         20, 166               375, 6              
компани                         20, 166               376, 7              
компан                          20, 166               376, 7              
геодез                          20, 168               381, 4              
геодези                         20, 168               381, 4              
захиргаа                        20, 170               389, 4              
шүүх                            20, 189, 196, 196     429, 1, 34, 39      
                                210, 213              3, 1                
зөвлөл                          20, 189, 196, 196     431, 3, 41, 53      
                                196, 213, 219, 267    158, 3, 4, 3        
олон нийтийн радио, телевиз     196, 288              204, 3              
үндэсний аюулгүй байдл          196, 219              50, 1               
төрийн алба                     196, 267              156, 1              
төрийн алб                      196, 267              156, 1              
шүүгч                           196, 210              36, 5               
прокурор                        196, 216              47, 3               
комисс                          196, 196, 273, 285    171, 198, 4, 6      
аудитор                         196, 276              178, 4              
ажл                             196, 285              194, 2              
авлига                          196, 291              211, 1              
авлиг                           196, 291              211, 1              
хөрөнгө оруулалт                294, 294, 387         14, 29, 10          
тоног төхөөрөмж                 294                   16                  
хөрөнг                          294, 296, 387         12, 20, 6           
хөрөнгө                         294, 296, 387         12, 20, 6           
төсл                            294                   26                  
зээл                            294                   27                  
төсөл, арга хэмжээ              387                   12                  
барилга байгууламж              387                   15                  
