File: MNCLW00485.txt
Search Method: Trie (MWE + Single-Word)
Total runtime: 0.009428s
Found terms: 462

Term                            Line                  Word Place          

балчир хүүхэд                   8, 14, 15, 21         2, 5, 2, 2          
                                23, 27, 28, 38        5, 2, 2, 2          
                                62, 76, 87, 94        2, 2, 5, 2          
                                97, 98, 103, 104      2, 2, 5, 2          
                                112, 126, 128, 129    2, 2, 16, 3         
                                130, 135, 160         3, 2, 2             
хүнс                            8, 13, 14, 15         4, 14, 7, 4         
                                15, 22, 22, 22        16, 3, 6, 13        
                                22, 26, 38, 40        24, 14, 4, 2        
                                41, 42, 44, 45        2, 2, 7, 2          
                                46, 81, 83, 87        15, 4, 4, 7         
                                90, 126, 126, 128     4, 4, 11, 6         
                                129, 130, 133, 134    6, 6, 16, 19        
                                155, 160, 161, 164    4, 4, 7, 17         
нийтлэх                         10, 11                1, 1                
аюул                            13, 15, 38, 40        13, 21, 11, 9       
                                43, 49                12, 10              
хангагч                         13, 15, 37, 38        15, 23, 14, 13      
                                40, 40, 43, 43        11, 17, 14, 20      
                                49, 129, 130, 135     12, 13, 13, 7       
                                141, 143, 145         8, 15, 9            
хүнсний бүтээгдэхүүн            15, 21, 38, 40        19, 20, 9, 7        
                                43, 49, 133           10, 8, 13           
хяналт шалгалт                  15, 166               27, 20              
зар сурталчилгаа                15, 85, 86, 87        31, 1, 1, 10        
                                155                   8                   
мөрдөгч                         16, 176               16, 12              
хэрэглэгч                       18, 32, 59, 63        3, 30, 5, 3         
                                65, 69, 115, 120      8, 5, 2, 4          
                                133                   12                  
хооллох хэрэгсэл                21, 75, 76, 81        23, 4, 4, 9         
                                87, 115               8, 3                
бүтээгдэхүүн                    21, 21, 23, 24        6, 9, 21, 26        
                                25, 27, 28, 34        25, 31, 18, 2       
                                35, 36, 37, 39        2, 5, 2, 2          
                                43, 46, 47, 48        2, 7, 15, 5         
                                49, 55, 58, 63        2, 2, 2, 2          
                                65, 66, 69, 71        7, 15, 4, 2         
                                73, 74, 74, 83        10, 3, 9, 12        
                                88, 89, 90, 92        3, 9, 15, 4         
                                96, 99, 100, 100      6, 2, 5, 13         
                                100, 101, 102, 112    20, 8, 2, 19        
                                118, 119, 121         5, 2, 2             
эрүүл мэндийн байгууллага       22, 100, 104, 123     20, 8, 8, 5         
                                124, 140, 141, 147    5, 4, 16, 4         
                                148                   5                   
стандарт                        22, 22, 22, 24        4, 7, 29, 15        
                                25, 27, 37, 39        14, 13, 9, 7        
                                43, 83                8, 5                
байгууллага                     22, 22, 90, 95        12, 17, 10, 12      
                                96, 101, 104, 125     3, 16, 14, 7        
                                126, 127, 133, 134    19, 8, 7, 8         
                                138, 149, 149, 149    17, 3, 9, 12        
                                150, 150, 151, 151    3, 16, 5, 8         
                                151, 154, 155, 161    21, 2, 17, 13       
                                161, 164, 164, 166    19, 16, 23, 5       
                                167, 168              5, 3                
ажилгүй                         22                    15                  
сүүн тэжээл                     24, 27, 27, 32        2, 6, 26, 25        
                                61, 62, 113, 114      4, 5, 5, 9          
үйлдвэрлэгч                     24, 25, 27, 28        17, 16, 15, 12      
                                80, 81, 83, 112       11, 8, 13, 15       
амьтан                          24, 25                18, 17              
ургамал                         24, 25                19, 18              
нэмэгдэл                        26                    12                  
эмчилгээ-сувилгааны зориулалт   27                    23                  
эхийн сүүгээр дагнан хооллох    31, 105               14, 6               
үйл ажиллагаа                   31, 53, 92, 163       28, 5, 9, 15        
эмнэлгийн мэргэжилтэн           32, 65, 80, 150       27, 2, 7, 18        
бараа                           32                    4                   
банк                            32, 145, 146          21, 14, 4           
тохиолдол                       32                    23                  
заавар                          32, 50, 54, 59        29, 4, 11, 6        
                                72, 117, 128, 132     2, 2, 19, 6         
                                164                   7                   
боодол                          34, 35, 38, 48        6, 6, 23, 8         
                                49, 54, 55, 56        5, 4, 5, 4          
                                61, 62, 66, 67        8, 9, 5, 9          
                                68, 73, 74, 75        6, 7, 6, 8          
                                76, 79, 80, 82        8, 5, 5, 11         
мэдээлэл                        38, 49, 53, 55        8, 20, 13, 8        
                                56, 57, 58, 62        7, 11, 8, 14        
                                68, 72, 73, 76        15, 10, 27, 11      
                                80, 82, 85, 86        15, 14, 3, 3        
                                90, 103, 104, 112     12, 9, 6, 7         
                                114, 118, 119, 120    15, 11, 6, 11       
                                143, 144, 149, 150    8, 14, 22, 8        
                                151, 166, 169         13, 16, 8           
хүнсний нэмэлт                  39                    12                  
агуулах                         44, 49, 64, 73        15, 21, 8, 25       
                                74, 80                21, 13              
хувиргасан амьд организм        45                    5                   
төрийн бус байгууллага          47, 104, 163          3, 16, 18           
аж ахуйн нэгж                   47, 123, 124, 153     6, 8, 8, 6          
                                154                   3                   
хандив                          47                    16                  
орц                             52                    2                   
хуулийн этгээд                  53, 79, 149, 166      9, 7, 24, 9         
                                174                   5                   
дүрэм                           59                    3                   
нэмэгдэл хоол                   67, 108, 109, 111     4, 5, 5, 3          
ачаа                            73, 105, 106, 108     22, 14, 7, 9        
                                143                   5                   
зөвлөмж                         80                    9                   
этгээд                          81, 92, 100, 160      2, 2, 2, 10         
захиргаа                        90, 123, 124, 125     8, 2, 2, 5          
                                126, 127, 133, 134    17, 6, 5, 6         
                                150, 151, 161, 164    14, 19, 11, 14      
                                164                   21                  
борлуулалт                      92                    5                   
хөнгөлөлт                       93                    3                   
ивээн тэтгэгч                   95, 97, 98            13, 18, 19          
танилцуулга                     96                    8                   
эрүүл мэндийн ажилтан           97, 118, 119, 143     10, 7, 7, 12        
эрүүл мэнд                      97, 98, 121, 126      4, 4, 7, 9          
санхүүгийн дэмжлэг              97, 98                15, 16              
мэргэжилтэн                     97, 114               13, 2               
арга хэмжээ                     98, 166               9, 26               
зохион байгуулагч               98, 104, 144          11, 30, 17          
оролцогч                        98                    13                  
сонгогч                         98                    14                  
эмнэлэг                         99                    4                   
газар                           99, 135, 145, 146     7, 41, 2, 13        
                                149, 152, 170         31, 16, 2           
ажилтан                         100, 144, 147, 148    11, 3, 7, 8         
                                149, 150, 151         13, 4, 9            
эрүүл мэндийн тусламж, үйлчилгээ  101                   11                  
барааны тэмдэг                  102                   4                   
бараа бүтээгдэхүүн              102                   14                  
үйлчилгээ                       102                   16                  
ашиг сонирхлын зөрчлөөс ангид байх зарчим  104                   19                  
талууд                          106, 118, 119         6, 6, 3             
тал                             106, 118, 119         6, 6, 3             
шийдвэр                         107, 137, 138, 139    5, 6, 6, 6          
                                141, 148              6, 14               
үр                              107, 109              7, 10               
иргэн                           123, 124, 144, 149    11, 11, 5, 23       
                                153, 163, 166, 170    9, 8, 6, 3          
мэргэжил                        125, 135, 143         9, 17, 9            
салбар                          125, 135, 135, 135    10, 18, 21, 32      
зөвлөл                          125, 135, 135, 135    11, 19, 22, 28      
                                135, 136              33, 2               
хөтөлбөр                        129, 130              11, 11              
журам                           132, 146, 164         5, 7, 8             
нийгмийн халамж                 134, 134              10, 24              
хүнсний аюулгүй байдал          135, 135, 139         4, 24, 21           
ажил                            135                   8                   
гишүүн                          135, 146              42, 14              
хяналт тавих                    137, 159, 160         9, 7, 11            
санал                           138                   18                  
үнэлгээ                         139, 164              14, 5               
зөвлөх                          139                   25                  
саад учруулсан                  148                   16                  
дүгнэлт                         152                   10                  
төрийн байгууллага              153                   4                   
өргөдөл                         166, 167              17, 6               
гомдол                          166, 167, 171         18, 7, 2            
нээлт                           167                   10                  
цахим хуудас                    168                   4                   
шинжээч                         173                   10                  
хүн                             174                   4                   
