File: MNCLW00290.txt
Search Method: Trie (MWE + Single-Word)
Total runtime: 0.003441s
Found terms: 89

Term                            Line                  Word Place          

төсвийн орлого                  7                     8                   
түлш                            9, 22                 16, 3               
байгууллага                     9, 59, 74             42, 30, 2           
орлого                          10, 13, 33, 39        3, 1, 3, 2          
                                42, 45, 48, 51        2, 3, 4, 3          
                                54, 56, 171           3, 3, 9             
албан татвар                    13, 16, 19, 22        2, 3, 2, 4          
                                25, 28                2, 2                
нийгмийн даатгал                31                    1                   
хувьцаа                         36                    1                   
газрын тос                      45                    1                   
төсвийн байгууллага             48                    1                   
төсвийн зарлага                 58                    8                   
төсвийн  зарлага                58                    8                   
хөрөнгө оруулалт                58                    15                  
төсөв                           58, 62, 64, 66        18, 4, 5, 6         
                                68, 70, 72, 74        4, 4, 4, 3          
                                76, 78, 80, 82        5, 5, 4, 6          
                                106, 108, 110, 112    5, 4, 5, 5          
                                114, 116, 118, 120    4, 4, 8, 7          
                                131, 171              4, 5                
тэтгэвэр                        58                    22                  
сан                             58, 59, 124, 126      24, 162, 2, 3       
зохион байгуулагч               59, 118               146, 4              
зөвлөл                          59, 59, 59, 70        23, 35, 119, 3      
                                76, 106               4, 4                
аюул                            59, 76                33, 2               
газар                           59, 59, 59, 59        44, 47, 50, 141     
                                80, 82, 82, 116       3, 2, 5, 3          
ажилгүй                         59, 102               106, 3              
захиргаа                        59, 106               117, 2              
шалгагч                         59, 112               132, 3              
ажил                            59, 118               144, 2              
талууд                          59, 120               153, 3              
тал                             59, 120               153, 3              
нийслэл                         171                   4                   
мөрдөгч                         183                   15                  
