File: MNCLW00717.txt
Search Method: Trie (MWE + Single-Word)
Total runtime: 0.006057s
Found terms: 146

Term                            Line                  Word Place          

ажилгүй                         9, 14, 15, 47         2, 6, 6, 9          
                                50, 56                17, 11              
нийтлэх                         11, 12, 21, 48        1, 1, 11, 5         
                                50                    3                   
аж ахуйн нэгж                   14, 15, 21, 28        34, 34, 3, 19       
                                36, 65, 67, 117       2, 20, 8, 2         
үйл ажиллагаа                   14, 15, 33, 41        17, 17, 7, 15       
                                42, 60, 106, 107      11, 9, 2, 2         
зохиогч                         14, 15, 31, 76        23, 23, 5, 10       
                                77, 89                10, 2               
байгууллага                     14, 15, 21, 28        32, 32, 6, 22       
                                28, 35, 36, 39        25, 5, 5, 4         
                                40, 40, 50, 65        9, 14, 12, 23       
                                67, 83, 98, 112       11, 3, 2, 6         
                                117, 117, 118         5, 11, 6            
иргэн                           14, 15, 17, 65        33, 33, 8, 3        
                                67, 70, 100, 119      12, 2, 12, 4        
хуулийн этгээдийн улсын бүртгэл  17, 72, 83            10, 19, 10          
мөрдөгч                         19                    18                  
хуулийн этгээд                  21                    27                  
аж ахуйн үйл ажиллагаа          28, 100               11, 6               
бараа бүтээгдэхүүн              28                    36                  
төрийн байгууллага              30                    9                   
дүрэм                           31, 62, 63, 85        3, 6, 6, 4          
төлөөлөгчийн газар              32                    3                   
зах зээл                        34                    3                   
мэдээлэл                        34, 39                5, 13               
зохион байгуулагч               35, 37                16, 11              
ажил                            35                    10                  
үйлчилгээ                       36, 38, 39, 100       11, 3, 22, 22       
                                101                   2                   
нэгж                            39                    3                   
хангагч                         39                    14                  
туслагч                         39                    19                  
бүтээгдэхүүн                    41                    8                   
нийслэл                         45, 58, 59, 60        2, 4, 2, 2          
                                65, 67                16, 2               
санал                           49, 50, 101           7, 28, 6            
дүгнэлт                         49                    8                   
гүйцэтгэгч                      50, 100               10, 24              
барааны гарал үүсэл             51                    7                   
талууд                          54                    6                   
тал                             54                    6                   
биржийн арилжаа                 56                    17                  
бараа                           56, 56, 56            8, 14, 19           
тодорхойлолт                    56                    25                  
төрийн бус байгууллага          65, 67                6, 15               
журам                           65, 67, 71, 72        13, 22, 5, 26       
                                83, 88, 91            17, 11, 24          
улсын бүртгэлийн байгууллага    72                    16                  
газар                           76, 77                7, 7                
мэдээ                           76, 77                13, 13              
өргөдөл                         83                    4                   
гишүүн                          88, 104, 104, 111     5, 2, 7, 6          
                                115                   13                  
тохиолдол                       90, 114               3, 3                
зөвлөл                          91                    25                  
эд хөрөнгө                      93, 94, 102, 103      3, 3, 4, 4          
хандив                          98                    3                   
орлого                          99                    2                   
төлбөр                          100                   23                  
сан                             101                   8                   
тусгаарлах                      110                   20                  
комисс                          111, 118, 119         11, 9, 3            
шийдвэр                         115                   15                  
шүүхийн шийдвэр                 116                   11                  
