File: MNCLW00311.txt
Search Method: Trie (MWE + Single-Word)
Total runtime: 0.007515s
Found terms: 720

Term                            Line                  Word Place          

төрийн ордон                    5                     1                   
төсв                            6, 10, 10, 10         5, 10, 15, 55       
                                11, 12, 12, 12        7, 5, 9, 12         
                                15, 16, 111, 235      8, 163, 2, 8        
                                235, 236, 257, 258    11, 8, 8, 6         
                                619, 633, 634, 635    6, 8, 9, 18         
                                636, 636, 637, 638    13, 18, 18, 5       
                                641, 641, 642, 643    4, 19, 12, 5        
                                646, 699, 728         5, 5, 5             
орон нутгийн хөгжлийн нэгдсэн сан  10, 645, 728          26, 12, 7           
орон нутгийн төсөв              10, 645, 646          20, 1, 7            
орон нутгийн төсв               10, 645, 699          41, 7, 7            
төсвийн ерөнхийлөн захирагч     10, 15, 16, 18        48, 10, 2, 1        
                                236, 237, 239, 257    10, 2, 1, 10        
                                258, 259, 261, 619    8, 2, 1, 8          
                                620, 622              2, 1                
улсын  төсөв                    10, 10, 15, 235       6, 44, 4, 4         
                                236, 699              4, 10               
улсын төсөв                     10, 10, 15, 235       6, 44, 4, 4         
                                236, 699              4, 10               
санхүүгийн дэмжлг               10, 645, 646, 647     24, 5, 13, 4        
                                650                   2                   
санхүүгийн дэмжлэг              10, 645, 646, 647     24, 5, 13, 4        
                                650                   2                   
улсын төсв                      10, 257, 258, 619     32, 4, 2, 2         
                                633, 634, 635, 645    4, 4, 13, 18        
                                728, 804, 805         13, 4, 4            
орлогын шилжүүлэг               10, 645, 728          39, 25, 20          
орлогын шилжүүлг                10, 645, 728          39, 25, 20          
төсвийн алдагдл                 10, 638               64, 7               
орлого                          10, 10, 10, 15        13, 17, 47, 20      
                                16, 16, 16, 16        18, 32, 44, 56      
                                16, 16, 16, 16        79, 96, 113, 130    
                                16, 16, 16, 16        143, 176, 183, 209  
                                16, 16, 16, 16        215, 226, 238, 260  
                                16, 16, 16, 16        272, 295, 310, 332  
                                16, 16, 16, 25        338, 349, 362, 5    
                                32, 39, 46, 61        5, 5, 5, 5          
                                72, 79, 86, 93        5, 5, 5, 5          
                                123, 127, 142, 146    3, 5, 9, 5          
                                153, 160, 175, 182    5, 5, 5, 5          
                                197, 204, 215, 219    5, 5, 9, 5          
                                226, 233, 235, 645    5, 5, 13, 11        
                                699, 700, 703         15, 5, 2            
орлог                           10, 10, 10, 15        13, 17, 47, 20      
                                16, 16, 16, 16        18, 32, 44, 56      
                                16, 16, 16, 16        79, 96, 113, 130    
                                16, 16, 16, 16        143, 176, 183, 209  
                                16, 16, 16, 16        215, 226, 238, 260  
                                16, 16, 16, 16        272, 295, 310, 332  
                                16, 16, 16, 25        338, 349, 362, 5    
                                32, 39, 46, 61        5, 5, 5, 5          
                                72, 79, 86, 93        5, 5, 5, 5          
                                123, 127, 142, 146    3, 5, 9, 5          
                                153, 160, 175, 182    5, 5, 5, 5          
                                197, 204, 215, 219    5, 5, 9, 5          
                                226, 233, 235, 645    5, 5, 13, 11        
                                699, 700, 703         15, 5, 2            
байгууллага                     10, 15, 16, 16        19, 17, 16, 30      
                                16, 16, 16, 16        42, 54, 77, 94      
                                16, 16, 16, 16        111, 128, 141, 181  
                                16, 16, 16, 16        213, 224, 236, 258  
                                16, 16, 16, 16        270, 293, 308, 336  
                                16, 16, 25, 32        347, 360, 3, 3      
                                39, 46, 61, 72        3, 3, 3, 3          
                                79, 86, 93, 127       3, 3, 3, 3          
                                146, 153, 160, 175    3, 3, 3, 3          
                                182, 197, 204, 219    3, 3, 3, 3          
                                226, 233, 806         3, 3, 5             
байгууллаг                      10, 15, 16, 16        19, 17, 16, 30      
                                16, 16, 16, 16        42, 54, 77, 94      
                                16, 16, 16, 16        111, 128, 141, 181  
                                16, 16, 16, 16        213, 224, 236, 258  
                                16, 16, 16, 16        270, 293, 308, 336  
                                16, 16, 25, 32        347, 360, 3, 3      
                                39, 46, 61, 72        3, 3, 3, 3          
                                79, 86, 93, 127       3, 3, 3, 3          
                                146, 153, 160, 175    3, 3, 3, 3          
                                182, 197, 204, 219    3, 3, 3, 3          
                                226, 233, 806         3, 3, 5             
сан                             10, 10, 16, 16        37, 60, 73, 155     
                                16, 16, 57, 103       165, 171, 4, 1      
                                111, 119, 237, 242    4, 1, 8, 1          
                                259, 439, 636, 637    243, 1, 15, 5       
                                637, 645, 728, 806    15, 23, 18, 14      
төсөв                           10, 16, 16, 16        51, 15, 29, 41      
                                16, 16, 16, 16        53, 76, 93, 110     
                                16, 16, 16, 16        127, 140, 180, 212  
                                16, 16, 16, 16        223, 235, 257, 269  
                                16, 16, 16, 16        292, 307, 335, 346  
                                16, 25, 32, 39        359, 2, 2, 2        
                                46, 61, 72, 79        2, 2, 2, 2          
                                86, 93, 127, 146      2, 2, 2, 2          
                                153, 160, 175, 182    2, 2, 2, 2          
                                197, 204, 219, 226    2, 2, 2, 2          
                                233, 257              2, 15               
хөрөнгө                         10, 14, 259, 259      62, 9, 76, 120      
                                259, 259, 259, 259    172, 184, 201, 218  
                                259, 259, 259, 259    231, 254, 273, 285  
                                259, 259, 259, 259    296, 308, 321, 336  
                                259, 259, 259, 259    348, 359, 370, 382  
                                259, 259, 259, 259    392, 405, 433, 464  
                                314, 346, 385, 396    1, 1, 1, 1          
                                407, 418, 429, 451    1, 1, 1, 1          
                                466, 477, 486, 497    1, 1, 1, 1          
                                508, 519, 530, 541    1, 1, 1, 1          
                                552, 563, 574, 585    1, 1, 1, 1          
                                603, 617, 634, 635    1, 1, 6, 15         
                                636, 637, 804, 805    24, 24, 6, 6        
хөрөнг                          10, 14, 259, 259      62, 9, 76, 120      
                                259, 259, 259, 259    172, 184, 201, 218  
                                259, 259, 259, 259    231, 254, 273, 285  
                                259, 259, 259, 259    296, 308, 321, 336  
                                259, 259, 259, 259    348, 359, 370, 382  
                                259, 259, 259, 259    392, 405, 433, 464  
                                314, 346, 385, 396    1, 1, 1, 1          
                                407, 418, 429, 451    1, 1, 1, 1          
                                466, 477, 486, 497    1, 1, 1, 1          
                                508, 519, 530, 541    1, 1, 1, 1          
                                552, 563, 574, 585    1, 1, 1, 1          
                                603, 617, 634, 635    1, 1, 6, 15         
                                636, 637, 804, 805    24, 24, 6, 6        
этгээд                          12, 16, 75, 259       20, 104, 6, 193     
                                399                   6                   
төсвийн орлого                  14                    5                   
төсвийн орлог                   14                    5                   
өрийн удирдлага                 14, 643               10, 10              
өрийн удирдлаг                  14, 643               10, 10              
зарлиг                          14                    7                   
зарлага                         14                    7                   
зарлаг                          14                    7                   
зарлг                           14                    7                   
эрүүл мэндийн даатгалын сан     16, 16, 142, 215      201, 324, 1, 1      
санхүүгийн зохицуулах хороо     16, 43, 259, 338      47, 1, 112, 1       
байгаль орчин                   16, 89, 259, 421      133, 1, 222, 1      
аялал жуулчлал                  16, 89, 259, 421      135, 3, 224, 3      
төлөөлөгчийн газр               16, 100               151, 2              
гадаадын тусламж                16, 123               174, 1              
улсын бүртгэл                   16, 134               192, 1              
батлан хамгаалах                16, 149, 259, 480     218, 1, 289, 1      
хот байгуулалт                  16, 178, 259, 555     264, 2, 375, 2      
                                620, 625              9, 2                
ашигт малтмал                   16, 189               281, 1              
газрын тос                      16, 189               283, 3              
эрүүл мэнд                      16, 222, 259, 533     341, 1, 352, 1      
харилцаа холбоо                 16, 229, 259, 577     354, 3, 398, 3      
газр                            16, 16, 16, 28        25, 120, 123, 5     
                                82, 82, 259, 259      5, 8, 12, 105       
                                259, 259, 264, 331    209, 212, 5, 3      
                                410, 410, 639, 640    5, 8, 12, 9         
                                642                   4                   
шүүх                            16, 35, 259, 259      35, 1, 42, 50       
                                259, 285, 292, 588    409, 3, 1, 1        
зөвлөл                          16, 35, 259, 259      37, 3, 52, 85       
                                259, 292, 317, 349    126, 3, 6, 3        
зохицуулалт                     16, 53, 641, 643      67, 4, 13, 30       
газар                           16, 16, 16, 16        68, 90, 160, 169    
                                16, 16, 16, 16        195, 199, 249, 285  
                                16, 53, 68, 107       322, 5, 4, 3        
                                115, 134, 138, 167    3, 4, 3, 4          
                                189, 211, 643         5, 5, 4             
стандарт                        16, 68                87, 1               
хэмжил                          16, 68                88, 2               
баар                            16, 75, 259, 399      103, 5, 192, 5      
эмнэлг                          16, 16, 142, 215      206, 329, 6, 6      
эмнэлэг                         16, 16, 142, 215      206, 329, 6, 6      
зам                             16, 16, 163, 171      241, 251, 1, 1      
                                259, 469              277, 1              
нисэх                           16, 167               247, 2              
хүн                             16, 185, 259, 500     277, 3, 314, 3      
хүнс                            16, 200, 237, 255     298, 1, 29, 1       
                                259, 511, 620, 631    325, 1, 20, 1       
хүү                             16, 200, 237, 255     299, 2, 30, 2       
                                259, 259, 259, 259    59, 251, 326, 455   
                                299, 447, 511, 613    1, 3, 2, 6          
                                620, 631, 635, 700    21, 2, 25, 3        
                                702, 729, 731         2, 3, 2             
үйлчилгээ                       16, 211               320, 3              
төлбөр                          236, 259, 447, 641    19, 252, 4, 26      
үндэсний аюулгүй байдл          259, 317              82, 3               
төрийн алба                     259, 349              124, 1              
төрийн алб                      259, 349              124, 1              
гадаад зээл                     259, 455              257, 1              
гадаадын зээл                   259, 455              257, 1              
эрчим хүч                       259, 544              363, 1              
сахилгын хороо                  259, 588              410, 2              
биеийн тамир                    259, 595              423, 6              
авто зам                        259, 613              456, 7              
шүүгч                           259, 285              44, 5               
комисс                          259, 259, 299, 370    62, 157, 4, 7       
прокурор                        259, 306              71, 3               
аудитор                         259, 324              97, 4               
авлига                          259, 331              103, 1              
авлиг                           259, 331              103, 1              
ажл                             259, 370              152, 2              
зээл                            259, 447, 640         250, 2, 14          
спорт                           259, 595              425, 8              
боомт                           259, 606              440, 4              
нийслэл                         259, 613              453, 4              
төсвийн зарлаг                  633                   11                  
төсвийн  зарлага                633                   11                  
төсвийн зарлага                 633                   11                  
төсөл, арга хэмжээ              634, 635, 804, 805    13, 7, 12, 16       
хөрөнгө оруулалт                634, 804              11, 10              
барилга байгууламж              634, 635, 804, 805    16, 10, 15, 19      
концесс                         635, 805              4, 12               
удирдлага                       639, 640              2, 2                
удирдлаг                        639, 640              2, 2                
зээллэг                         639, 641              16, 10              
зээллг                          639, 641              16, 10              
төсл                            640                   13                  
засгийн газрын өр               641                   22                  
өр                              641, 642, 643         12, 6, 29           
засгийн газрын өрийн удирдлаг   643                   19                  
засгийн газрын өрийн удирдлага  643                   19                  
баримт бичг                     643                   26                  
баримт бичиг                    643                   26                  
үйл ажиллагаа                   643                   31                  
шилжүүлг                        729, 732              4, 1                
шилжүүлэг                       729, 732              4, 1                
хөтөлбөр                        803, 803, 806         10, 11, 7           
үр                              803                   13                  
төсөл                           806                   6                   
сум                             806                   10                  
