File: MNCLW00060.txt
Search Method: Aho-Corasick
Total runtime: 0.007929s
Found terms: 644

Term                            Line                  Word Place          

байгаль орчинд нөлөөлөх байдлын үнэлгээ  8, 9, 31, 32          1, 1, 8, 5          
                                37, 38, 45, 45        1, 1, 10, 31        
                                71, 72                11, 12              
нийтлэх                         13, 14                1, 1                
хамгаалах хүн                   16                    18                  
үйл ажиллагаа                   16, 22, 31, 32        20, 19, 28, 18      
                                33, 35, 67, 71        25, 9, 3, 5         
                                72, 81, 82, 83        26, 2, 12, 13       
                                98, 101, 101, 115     5, 9, 36, 16        
                                126, 130, 149, 167    4, 20, 14, 5        
ашиглалт                        16, 83, 101, 101      36, 9, 3, 35        
                                102                   9                   
салбар                          16, 24, 27, 48        40, 10, 21, 6       
                                49, 52, 149           16, 3, 26           
хөтөлбөр                        16, 24, 27, 27        46, 16, 25, 41      
                                48, 96, 98, 140       2, 11, 3, 4         
                                141, 144, 145, 146    2, 3, 4, 4          
                                147, 168, 169         2, 14, 15           
төсөл                           16, 23, 27, 27        50, 5, 8, 40        
                                28, 29, 35, 48        17, 12, 8, 27       
                                58, 64, 65, 67        11, 25, 14, 22      
                                82, 85, 86, 87        11, 6, 8, 7         
                                89, 92, 94, 94        45, 28, 6, 12       
                                98, 99, 105, 111      4, 8, 23, 28        
                                112, 115, 144, 147    14, 9, 5, 7         
                                148, 149, 152, 154    12, 6, 9, 18        
                                160, 168, 171, 171    2, 22, 12, 17       
                                181                   6                   
тал                             16, 16, 100, 101      58, 63, 13, 17      
                                133, 148              29, 15              
талууд                          16, 16, 100, 101      58, 63, 13, 17      
                                133, 148              29, 15              
дүгнэлт                         16, 30, 31, 31        59, 13, 21, 26      
                                32, 32, 45, 51        11, 16, 27, 7       
                                51, 52, 66, 67        11, 17, 31, 16      
                                74, 104, 109, 111     7, 30, 17, 21       
                                116, 117, 128, 131    3, 14, 25, 13       
                                133, 134, 154, 157    30, 3, 22, 5        
                                158                   9                   
шийдвэр                         16, 46, 70, 71        60, 11, 14, 31      
                                104, 119, 131, 134    10, 37, 23, 23      
оролцогч                        16, 138, 139          62, 5, 5            
үнэлгээ                         17, 18, 24, 27        7, 5, 4, 5          
                                28, 29, 30, 30        3, 4, 8, 9          
                                33, 39, 40, 40        2, 7, 5, 9          
                                41, 41, 42, 42        4, 7, 5, 9          
                                43, 43, 44, 45        4, 7, 3, 23         
                                47, 48, 48, 49        6, 15, 22, 2        
                                50, 51, 52, 54        2, 2, 16, 8         
                                55, 56, 57, 58        3, 27, 14, 3        
                                59, 60, 61, 61        26, 4, 2, 5         
                                62, 63, 64, 65        5, 5, 5, 58         
                                66, 67, 68, 69        22, 15, 6, 5        
                                72, 72, 73, 74        2, 32, 7, 10        
                                75, 76, 77, 82        5, 15, 5, 5         
                                87, 88, 89, 89        5, 5, 5, 29         
                                90, 92, 92, 92        9, 14, 20, 48       
                                93, 94, 97, 99        10, 2, 8, 5         
                                102, 104, 105, 108    4, 7, 5, 5          
                                108, 108, 108, 109    14, 17, 26, 5       
                                112, 112, 113, 115    5, 9, 5, 5          
                                115, 117, 118, 119    30, 6, 11, 7        
                                119, 120, 121, 124    25, 13, 7, 5        
                                128, 130, 130, 131    15, 5, 17, 8        
                                132, 133, 133, 134    9, 11, 23, 12       
                                138, 139, 142, 143    4, 4, 4, 7          
                                144, 146, 147, 150    17, 2, 9, 7         
                                151, 152, 153, 154    5, 4, 5, 5          
                                155, 156, 158, 159    7, 5, 5, 5          
                                161, 161, 167, 168    5, 13, 4, 11        
                                168, 169, 170, 171    20, 18, 2, 4        
                                181, 181, 182, 182    4, 9, 5, 16         
мөрдөгч                         19                    17                  
тодорхойлолт                    20, 65                6, 23               
хэрэглэгч                       21                    3                   
барилга байгууламж              22, 66                12, 9               
үйлчилгээ                       22, 66, 163           9, 8, 19            
хуулийн этгээд                  23, 171, 178          8, 7, 5             
хариуцагч                       23, 88, 104, 117      6, 10, 39, 10       
                                120, 159              18, 10              
иргэн                           23, 28, 29, 56        7, 10, 6, 15        
                                85, 90, 171           10, 3, 21           
байгаль орчин                   24, 163               22, 8               
аюулт үзэгдэл                   24                    41                  
хүн                             24, 28, 33, 82        25, 18, 4, 14       
                                115, 163, 178         19, 12, 4           
эрсдэл                          24                    30                  
үр                              24, 29, 45, 76        33, 21, 24, 16      
                                79, 79, 92, 98        10, 15, 35, 18      
                                159                   6                   
гамшиг                          24, 33                40, 19              
осол                            24                    43                  
аюул                            24, 33                44, 21              
баримт бичиг                    27                    13                  
зураг төсөл                     27, 65                15, 12              
аж ахуйн нэгж                   28, 29, 56, 75        11, 7, 16, 16       
                                76, 89, 90, 108       7, 7, 4, 9          
                                115, 118, 120, 122    12, 13, 15, 25      
                                128, 130, 134, 142    8, 9, 5, 10         
                                143, 144, 150, 151    9, 19, 11, 9        
                                155, 156, 161, 182    11, 9, 9, 20        
арга хэмжээ                     28, 29, 83, 97        33, 28, 25, 14      
газар                           28, 35, 48, 50        9, 24, 18, 11       
                                51, 51, 56, 57        17, 20, 14, 8       
                                67, 72, 86, 89        9, 6, 3, 52         
                                169, 172              2, 15               
байгууллага                     28, 29, 45, 46        14, 10, 8, 10       
                                48, 49, 49, 52        36, 10, 20, 13      
                                55, 55, 56, 56        14, 27, 8, 19       
                                59, 65, 65, 71        24, 7, 49, 30       
                                89, 90, 92, 94        41, 7, 50, 4        
                                95, 95, 99, 101       19, 29, 7, 30       
                                103, 104, 105, 106    27, 9, 7, 24        
                                108, 109, 110, 111    28, 29, 8, 8        
                                115, 116, 118, 119    15, 13, 27, 36      
                                122, 131, 132, 134    35, 22, 32, 22      
                                142, 146, 147, 148    9, 7, 16, 20        
                                149, 149, 154, 162    32, 42, 27, 8       
                                163, 168, 181, 182    6, 8, 25, 23        
эрх бүхий этгээд                30                    15                  
шинжээч                         30, 35, 49, 71        2, 15, 23, 2        
                                109, 109, 110, 116    9, 31, 10, 15       
                                177                   10                  
ажил                            31, 66, 71, 74        13, 25, 19, 11      
                                89, 104, 108, 109     18, 18, 18, 10      
                                112, 116, 119, 120    22, 23, 13, 4       
                                127, 128, 153, 170    2, 20, 10, 9        
журам                           31, 50, 72, 72        16, 9, 3, 10        
                                95, 105, 106, 172     10, 35, 16, 5       
                                172                   9                   
гүйцэтгэгч                      31, 75, 92, 144       18, 19, 49, 18      
тайлан                          31, 32, 49, 76        20, 10, 28, 18      
                                105, 133, 171         13, 7, 9            
мэргэжил                        31, 32, 57, 59        25, 15, 16, 29      
                                71, 116               17, 18              
амьтан                          33                    5                   
ургамал                         33                    6                   
зохицуулалт                     37, 38, 72            8, 8, 34            
мэргэжлийн зөвлөл               45, 45, 51, 72        36, 39, 4, 24       
                                111, 128, 131, 133    19, 18, 11, 15      
захиргаа                        45, 46, 48, 49        6, 8, 34, 8         
                                52, 55, 56, 59        11, 25, 6, 22       
                                65, 71, 85, 89        47, 28, 5, 39       
                                95, 101, 103, 106     17, 28, 25, 22      
                                109, 110, 111, 116    27, 6, 6, 11        
                                118, 119, 122, 131    25, 34, 33, 20      
                                132, 134, 148, 148    30, 20, 11, 18      
                                149, 149, 154, 168    30, 40, 25, 6       
                                171, 181              16, 23              
зөвлөл                          46, 134               2, 2                
мэргэжлийн байгууллага          49, 55, 56, 59        13, 9, 30, 3        
                                112, 117              11, 8               
мэргэжилтэн                     49                    24                  
хуримтлагдах нөлөөллийн үнэлгээ  50, 53, 59            4, 6, 13            
гишүүн                          51, 57, 172           18, 9, 16           
цахим хуудас                    52, 168               23, 25              
мэдээлэл                        52, 133, 144, 160     19, 14, 12, 7       
                                168                   24                  
төсөл хэрэгжүүлэгч              55, 88, 89, 100       4, 8, 42, 7         
                                101, 104, 112, 118    11, 37, 7, 17       
                                146                   9                   
тохиолдол                       55, 57, 70, 104       19, 2, 2, 2         
                                109, 153, 154         21, 9, 17           
төсөв                           56, 66, 83, 119       22, 17, 11, 23      
ажилгүй                         58, 64, 104, 152      4, 16, 34, 5        
                                161                   14                  
байгаль орчны төлөв байдлын үнэлгээ  59                    7                   
зөвлөх                          59                    30                  
ашигт малтмал хайх              64                    12                  
газрын тос                      64                    9                   
газар эзэмших                   64                    19                  
сум                             65, 89, 100           25, 47, 38          
санал                           65, 85, 87, 111       29, 13, 11, 26      
                                149, 169, 170, 170    33, 23, 5, 18       
                                171                   26                  
үнэлгээний шинжээч              66                    23                  
технологи                       67, 81, 144, 160      2, 14, 7, 4         
зохиогч                         67                    10                  
үнэлгээний шинжилгээ            72, 107, 109, 109     19, 7, 14, 34       
                                111                   14                  
хянан магадлагаа                72, 115, 117          21, 35, 12          
зөвлөмж                         80, 81, 92            11, 21, 15          
эрсдэлийн үнэлгээ               82, 82                6, 21               
эрүүл мэнд                      82, 115               15, 20              
цацраг идэвхт ашигт малтмал     83                    5                   
шалгуур үзүүлэлт                83, 84                21, 8               
тэмдэглэл                       85                    14                  
үнэлгээний мэргэжилтэн          89                    15                  
захиргааны байгууллага          90                    32                  
хяналт тавих                    90, 103, 106, 154     34, 34, 14, 14      
урьдчилан сэргийлэх             92                    26                  
хангагч                         92, 122               17, 22              
зөвшөөрөл                       94, 124, 135          14, 12, 19          
стандарт                        95                    22                  
хөрөнгө                         97, 98, 99, 100       23, 26, 33, 36      
                                101, 102              56, 31              
төрийн бус байгууллага          103                   31                  
үнэлгээний тайлан               111                   11                  
зохион байгуулагч               112, 171              23, 29              
мэдээллийн сан                  113, 127              6, 5                
этгээд                          117, 181              17, 32              
тусгай зөвшөөрөл                122, 124, 135         9, 7, 5             
нэгж                            126, 131, 132         3, 3, 3             
танилцуулга                     126                   7                   
өргөдөл                         128, 133              6, 5                
шалгагч                         128                   24                  
гүйцэтгэх ажил                  132                   21                  
хүсэлт                          142                   6                   
сонгогч                         143                   12                  
сорьц                           153                   15                  
хөрөнгө оруулалт                162, 163              6, 4                
зээл                            163                   23                  
