File: MNCLW00615.txt
Search Method: Aho-Corasick
Total runtime: 0.010399s
Found terms: 983

Term                            Line                  Word Place          

түгээмэл тархацтай ашигт малтмал  8, 23, 36, 43         1, 7, 12, 1         
                                44, 53, 55, 56        1, 9, 10, 4         
                                62, 62, 63, 68        7, 16, 7, 8         
                                76, 170, 171, 175     6, 6, 3, 6          
                                177, 186, 187, 240    8, 1, 1, 19         
                                240, 241, 305         27, 18, 8           
нийтлэх                         9, 11, 199, 200       3, 1, 10, 20        
                                299, 300              28, 28              
түгээмэл тархацтай ашигт малтмал хайх  13, 17, 19, 37        9, 3, 17, 11        
                                38, 48, 51, 64        7, 11, 15, 10       
                                117, 200, 208, 213    9, 8, 8, 10         
                                286                   5                   
монгол улсын нутаг дэвсгэр      13                    5                   
тусгай зөвшөөрөл                13, 13, 29, 30        15, 18, 12, 8       
                                32, 40, 41, 59        9, 5, 2, 5          
                                60, 61, 73, 83        5, 10, 5, 2         
                                108, 109, 111, 123    17, 14, 49, 3       
                                125, 126, 126, 129    2, 37, 48, 32       
                                154, 159, 160, 161    18, 20, 18, 4       
                                163, 163, 163, 180    39, 56, 61, 2       
                                183, 183, 189, 193    32, 42, 26, 12      
                                194, 195, 197, 198    9, 10, 1, 1         
                                199, 203, 224, 225    7, 2, 22, 33        
                                230, 231, 248, 256    5, 5, 6, 5          
                                264, 265, 269, 270    1, 1, 11, 5         
                                272, 272, 275, 277    9, 24, 19, 25       
                                278, 278, 279, 282    6, 15, 6, 5         
                                287, 287, 287, 289    5, 19, 28, 14       
                                289, 290, 297, 298    24, 14, 3, 5        
                                298, 313, 313, 314    20, 5, 28, 13       
хайгуулын талбай                13, 29, 118, 153      24, 5, 9, 20        
                                217, 219              13, 12              
уурхайн эдэлбэр                 13, 168, 195          26, 2, 15           
ашигт малтмал                   14, 15, 15, 22        5, 3, 13, 3         
                                24, 27, 28, 29        21, 3, 3, 3         
                                31, 32, 33, 35        7, 3, 3, 5          
                                39, 54, 59, 60        3, 3, 3, 3          
                                64, 67, 71, 72        3, 3, 3, 3          
                                75, 77, 81, 83        3, 3, 5, 12         
                                87, 113, 115, 116     5, 3, 5, 3          
                                120, 121, 122, 133    5, 3, 3, 5          
                                134, 136, 140, 155    3, 4, 5, 3          
                                166, 167, 168, 172    5, 3, 10, 3         
                                172, 178, 179, 193    9, 5, 3, 3          
                                199, 200, 202, 207    5, 3, 3, 3          
                                207, 208, 208, 209    9, 3, 17, 3         
                                210, 228, 228, 234    3, 3, 9, 5          
                                238, 239, 240, 241    12, 5, 3, 3         
                                249, 250, 258, 260    12, 3, 22, 9        
                                267, 275, 285, 306    3, 3, 4, 10         
                                306                   29                  
газар                           15, 15, 19, 19        16, 18, 5, 26       
                                23, 24, 25, 26        17, 18, 11, 3       
                                26, 26, 36, 47        5, 33, 3, 13        
                                48, 49, 54, 68        2, 4, 12, 3         
                                69, 72, 174, 176      15, 11, 11, 5       
                                177, 202, 210, 218    6, 18, 8, 15        
                                222, 306, 319, 319    23, 21, 11, 30      
үйлчлэгч                        16                    4                   
захиргаа                        18, 52, 53, 55        13, 4, 6, 7         
                                56, 64, 111, 127      18, 26, 11, 18      
                                163, 249, 254         20, 27, 21          
байгууллага                     18, 26, 52, 53        15, 17, 6, 8        
                                55, 56, 64, 64        9, 20, 28, 34       
                                111, 111, 127, 127    13, 29, 20, 30      
                                163, 163, 163, 184    22, 33, 37, 23      
                                205, 213, 213, 231    10, 7, 30, 27       
                                243, 249, 254, 259    25, 29, 23, 21      
                                285, 291, 291, 321    26, 15, 24, 4       
                                322                   22                  
журам                           18, 19, 37, 63        17, 29, 9, 20       
                                87, 140, 168, 225     13, 13, 16, 38      
                                299, 300, 319         25, 25, 24          
авто зам                        19                    7                   
шийдвэр                         19, 54, 62, 69        6, 14, 29, 21       
                                72, 108, 109, 142     13, 15, 5, 9        
                                146, 156, 165, 184    13, 23, 11, 11      
                                249, 289, 316, 317    19, 27, 16, 8       
зам                             19, 22, 218           10, 6, 19           
салбар                          19, 56                11, 2               
төсөл                           19                    14                  
хөтөлбөр                        19                    15                  
тодорхойлолт                    20, 98, 142, 150      6, 25, 17, 25       
хэрэглэгч                       21                    3                   
ашигт малтмал хайх              23, 27, 33, 46        3, 13, 12, 3        
                                47, 50, 101, 104      3, 3, 15, 5         
                                154, 159, 286         10, 5, 14           
хайгуул                         23, 39, 48, 62        22, 5, 18, 11       
                                63, 68, 70, 75        11, 12, 6, 5        
                                76, 77, 113, 134      10, 5, 5, 5         
                                171, 186, 187, 193    7, 5, 5, 5          
                                202, 205, 221, 222    13, 12, 14, 19      
                                246, 247, 248, 267    11, 24, 13, 5       
                                275, 298, 305, 306    5, 9, 6, 4          
                                306                   38                  
үнэлгээ                         23, 155, 229, 240     33, 7, 7, 25        
                                241                   24                  
түгээмэл тархацтай ашигт малтмалын орд  24, 306               7, 16               
ашигт малтмал ашиглах           24, 28                3, 13               
үйл ажиллагаа                   24, 39, 64, 173       37, 16, 16, 2       
                                202, 208, 213, 236    14, 27, 16, 26      
                                253                   3                   
бүтээгдэхүүн                    24, 170, 175, 240     30, 11, 11, 23      
                                241, 258, 261         22, 5, 8            
үйлдвэрлэгч                     24, 170, 175, 258     31, 10, 10, 2       
ашигт малтмалын орд             25                    3                   
ашигт малтмал эрэх              26                    25                  
хайгуулын тусгай зөвшөөрөл      27, 61, 81, 87        5, 3, 7, 7          
                                101, 104, 104, 111    27, 17, 28, 18      
                                111, 115, 116, 120    43, 7, 5, 7         
                                121, 122, 127, 202    5, 5, 5, 5          
                                215, 230, 245, 291    7, 15, 4, 5         
ашиглалтын тусгай зөвшөөрөл     28, 39, 48, 63        5, 7, 20, 13        
                                75, 76, 77, 118       7, 12, 7, 14        
                                133, 134, 140, 141    7, 15, 7, 6         
                                153, 158, 158, 159    9, 8, 22, 30        
                                160, 161, 163, 166    8, 24, 5, 7         
                                167, 172, 178, 179    5, 5, 7, 5          
                                184, 186, 187, 193    5, 7, 7, 7          
                                207, 228, 240, 250    5, 5, 5, 5          
                                251, 267, 275, 291    8, 7, 7, 16         
уурхайн талбай                  31, 68, 135, 158      4, 14, 6, 19        
                                162, 163              14, 59              
тусгай зөвшөөрлийн төлбөр       32, 181, 191, 284     5, 4, 5, 4          
улсын тэмдэгтийн хураамж        32, 191               17, 8               
төлбөр                          32, 74, 77, 91        26, 15, 10, 27      
                                108, 109, 110, 122    21, 20, 6, 28       
                                158, 160, 161, 180    27, 22, 8, 24       
                                190, 193, 194, 195    5, 16, 7, 3         
                                195, 261, 294, 294    24, 17, 2, 5        
                                295, 295, 303, 304    2, 5, 5, 3          
                                305                   14                  
тусгай зөвшөөрөл эзэмшигч       33, 74, 126, 134      5, 19, 17, 11       
                                153, 158, 183, 200    2, 2, 18, 5         
                                208, 209, 210, 216    5, 5, 5, 2          
                                230, 231, 243, 248    2, 2, 2, 2          
                                271, 277, 288, 306    5, 13, 10, 25       
хуулийн этгээд                  33, 39, 88, 89        18, 23, 18, 5       
                                94, 143, 328          2, 2, 5             
этгээд                          34, 98, 100, 104      2, 28, 38, 36       
                                108, 109, 109, 110    31, 10, 37, 3       
                                129, 142, 150, 157    29, 2, 28, 27       
                                159, 160, 161, 162    43, 34, 3, 10       
                                165, 183, 272, 297    21, 48, 8, 2        
                                315, 315              12, 21              
иргэн                           34, 66, 67, 105       4, 5, 8, 17         
                                105, 236, 273, 319    23, 20, 17, 28      
компани                         34                    8                   
нөхөрлөл                        34                    9                   
бусад этгээд                    37                    18                  
зөвшөөрөл                       38, 96, 153, 190      4, 12, 6, 4         
                                192, 195, 213, 217    4, 2, 8, 2          
                                266, 268, 271, 272    4, 2, 2, 2          
                                274, 281, 303, 304    4, 4, 4, 2          
                                311, 315, 315         2, 2, 10            
зөвшөөрөл эзэмшигч              40, 129, 183, 188     2, 2, 22, 4         
                                189, 191, 194, 212    2, 2, 2, 2          
                                225, 226, 234, 236    2, 2, 2, 2          
                                238, 259, 260, 261    2, 2, 2, 2          
                                269, 278, 280, 283    2, 2, 2, 2          
                                284, 285, 286, 290    2, 2, 2, 2          
                                318, 319, 322         4, 2, 2             
хангагч                         40, 50, 88, 94        16, 11, 11, 9       
                                100, 119, 126, 136    14, 6, 32, 12       
                                143, 151, 183, 189    9, 14, 27, 14       
                                209, 210, 235, 236    16, 17, 8, 23       
                                277                   21                  
хуулийн этгээдийн нэр           41, 90                6, 2                
зохицуулалт                     43, 44                7, 7                
зохион байгуулагч               47, 54, 72            14, 16, 18          
хяналт тавих                    47, 70, 74, 222       18, 15, 25, 8       
талууд                          47, 61, 74, 215       11, 15, 16, 6       
                                216, 221, 223, 227    9, 9, 4, 6          
                                236, 271, 285, 298    24, 16, 16, 35      
                                312, 316, 317, 319    6, 22, 3, 17        
                                322                   18                  
тал                             47, 61, 74, 215       11, 15, 16, 6       
                                216, 221, 223, 227    9, 9, 4, 6          
                                236, 271, 285, 298    24, 16, 16, 35      
                                312, 316, 317, 319    6, 22, 3, 17        
                                322                   18                  
ажилгүй                         47, 221, 306          17, 15, 39          
тусгай хэрэгцээний газар        51                    12                  
дурсгалт газар                  51                    9                   
хот байгуулалт                  55, 111, 127, 163     2, 6, 13, 15        
                                249, 254              22, 16              
захиргааны байгууллага          57, 58, 58, 101       4, 7, 11, 45        
                                102, 111, 111, 127    2, 15, 41, 22       
                                135, 146, 163, 163    11, 11, 24, 54      
                                179, 222, 246, 248    18, 15, 6, 27       
                                249, 262, 275, 279    2, 8, 12, 16        
                                285, 291, 315         18, 26, 8           
зураг зүй                       60, 111, 163, 277     7, 53, 65, 29       
                                297, 313              7, 9                
өргөдөл                         61, 87, 88, 98        7, 11, 15, 2        
                                98, 98, 100, 100      6, 26, 36, 41       
                                104, 104, 108, 109    34, 43, 29, 8       
                                109, 109, 129, 134    35, 42, 27, 19      
                                140, 150, 150, 150    11, 2, 6, 26        
                                151, 153, 153, 156    3, 13, 16, 27       
                                157, 157, 158, 159    25, 30, 12, 41      
                                159, 160, 160, 165    48, 32, 39, 14      
                                165, 179, 183, 275    19, 26, 46, 17      
                                280, 313              16, 32              
дүгнэлт                         61, 62, 102, 105      16, 5, 27, 9        
                                285                   27                  
мэргэжлийн зөвлөл               62                    3                   
ажил                            62, 102, 105, 110     12, 12, 28, 18      
                                126, 146, 147, 156    13, 2, 2, 17        
                                161, 163, 183, 184    16, 10, 14, 15      
                                193, 205, 220, 224    26, 13, 2, 16       
                                225, 245, 246, 247    27, 2, 2, 14        
                                247, 247, 253, 257    25, 31, 11, 2       
                                257, 287, 297, 306    16, 15, 10, 5       
үр                              62, 146, 247, 248     13, 3, 26, 14       
тайлан                          62, 125, 204, 242     15, 11, 5, 4        
                                243, 246, 253, 276    8, 17, 5, 12        
                                298                   10                  
хяналт шалгалт                  64, 205, 213, 243     29, 5, 25, 20       
                                291                   10                  
гүйцэтгэгч                      64, 125               35, 9               
нийслэл                         66, 66, 67, 68        4, 10, 7, 2         
                                71, 89, 89, 96        7, 17, 24, 2        
                                102, 104, 105, 105    5, 38, 2, 22        
                                108, 109, 110, 111    2, 29, 15, 2        
                                111, 121, 126, 127    24, 21, 2, 2        
                                127, 129, 141, 149    25, 19, 15, 2       
                                152, 156, 160, 161    2, 2, 26, 21        
                                163, 163, 165, 183    2, 28, 2, 2         
                                184, 208, 213, 231    2, 31, 2, 22        
                                243, 250, 254, 270    17, 17, 2, 2        
                                272, 277, 278, 279    12, 2, 19, 2        
                                282, 287, 288, 289    2, 2, 18, 2         
                                291, 298, 311, 312    2, 2, 10, 2         
                                313, 314, 316, 317    2, 8, 2, 5          
зохиогч                         68                    4                   
түгээмэл тархацтай ашигт малтмалын хайгуулын талбай  69, 83                6, 5                
мэргэжлийн байгууллага          70                    3                   
арга хэмжээ                     73, 221               18, 12              
тохиолдол                       73, 119, 208, 267     13, 7, 26, 12       
                                290, 319              7, 26               
эрүүл мэнд                      74                    2                   
байгаль орчин                   74                    4                   
түгээмэл тархацтай ашигт малтмалын хайгуулын тусгай зөвшөөрөл  79, 80, 84, 85        1, 1, 8, 8          
                                88, 89, 105, 108      20, 7, 32, 7        
                                110, 111, 114, 119    22, 30, 9, 8        
хуулийн этгээдийн улсын бүртгэл  91                    2                   
эрх бүхий этгээд                91, 122, 180          13, 14, 10          
гэрчилгээ                       91, 278               6, 17               
сум                             92, 105, 144, 163     18, 15, 19, 44      
                                217, 217, 220, 221    16, 26, 28, 37      
                                223, 225, 230, 236    11, 14, 21, 18      
хураамж                         93, 145               3, 3                
үйлчилгээ                       93, 145               8, 8                
нотлох баримт                   94, 143, 288          11, 11, 14          
баримт бичиг                    100, 151, 157         4, 6, 4             
шүүлт                           100, 101, 151, 152    22, 8, 19, 11       
хүсэлт                          102, 275, 298         8, 24, 19           
шалгагч                         102, 313, 313, 316    21, 22, 47, 10      
санал                           105, 221, 285         26, 33, 20          
төлбөр төлөгч                   123, 192, 195         7, 5, 7             
үе шатны ажил                   125                   6                   
түгээмэл тархацтай ашигт малтмалын ашиглалтын тусгай зөвшөөрөл  131, 132, 137, 138    1, 1, 8, 8          
                                227                   7                   
газрын зураг                    135                   16                  
эрх бүхий албан тушаалтан       142                   11                  
олборлолт                       155, 306, 306         9, 22, 44           
зах зээл                        170                   12                  
дамжин өнгөрөгч                 173, 319              10, 14              
барилга байгууламж              173, 273              13, 10              
стандарт                        175                   13                  
ус ашиглагч                     176                   6                   
мэдэгдэл                        193, 287, 288, 289    22, 24, 5, 18       
соёлын өв                       209                   8                   
гомдол                          213, 290, 317, 321    31, 5, 12, 5        
                                322                   27                  
технологи                       221                   19                  
хөрөнгө                         223, 225, 225, 226    32, 22, 32, 17      
                                233, 258, 305, 306    4, 34, 5, 3         
байгаль орчинд нөлөөлөх байдлын үнэлгээ  231                   9                   
аюул                            235, 236              6, 21               
эрүүл ахуй                      236                   13                  
хэсэгчлэн хаах                  238                   9                   
нөөц ашигласны төлбөр           239, 240, 241, 258    7, 31, 5, 24        
                                260, 285              11, 6               
борлуулалт                      240, 241              24, 23              
мэдээ                           243, 247, 250, 258    7, 22, 11, 36       
                                276, 298, 298         11, 13, 29          
холбоо                          247                   41                  
гэрээ                           256, 298              10, 36              
хэлцэл                          256                   11                  
хөрөнгө оруулалт                258                   18                  
тоног төхөөрөмж                 258, 273              31, 8               
мэдээлэл                        258, 294, 295, 296    14, 1, 1, 6         
                                299, 300              8, 8                
ашиглалт                        258, 298              20, 12              
албан татвар                    261                   15                  
эд хөрөнгө                      273                   13                  
шүүхийн шийдвэр                 290                   8                   
хүний хувийн мэдээлэл           299, 300              17, 17              
албаны нууц                     299, 300              11, 11              
байгууллагын нууц               299, 300              14, 14              
улсын  төсөв                    306                   40                  
улсын төсөв                     306                   40                  
оролцогч                        316, 317              21, 2               
газар өмчлөх                    318, 319              7, 5                
арбитрын хэлэлцээр              319                   20                  
шүүгч                           319                   27                  
шүүх                            319                   27                  
саад учруулсан                  322                   9                   
төрийн байгууллага              322                   11                  
шинжээч                         327                   10                  
хүн                             328                   4                   
