File: MNCLW00176.txt
Search Method: Aho-Corasick
Total runtime: 0.007526s
Found terms: 668

Term                            Line                  Word Place          

дайны байдал                    6, 10, 10, 10         1, 5, 12, 42        
                                13, 15, 17, 19        13, 1, 1, 14        
                                23, 24, 33, 35        24, 14, 13, 24      
                                36, 38, 40, 40        19, 13, 3, 10       
                                41, 43, 44, 47        5, 3, 7, 12         
                                55, 57, 58, 66        6, 7, 6, 10         
                                69, 84, 85, 86        1, 14, 9, 1         
                                87, 90, 94, 102       6, 14, 17, 3        
                                105, 112, 113, 117    1, 5, 8, 3          
                                119, 121, 123, 125    7, 12, 15, 1        
                                126, 127, 141, 146    3, 7, 5, 3          
                                148, 152, 163, 167    3, 1, 5, 1          
                                168, 168, 171, 175    5, 8, 9, 7          
                                183, 184, 185, 200    1, 11, 3, 6         
                                219, 223, 237, 239    6, 3, 1, 5          
                                245, 250, 252, 254    19, 1, 6, 7         
                                256, 278, 280         5, 7, 1             
нийтлэх                         8                     1                   
аж ахуйн нэгж                   10, 47, 60, 65        35, 9, 5, 5         
                                121, 130, 132, 134    9, 5, 9, 5          
                                138, 150, 195, 237    2, 2, 5, 5          
                                238, 239              4, 2                
арга хэмжээ                     10, 29, 40, 41        18, 11, 14, 13      
                                53, 62, 107, 122      7, 12, 11, 8        
                                132, 178              21, 20              
зарлаг                          10, 17, 18, 19        7, 3, 5, 16         
                                22, 23, 23, 24        5, 3, 26, 16        
                                26, 27, 32, 32        3, 3, 3, 26         
                                33, 35, 37, 112       15, 3, 15, 7        
                                278                   9                   
хангагч                         10, 40, 41, 44        25, 9, 11, 17       
                                45, 47, 51, 59        12, 16, 16, 6       
                                109, 117, 132, 133    17, 18, 20, 13      
                                141, 143, 147, 148    16, 37, 5, 9        
                                151, 155, 156, 163    9, 9, 9, 12         
                                169, 177, 180, 200    13, 8, 16, 21       
                                233                   6                   
захиргаа                        10, 33, 38, 44        28, 8, 8, 2         
                                57, 71, 73, 74        2, 30, 5, 5         
                                75, 75, 113, 119      3, 21, 15, 2        
                                127, 142, 143, 143    2, 8, 6, 35         
                                144, 148, 159, 160    9, 12, 6, 4         
                                161, 166, 170, 171    5, 6, 4, 2          
                                173, 175, 181, 198    5, 4, 8, 2          
                                234, 278              22, 17              
удирдлага                       10, 45, 69, 70        30, 8, 6, 5         
                                71, 71, 73, 74        3, 38, 3, 6         
                                75, 77, 109, 113      4, 18, 16, 16       
                                118, 143, 171, 200    3, 36, 16, 20       
                                233                   2                   
байгууллага                     10, 10, 15, 33        31, 34, 21, 10      
                                33, 33, 38, 38        19, 31, 10, 19      
                                38, 45, 47, 60        31, 9, 8, 4         
                                62, 63, 65, 66        4, 14, 4, 5         
                                71, 71, 75, 84        32, 39, 23, 13      
                                113, 121, 130, 132    19, 8, 4, 8         
                                134, 140, 140, 142    4, 3, 8, 10         
                                143, 144, 159, 160    8, 11, 8, 7         
                                161, 163, 166, 168    8, 2, 8, 2          
                                171, 175, 181, 194    19, 14, 10, 2       
                                195, 198, 200, 211    4, 18, 23, 13       
                                212, 234, 237, 271    13, 24, 4, 34       
иргэн                           10, 60, 64, 94        38, 8, 12, 12       
                                134, 138, 150, 195    8, 5, 5, 8          
                                198, 237, 245, 271    19, 8, 3, 14        
                                271                   23                  
тохиолдол                       13                    12                  
мөрдөгч                         13, 66, 88, 192       19, 13, 4, 14       
                                242                   7                   
аюул                            20, 139, 240          21, 4, 2            
үндэсний аюулгүй байдал         23, 35, 71, 75        8, 10, 15, 10       
                                83, 90, 101, 106      3, 3, 3, 3          
                                108, 111, 112, 112    9, 5, 8, 13         
                                113, 143, 153, 201    3, 14, 5, 8         
зөвлөл                          23, 112               11, 11              
шийдвэр                         23, 32, 35, 36        14, 8, 27, 8        
                                37, 93, 94, 124       8, 5, 24, 10        
                                128, 153, 154, 198    21, 15, 19, 12      
                                204, 227, 240, 254    7, 6, 9, 17         
                                268, 271, 273         9, 30, 23           
хойшлуулшгүй тохиолдол          24                    9                   
зарлиг                          24, 24, 26, 31        18, 24, 12, 2       
                                32                    19                  
нийтийн мэдээлэл                32, 37                23, 12              
даруй                           32, 37, 192           21, 10, 6           
санал                           35, 101, 102, 108     14, 17, 12, 8       
                                128, 154              13, 11              
захиргааны байгууллага          44, 57, 119, 127      5, 5, 5, 5          
                                148                   15                  
үйл ажиллагаа                   44, 57, 59, 63        13, 13, 4, 10       
                                65, 66, 90, 147       8, 6, 21, 6         
                                157, 176, 191, 200    5, 13, 8, 15        
                                211, 219, 240, 257    14, 21, 11, 13      
                                272                   5                   
зохиогч                         44, 57, 62, 83        11, 11, 14, 12      
                                84, 90, 101, 119      18, 18, 12, 11      
                                181, 257, 271         16, 11, 31          
бэлэн байдал                    45                    10                  
дайчилгаа                       46, 104, 120, 136     4, 4, 2, 4          
                                149, 179, 226         2, 2, 2             
бүтээгдэхүүн                    47, 121, 130, 132     6, 6, 8, 6          
                                177, 188              7, 6                
үйлдвэрлэгч                     47, 121, 130, 132     7, 7, 9, 7          
дайчилгаатай сургууль           49, 181               4, 4                
дайчилгааны сургууль            49, 181               4, 4                
хэсэгчилсэн дайчилгаа           56                    6                   
зохион байгуулагч               56, 117, 120, 126     9, 20, 13, 8        
                                139, 140, 149, 151    21, 27, 14, 11      
                                153, 154, 154, 156    18, 9, 21, 11       
                                168, 169, 175, 177    14, 7, 20, 13       
                                180, 186, 187, 188    20, 6, 17, 12       
                                191, 194, 207, 209    6, 10, 9, 10        
                                213, 224, 229, 230    12, 3, 6, 6         
                                257                   7                   
хүн                             59, 139, 196, 277     15, 13, 7, 8        
                                278                   19                  
эд хөрөнгө                      60, 139, 179, 189     9, 16, 9, 4         
                                243                   10                  
тээврийн хэрэгсэл               60, 64                11, 10              
барилга байгууламж              60                    13                  
хүнс                            60, 134, 179, 189     17, 14, 8, 3        
зөвшөөрөл                       62                    5                   
цуглаан                         62                    7                   
жагсаал                         62                    8                   
хуулийн этгээд                  63                    8                   
орон сууц                       64, 243               14, 5               
хураагч                         64                    25                  
этгээд                          64                    27                  
батлан хамгаалах                69, 71, 71, 71        4, 25, 42, 47       
                                75, 75, 75, 75        1, 16, 26, 31       
                                118, 143, 143, 144    15, 27, 32, 4       
                                153, 165, 171, 171    11, 3, 23, 28       
                                176, 198, 212, 234    15, 8, 17, 17       
                                240, 246, 248, 259    5, 7, 6, 8          
                                259, 271, 272, 273    14, 27, 9, 20       
                                280                   4                   
жанжин штаб                     71, 77, 214, 217      35, 10, 10, 5       
                                219, 221, 257, 259    3, 6, 18, 20        
                                268                   12                  
газар                           71, 71, 71, 75        20, 24, 44, 15      
                                75, 77, 83, 84        28, 7, 10, 4        
                                85, 90, 90, 101       4, 10, 13, 10       
                                103, 106, 108, 114    6, 10, 4, 6         
                                115, 124, 141, 143    7, 8, 4, 29         
                                146, 153, 165, 171    11, 10, 9, 25       
                                172, 172, 177, 198    3, 10, 10, 10       
                                199, 200, 201, 202    6, 4, 4, 4          
                                212, 214, 216, 225    19, 4, 4, 14        
                                227, 228, 240, 254    4, 4, 7, 16         
                                259, 259, 268, 271    10, 16, 8, 29       
                                272, 273              11, 22              
нийслэл                         71, 75, 94, 143       41, 25, 10, 26      
                                171, 259, 271, 272    22, 7, 26, 8        
                                273                   19                  
сум                             71, 75, 94, 143       45, 29, 9, 30       
                                171                   26                  
цэргийн мэргэжлийн удирдлага    73, 77, 259           7, 1, 11            
мэргэжлийн удирдлага            76                    4                   
мэргэжил                        77, 200, 219, 261     13, 18, 12, 10      
ажилгүй                         84, 165               11, 7               
журам                           84, 119, 121, 134     22, 15, 15, 18      
                                135, 137, 185, 190    9, 6, 6, 9          
                                192, 195, 212, 242    12, 18, 22, 5       
                                243, 247, 248, 252    13, 8, 9, 11        
                                254                   11                  
хяналт тавих                    90, 104, 148, 153     24, 9, 20, 21       
                                168, 185, 204, 207    16, 8, 10, 11       
                                211, 228              16, 11              
эвсэл                           91                    10                  
гадаадын цэргийн хүчин          92, 140               13, 20              
талууд                          92, 102, 103, 140     25, 8, 4, 13        
                                141, 148, 153, 165    17, 10, 13, 5       
                                192, 200, 246         10, 14, 12          
тал                             92, 102, 103, 140     25, 8, 4, 13        
                                141, 148, 153, 165    17, 10, 13, 5       
                                192, 200, 246         10, 14, 12          
дүгнэлт                         102, 203              13, 5               
гүйцэтгэгч                      109                   6                   
хэрэглэгч                       109, 204              10, 5               
батлан хамгаалах бодлого        113, 143              21, 21              
хариуцагч                       113                   25                  
төсөл                           117, 146              8, 8                
ажил                            117, 120, 139, 140    19, 12, 20, 26      
                                143, 149, 153, 156    18, 13, 17, 10      
                                172, 175, 180, 188    4, 19, 19, 11       
                                194, 214, 223, 240    9, 5, 10, 16        
                                277                   22                  
ачаа                            123, 178              2, 2                
зам                             123, 123, 178, 178    5, 8, 5, 8          
нисэх                           123, 178              10, 10              
тогтоол                         124                   9                   
төсвийн тодотгол                128                   9                   
улсын захиалга-даалгавр         130, 188, 240         11, 8, 19           
улсын захиалга-даалгавар        130, 188, 240         11, 8, 19           
салбар                          133, 163, 168, 254    7, 4, 4, 21         
                                266                   7                   
хөрөнгө                         134, 277              13, 19              
үйлчлэгч                        138, 168              18, 11              
ашиглалт                        138                   31                  
мал                             139                   15                  
удирдамж@@                      147, 228              4, 5                
бүх нийтийн дайчилгаа           154                   5                   
цэргийн техник                  155, 187, 234         4, 9, 11            
бие бүрэлдэхүүн                 158, 234              8, 8                
нэмэгдэл                        158                   15                  
дайчилгааны даалгавар           164                   2                   
мэдээ                           166                   10                  
мэргэжлийн анги                 169                   4                   
нэгж                            170, 171, 198, 216    7, 5, 5, 12         
төсөв                           176                   11                  
захиалагч                       177                   11                  
сүлжээ                          178                   14                  
цэргийн бүртгэл                 192                   3                   
үйлчилгээ                       216                   11                  
тушаал                          228, 253, 277         6, 11, 24           
технологи                       240                   15                  
иргэний хамгаалалт              248, 267              4, 6                
зэвсэгт хүчин                   250, 252              4, 3                
цэргийн захиргааны удирдлага    259                   3                   
үүрэг гүйцэтгэгч                261, 262              14, 5               
захирамж                        268                   14                  
дайчилгааны бэлтгэл             271                   9                   
гадаадын иргэн                  271                   40                  
хүсэлт                          271                   24                  
улсын  төсөв                    280                   8                   
улсын төсөв                     280                   8                   
шинжээч                         282                   10                  
