File: MNCLW00265.txt
Search Method: Aho-Corasick
Total runtime: 0.007778s
Found terms: 857

Term                            Line                  Word Place          

төрийн ордон                    5                     1                   
кибер аюулгүй байдал            6, 11, 16, 31         1, 5, 4, 13         
                                32, 34, 36, 39        6, 8, 8, 11         
                                50, 51, 60, 60        1, 1, 10, 17        
                                94, 95, 97, 99        1, 1, 9, 6          
                                107, 112, 120, 123    23, 3, 11, 11       
                                125, 130, 131, 132    12, 3, 8, 16        
                                133, 138, 142, 143    18, 17, 5, 3        
                                145, 150, 156, 161    7, 3, 5, 5          
                                166, 171, 180, 181    5, 12, 2, 7         
                                213, 249, 254, 261    7, 3, 4, 5          
нийтлэх                         8, 9                  1, 1                
кибер орон зай                  11, 145               17, 22              
үйл ажиллагаа                   11, 17, 19, 31        9, 12, 8, 36        
                                32, 34, 37, 38        24, 13, 21, 23      
                                41, 42, 50, 51        7, 5, 5, 5          
                                52, 53, 60, 79        7, 5, 21, 20        
                                81, 104, 107, 112     8, 6, 5, 7          
                                112, 116, 127, 132    16, 5, 12, 20       
                                145, 145, 157, 163    5, 28, 5, 16        
                                164, 167, 168, 175    5, 5, 5, 7          
                                186, 200, 202, 205    9, 8, 9, 5          
                                208, 218, 218, 219    5, 10, 14, 25       
                                229, 234, 252, 261    9, 8, 6, 9          
кибер орчин                     11                    20                  
хүртээмжтэй байдал              11, 23, 35            27, 11, 11          
хангагч                         11, 24, 38, 41        8, 14, 28, 6        
                                42, 50, 51, 52        4, 4, 4, 6          
                                53, 55, 58, 59        4, 4, 6, 4          
                                60, 60, 69, 79        13, 20, 11, 36      
                                94, 95, 97, 97        4, 4, 4, 12         
                                99, 107, 107, 111     9, 4, 9, 4          
                                112, 112, 113, 114    6, 13, 4, 4         
                                118, 120, 121, 123    4, 14, 4, 4         
                                123, 124, 125, 127    14, 4, 15, 4        
                                130, 131, 132, 133    6, 11, 19, 21       
                                135, 137, 138, 141    4, 12, 20, 4        
                                142, 143, 145, 145    8, 6, 18, 27        
                                147, 148, 150, 153    4, 7, 6, 4          
                                156, 157, 158, 164    8, 4, 4, 4          
                                167, 168, 175, 180    4, 4, 4, 5          
                                205, 207, 208, 217    4, 4, 4, 10         
                                218, 219, 229, 249    16, 27, 18, 6       
                                254, 261              7, 8                
мэдээлэл                        11, 17, 23, 24        23, 9, 7, 8         
                                24, 25, 26, 31        15, 17, 5, 11       
                                34, 36, 37, 39        3, 6, 14, 2         
                                39, 65, 65, 73        9, 2, 10, 10        
                                74, 76, 89, 102       3, 13, 8, 3         
                                103, 107, 125, 131    2, 15, 3, 2         
                                132, 132, 135, 137    2, 9, 14, 8         
                                138, 145, 146, 148    13, 14, 11, 16      
                                151, 152, 163, 171    7, 9, 19, 3         
                                185, 186, 193, 203    5, 3, 9, 10         
                                204, 209, 211, 213    3, 11, 3, 3         
                                230, 235, 235, 236    21, 3, 12, 19       
                                237, 238, 239, 240    16, 5, 3, 8         
                                244, 245, 246, 253    11, 12, 14, 8       
аюул                            12, 13, 23, 31        4, 2, 2, 2          
                                31, 32, 35, 41        17, 2, 2, 4         
                                42, 52, 53, 54        2, 4, 2, 2          
                                55, 58, 59, 61        2, 4, 2, 4          
                                62, 64, 67, 68        2, 2, 4, 2          
                                69, 73, 73, 75        2, 2, 11, 2         
                                77, 97, 98, 104       4, 2, 2, 2          
                                105, 106, 107, 111    2, 4, 2, 2          
                                113, 114, 118, 121    2, 2, 2, 2          
                                122, 123, 124, 126    2, 2, 2, 2          
                                127, 133, 135, 137    2, 2, 2, 10         
                                140, 141, 144, 145    2, 2, 2, 16         
                                145, 147, 148, 153    25, 2, 2, 2         
                                157, 158, 160, 164    2, 2, 2, 2          
                                167, 168, 169, 170    2, 2, 2, 2          
                                175, 191, 205, 207    2, 5, 2, 2          
                                208, 209, 210, 211    2, 2, 2, 5          
                                214, 258              2, 4                
үндэсний аюулгүй байдал         13, 34, 37, 42        11, 19, 26, 7       
хүний хувийн мэдээлэл           13                    45                  
албаны нууц                     13                    22                  
тагнуулын байгууллага           13, 64, 65, 74        30, 19, 22, 10      
                                123, 125, 216, 232    7, 8, 13, 3         
байгууллагын нууц               13                    34                  
нийтийн мэдээлэл                13, 29, 30            38, 4, 4            
мөрдөгч                         14, 175, 206, 263     17, 9, 6, 12        
үйлчлэгч                        15, 16, 17            4, 23, 31           
хуулийн этгээд                  16, 17, 40, 60        11, 25, 3, 7        
                                62, 63, 65, 66        17, 5, 31, 5        
                                68, 69, 71, 74        16, 6, 13, 19       
                                76, 77, 126, 141      5, 13, 11, 7        
                                152, 153, 155, 156    16, 7, 5, 3         
                                163, 174, 216, 229    25, 6, 4, 2         
                                230, 246, 247, 260    9, 9, 2, 5          
                                261, 261              2, 18               
зохион байгуулагч               16, 99, 107, 122      18, 15, 13, 9       
                                131, 132, 144, 147    5, 27, 10, 11       
хүн                             16, 45, 141, 152      10, 4, 6, 15        
                                153, 181, 225, 260    6, 6, 29, 4         
гадаадын хөрөнгө оруулалт       17                    22                  
мэдээллийн систем               17, 25, 31, 33        7, 15, 9, 7         
                                34, 35, 36, 37        28, 6, 4, 12        
                                38, 137, 145, 146     19, 6, 12, 9        
                                163, 199, 209, 212    4, 4, 9, 8          
                                217, 218, 225, 235    2, 5, 15, 17        
                                235, 244, 251, 251    34, 28, 4, 23       
гадаадын иргэн                  17                    16                  
харьяалалгүй хүн                17                    18                  
мэдээллийн аюулгүй байдлын аудит  18, 70, 73, 74        11, 12, 22, 21      
                                76, 77, 126, 173      8, 8, 6, 9          
                                214, 220              7, 9                
аудитын байгууллага             18                    2                   
зөвшөөрөл                       19, 79, 79, 79        18, 11, 23, 39      
                                81, 87, 87, 89        4, 4, 22, 22        
                                91                    8                   
тодорхойлолт                    21                    6                   
хэрэглэгч                       22, 39, 117           3, 22, 16           
сүлжээ                          24, 30, 219           11, 2, 8            
систем                          29, 33, 161, 166      2, 2, 2, 2          
                                187, 188, 192, 194    8, 13, 6, 11        
                                201, 211, 213, 219    5, 2, 2, 9          
                                244                   10                  
эрсдэлийн үнэлгээ               31, 61, 62, 64        4, 6, 4, 4          
                                77, 126, 140, 169     6, 4, 4, 4          
                                209, 214              4, 4                
цахим мэдээлэл                  31                    7                   
эмзэг байдал                    31                    21                  
эрсдэлийг бууруулах             31                    28                  
урьдчилан сэргийлэх             31, 38, 56, 59        30, 10, 4, 5        
                                128, 251              4, 10               
магадлал                        31                    20                  
үр                              31                    26                  
журам                           32, 60, 64, 75        12, 24, 7, 10       
                                101, 103, 105, 117    18, 7, 11, 9        
                                135, 136, 157, 164    18, 5, 8, 8         
                                169, 170, 205         10, 8, 8            
стандарт                        32, 63, 70, 87        13, 12, 5, 13       
                                173, 207, 220         7, 6, 7             
дүгнэлт                         32, 137, 138, 154     16, 20, 22, 13      
                                169, 170, 209, 254    20, 18, 25, 15      
зөвлөмж                         32, 141, 147, 153     18, 9, 13, 9        
                                158, 169, 170, 177    10, 21, 19, 5       
                                182, 209, 215, 236    4, 26, 5, 18        
                                239, 245, 247         16, 11, 8           
мэргэжил                        32, 167, 225, 234     23, 11, 19, 12      
мэдээллийн сүлжээ               34                    30                  
байгууллага                     34, 34, 37, 62        6, 33, 19, 15       
                                63, 63, 64, 65        13, 17, 18, 6       
                                66, 68, 70, 70        17, 14, 6, 10       
                                73, 75, 76, 79        18, 20, 17, 10      
                                87, 87, 89, 102       14, 18, 20, 6       
                                103, 112, 113, 114    10, 15, 11, 12      
                                118, 119, 120, 121    10, 12, 10, 9       
                                123, 124, 125, 125    15, 11, 6, 16       
                                129, 130, 133, 133    4, 2, 15, 22        
                                135, 135, 138, 142    13, 20, 25, 9       
                                143, 146, 147, 148    7, 8, 9, 14         
                                149, 150, 158, 177    4, 2, 8, 3          
                                182, 185, 186, 186    2, 8, 6, 12         
                                187, 188, 194, 195    10, 15, 13, 6       
                                196, 199, 200, 201    6, 10, 11, 7        
                                203, 204, 209, 215    14, 6, 19, 3        
                                235, 237, 238, 239    16, 14, 9, 6        
                                239, 240, 240, 242    9, 12, 16, 12       
                                249, 253, 261         7, 6, 17            
онц чухал мэдээллийн дэд бүтэцтэй байгууллага  37                    6                   
кибер халдлага                  37, 37, 38, 100       3, 34, 7, 3         
                                134, 159, 165, 176    3, 9, 4, 5          
                                214, 218, 219, 222    18, 22, 32, 1       
                                223, 229, 230, 235    1, 4, 16, 20        
                                235, 236, 239, 240    30, 3, 12, 4        
                                244, 244, 247, 251    14, 24, 4, 7        
                                251, 252              19, 2               
арга хэмжээ                     38, 55, 56, 57        16, 7, 8, 8         
                                57, 59, 225, 235      13, 9, 8, 27        
                                244, 251              21, 16              
мэргэжлийн удирдлага            38                    26                  
этгээд                          38, 75, 137, 138      33, 6, 5, 5         
                                140, 162              7, 4                
нэгдсэн сүлжээ                  39                    3                   
төрийн байгууллага              39, 152, 167          6, 11, 9            
тусгай хэрэглээний              39                    25                  
орон нутгийн өмч                40                    8                   
удирдлага                       43, 54, 107, 112      2, 5, 8, 10         
                                187, 188, 194, 197    7, 12, 10, 3        
                                201, 211              4, 9                
технологи                       44, 73, 127           5, 9, 8             
бүтээгдэхүүн                    45, 171               2, 5                
үйлчилгээ                       45, 73, 163, 171      3, 14, 22, 6        
                                193                   11                  
үнэлгээ                         46                    2                   
хувийн хэвшлийн түншлэгч        47                    2                   
зохиогч                         54, 101, 112, 211     6, 11, 11, 10       
нийтлэг журам                   58, 59, 60, 123       7, 12, 14, 5        
                                161, 166, 175, 213    8, 8, 5, 10         
газар                           59, 96, 97, 108       15, 4, 8, 14        
                                108, 109              18, 5               
захиргаа                        62, 64, 68, 75        13, 16, 12, 18      
                                79, 89, 119, 120      8, 18, 10, 8        
                                133, 135, 242         13, 11, 10          
мэргэжлийн холбоо               63, 70, 87            10, 3, 11           
гэрчилгээ                       63, 70, 79, 87        21, 19, 45, 24      
                                89                    24                  
ажилтан                         63, 70, 71, 87        25, 23, 5, 8        
                                89                    5                   
кибер аюулгүй байдлын эрсдэлийн үнэлгээ  65, 66, 216           17, 8, 6            
төрийн өмчит хуулийн этгээд     65, 74, 132, 235      13, 6, 12, 6        
хуулийн этгээдийн мэдээлэл      73, 244               6, 7                
тайлан                          76                    12                  
өргөдөл                         79                    25                  
шийдвэр                         79, 117, 118, 121     42, 2, 8, 10        
нотлох баримт                   83, 85                8, 10               
тал                             97, 99, 113, 114      13, 10, 5, 5        
                                120, 122, 124, 130    15, 4, 5, 7         
                                147, 150, 156, 158    5, 7, 9, 5          
                                165, 167, 176, 180    3, 7, 4, 6          
                                207, 218, 219, 230    5, 21, 31, 19       
                                238, 239, 245, 247    4, 15, 4, 7         
талууд                          97, 99, 113, 114      13, 10, 5, 5        
                                120, 122, 124, 130    15, 4, 5, 7         
                                147, 150, 156, 158    5, 7, 9, 5          
                                165, 167, 176, 180    3, 7, 4, 6          
                                207, 218, 219, 230    5, 21, 31, 19       
                                238, 239, 245, 247    4, 15, 4, 7         
дүрэм                           101                   10                  
хөрөнгө                         104, 160              10, 6               
зөвлөл                          105, 106, 107, 107    4, 6, 26, 28        
                                108, 118              24, 7               
ажил                            105, 108, 116         5, 26, 3            
гишүүн                          108                   15                  
хяналт тавих                    111, 132, 134, 136    8, 22, 9, 8         
мэдээ                           113, 148, 237, 246    7, 15, 15, 13       
                                253                   7                   
төсөв                           114, 237              11, 13              
улсын төсөв                     116                   9                   
улсын  төсөв                    116                   9                   
хэвлэмэл хуудас                 117                   14                  
тогтоол                         117                   3                   
тэмдэглэл                       117                   4                   
хөгжлийн бодлого                122                   5                   
инновац                         127                   9                   
холбогдох этгээд                132                   24                  
шалгагч                         137, 146, 154, 254    18, 17, 9, 13       
баталгаажуулах                  137, 146, 254         19, 18, 14          
хөрөнгө оруулалт                138                   10                  
зээл                            138                   8                   
төсөл                           138                   15                  
хөтөлбөр                        138                   16                  
санал                           138, 140, 216         26, 9, 15           
батлан хамгаалах                144, 145              7, 3                
салбар                          144, 200, 251, 254    9, 4, 3, 3          
тоног төхөөрөмж                 146, 154              13, 5               
бэлэн байдал                    148                   5                   
тохиолдол                       159, 184, 216         8, 8, 12            
даруй                           159, 165, 172, 184    15, 10, 6, 11       
                                219                   39                  
үйл ажиллагааны зардал          160                   7                   
мэдээлэл боловсруулах           163                   7                   
хариуцагч                       168, 181, 199, 200    7, 10, 9, 10        
                                201, 208, 240         6, 7, 11            
нэгж                            168, 208              8, 8                
бохир ус                        188                   2                   
эрүүл мэндийн байгууллага       189                   4                   
гоц халдварт өвчин              190                   3                   
мал                             190                   2                   
үйлдвэрлэгч                     191, 195, 196         7, 4, 3             
төлбөр тооцоо                   192                   2                   
санхүүгийн байгууллага          192                   9                   
банк                            192                   8                   
харилцаа холбоо                 193                   7                   
усан зам                        194                   4                   
зам                             194                   3                   
зохицуулалт                     194                   8                   
хүнс                            196                   2                   
олон нийтийн радио, телевиз     198                   2                   
мэдээллийн сан                  199, 225, 236         7, 34, 10           
боомт                           201                   2                   
ашигт малтмал                   202                   5                   
ачаа                            202                   2                   
нэгдсэн систем хариуцагч        203                   11                  
тээврийн хэрэгсэл               203                   6                   
зорчигч                         203                   5                   
иргэн                           216, 244              2, 6                
шинжээч                         219, 259              17, 10              
кибер халдлага, зөрчилтэй тэмцэх төв  234                   3                   
статистикийн мэдээлэл           236                   13                  
