File: MNCLW00536.txt
Search Method: Aho-Corasick
Total runtime: 0.007566s
Found terms: 717

Term                            Line                  Word Place          

нийтлэх                         9, 11, 96             3, 1, 6             
үйл ажиллагаа                   13, 13, 15, 18        10, 17, 20, 7       
                                19, 19, 20, 20        8, 13, 6, 17        
                                21, 22, 23, 24        6, 12, 10, 6        
                                25, 27, 29, 32        8, 11, 7, 12        
                                33, 35, 37, 38        12, 8, 5, 5         
                                45, 52, 53, 60        2, 4, 2, 5          
                                61, 96, 97, 97        5, 10, 4, 10        
                                98, 99, 100, 101      6, 2, 4, 3          
                                102, 104, 105, 107    6, 5, 5, 3          
                                109, 111, 123, 136    5, 7, 2, 8          
                                137, 141, 145, 175    2, 17, 2, 5         
                                191, 195, 196, 197    6, 10, 3, 15        
                                215, 230, 232, 238    3, 12, 19, 8        
                                242, 243, 256, 256    7, 7, 10, 49        
                                260, 261, 268, 269    8, 8, 8, 8          
                                284, 287, 288, 319    9, 5, 5, 12         
                                321                   3                   
зохиогч                         13, 86, 87, 287       8, 20, 20, 8        
                                288                   8                   
банк                            13, 15, 19, 45        16, 17, 5, 6        
                                97, 160, 225, 232     7, 7, 4, 16         
                                256, 326              7, 7                
үйлчилгээ                       13, 18, 32, 33        21, 5, 3, 3         
                                49, 56, 58, 64        15, 2, 2, 7         
                                65, 86, 87, 104       7, 6, 6, 3          
                                105, 118, 121, 144    3, 2, 6, 2          
                                158, 159, 211, 212    2, 2, 7, 7          
                                219, 223, 232, 354    2, 6, 2, 2          
                                355, 365, 366         2, 2, 2             
даатгалын мэргэжлийн оролцогч   15, 22, 100, 232      33, 6, 7, 56        
                                256                   35                  
зах зээл                        15, 49, 53, 57        26, 9, 14, 13       
                                141, 142              3, 4                
иргэн                           15, 160, 326          15, 28, 27          
зээл                            15, 23, 23, 101       39, 3, 9, 2         
                                101, 107, 232, 256    7, 2, 28, 48        
мөрдөгч                         16, 36, 40, 92        17, 22, 26, 22      
                                94, 110, 134          22, 22, 4           
үйлчлэгч                        17                    4                   
санхүүгийн байгууллага          19                    3                   
үнэт цаасны зах зээл            20, 98, 232, 256      10, 9, 37, 17       
мэргэжил                        20, 100, 127, 160     5, 2, 3, 16         
                                160, 175, 326         18, 4, 16           
этгээд                          20, 60, 61, 64        9, 4, 4, 4          
                                65, 73, 74, 78        4, 4, 4, 4          
                                79, 83, 84, 154       4, 18, 18, 4        
                                158, 171, 178, 181    9, 19, 14, 7        
                                211, 212, 238, 242    4, 4, 3, 6          
                                243, 246, 247, 252    6, 18, 18, 4        
                                253, 260, 261, 268    4, 4, 4, 7          
                                269, 274, 275, 280    7, 5, 5, 16         
                                281, 287, 288, 291    16, 4, 4, 6         
                                292, 295, 296, 299    6, 15, 15, 11       
                                300, 304, 304, 305    11, 6, 10, 6        
                                305, 308, 308, 309    10, 4, 18, 4        
                                309, 312, 313, 365    18, 4, 4, 6         
                                366, 372              6, 11               
зуучлагч                        22                    3                   
үнэт цаас гаргагч               24, 102               3, 3                
батлан даалт                    25                    2                   
сан                             25, 71, 93            4, 7, 6             
даатгалын үйл ажиллагаа         26, 103               7, 2                
үнэт чулуу                      27                    3                   
эд хөрөнгө                      29                    3                   
байгууллага                     29, 47, 141, 142      6, 8, 32, 16        
                                143, 175, 178, 185    9, 3, 22, 13        
                                204, 205, 205, 264    7, 8, 12, 10        
                                278, 356, 357         14, 16, 16          
виртуал хөрөнгийн үйлчилгээ үзүүлэгч  32, 33, 104, 105      5, 5, 8, 8          
хөрөнгө                         32, 33, 71, 83        2, 2, 11, 25        
                                84, 93, 102, 104      25, 10, 9, 2        
                                105, 116, 210         2, 3, 4             
бүтээгдэхүүн                    35, 86, 87, 91        3, 5, 5, 3          
                                93, 109               3, 3                
санхүүгийн зохицуулах хороо     47                    1                   
зохицуулах хороо                48, 49                4, 2                
хяналт тавих                    49, 56, 57, 58        21, 12, 10, 19      
                                70, 73, 74, 78        9, 16, 16, 18       
                                79, 86, 87, 111       18, 43, 43, 10      
                                137, 141, 187, 246    15, 11, 8, 23       
                                247, 319              23, 14              
хөрөнгө оруулагч                49                    23                  
төрийн байгууллага              49                    32                  
хангагч                         49, 53, 141, 195      13, 18, 7, 15       
                                195, 197, 335, 335    18, 26, 5, 15       
үйлчлүүлэгч                     49, 68, 195, 346      25, 7, 16, 13       
                                348                   3                   
хэвлэмэл хуудас                 51                    18                  
журам                           51, 57, 83, 84        12, 5, 35, 35       
                                86, 87, 111, 113      30, 30, 14, 8       
                                115, 116, 117, 118    7, 6, 8, 6          
                                119, 120, 121, 193    8, 6, 11, 20        
                                201, 237, 246, 247    16, 7, 12, 12       
                                252, 253, 268, 269    15, 15, 16, 16      
                                320, 337, 361, 362    4, 12, 18, 18       
хэрэглэгч                       51                    20                  
удирдлага                       53, 143, 205, 287     27, 17, 13, 7       
                                288                   7                   
зохион байгуулагч               56, 89, 284           8, 6, 13            
ажил                            56, 89, 147, 161      7, 5, 3, 17         
                                165, 166, 169, 171    7, 10, 2, 10        
                                187, 192, 194, 195    3, 14, 4, 22        
                                197, 200, 201, 205    11, 10, 4, 9        
                                238, 260, 260, 261    16, 6, 13, 6        
                                261, 295, 296, 299    13, 5, 5, 17        
                                300, 326, 327, 328    17, 18, 29, 10      
                                333, 334, 335         14, 5, 23           
шалгуур үзүүлэлт                57                    20                  
дүрэм                           57, 230, 246, 247     4, 9, 11, 11        
                                252, 253              14, 14              
заавар                          57, 111, 119          6, 15, 9            
зөвшөөрөл                       58, 58, 58, 219       4, 6, 13, 4         
                                223, 225, 228, 230    8, 12, 7, 2         
                                232, 232, 236, 238    4, 12, 4, 5         
                                274, 275, 346         14, 14, 7           
шалгагч                         60, 61, 138, 242      7, 7, 11, 10        
                                243, 250, 251, 256    10, 11, 3, 3        
                                259, 280, 281         2, 3, 3             
зохицуулалт                     64, 65, 86, 86        6, 6, 15, 29        
                                87, 87, 211, 212      15, 29, 6, 6        
зөвшөөрөл эзэмшигч              68, 71, 246, 247      5, 2, 15, 15        
                                268, 269, 280, 281    4, 4, 13, 13        
                                291, 292, 295, 296    3, 3, 12, 12        
                                299, 300, 304, 305    8, 8, 7, 7          
                                346, 365, 366         11, 3, 3            
ажилтан                         70, 83, 84, 200       2, 30, 30, 12       
                                201                   6                   
хуулийн этгээд                  71, 129, 158, 159     4, 7, 5, 5          
мөнгө угаах                     73, 74, 354, 355      5, 5, 5, 5          
                                361, 362, 365, 366    2, 2, 7, 7          
терроризм                       73, 74, 83, 84        8, 8, 4, 4          
                                364, 365, 366         6, 10, 10           
терроризмтой тэмцэх             78, 79                11, 11              
нөлөө бүхий хувьцаа эзэмшигч    83, 84                19, 19              
гүйцэтгэх удирдлага             83, 84                28, 28              
нэгж                            86, 87                22, 22              
зөвлөл                          86, 87, 317, 318      23, 23, 2, 4        
                                319, 319, 320, 321    22, 25, 2, 2        
                                322, 323, 324, 325    4, 2, 2, 2          
                                326, 327, 328, 333    2, 2, 2, 2          
                                334, 335, 336, 337    4, 2, 4, 2          
                                338, 339, 339, 340    4, 2, 10, 2         
                                341, 342              2, 2                
газар                           86, 87, 117, 140      36, 36, 3, 6        
                                144, 145, 150, 185    6, 7, 27, 10        
                                185                   25                  
гишүүн                          86, 87, 126, 128      37, 37, 2, 11       
                                129, 131, 133, 148    19, 4, 3, 5         
                                150, 150, 152, 152    7, 28, 20, 25       
                                157, 160, 162, 165    4, 3, 5, 5          
                                166, 171, 172, 173    8, 8, 5, 3          
                                178, 179, 189, 190    29, 5, 10, 32       
                                192, 195, 200, 201    12, 3, 8, 2         
                                308, 309, 322, 324    10, 10, 5, 4        
                                325, 326, 327, 327    11, 4, 4, 19        
                                327, 328, 333, 335    27, 4, 4, 6         
                                336, 337              6, 4                
тусгай зөвшөөрөл                91, 91                5, 10               
оролцогч                        98, 100               5, 3                
үнэт цаас                       102, 160, 326         11, 9, 9            
мал                             103                   6                   
уул уурхайн бүтээгдэхүүн        109                   8                   
төлөөлөгчийн газар              115                   3                   
хяналт шалгалт                  117, 250, 256         5, 5, 55            
хүсэлт                          125, 203, 204, 205    6, 2, 8, 15         
                                230                   4                   
зарлаг                          125                   12                  
гарын үсэг зурах                128, 131              12, 13              
тэмдэглэл                       128                   4                   
баталгаажуулах                  128                   5                   
төрөл, садангийн хүн            129                   13                  
гэр бүл                         129                   11                  
шийдвэр                         129, 130, 131, 132    30, 4, 7, 6         
                                134, 134, 178, 246    5, 8, 23, 14        
                                247, 319, 335, 338    14, 6, 18, 5        
                                339, 339, 340, 341    3, 7, 5, 3          
                                342, 348              7, 6                
санал                           131, 133, 133, 134    6, 4, 10, 20        
                                153, 171, 178, 225    3, 14, 15, 17       
                                274, 275              22, 22              
тогтоол                         132, 341              7, 4                
тохиолдол                       133, 178, 178, 192    6, 10, 19, 9        
                                200, 201, 274, 275    6, 8, 13, 13        
төсөл                           134                   9                   
тайлбар                         134, 264              18, 4               
тал                             136, 142, 267, 274    10, 8, 5, 20        
                                275, 352, 353, 354    20, 6, 6, 17        
                                355, 361, 362         17, 12, 12          
талууд                          136, 142, 267, 274    10, 8, 5, 20        
                                275, 352, 353, 354    20, 6, 6, 17        
                                355, 361, 362         17, 12, 12          
үр                              141                   20                  
хариуцагч                       141, 142, 143, 204    28, 12, 5, 3        
захиргаа                        141, 142, 143, 198    30, 14, 7, 9        
                                204, 273              5, 4                
мэдээлэл                        142, 195, 199, 201    23, 17, 4, 13       
                                303, 304, 305, 312    4, 16, 16, 13       
                                313, 335, 356, 357    13, 14, 8, 8        
зөвлөх                          144                   11                  
хүн                             150, 150, 161, 180    16, 34, 22, 22      
                                325                   25                  
нэр дэвшигч                     153                   5                   
төрийн албан хаагч              155, 327              3, 7                
шүүх                            157, 327, 331         8, 23, 5            
шүүгч                           157, 327, 331         8, 23, 5            
прокурор                        157, 205, 327         9, 2, 24            
хувьцаа                         159                   8                   
эрх бүхий этгээд                161, 180              14, 18              
гүйцэтгэгч                      168, 187, 189, 190    11, 6, 11, 33       
                                198, 205, 327, 329    5, 7, 32, 12        
                                335                   25                  
өргөдөл                         169, 329              6, 19               
шийтгэх тогтоол                 176, 331              7, 8                
шуудан                          185                   14                  
бараа                           190                   4                   
сонгогч                         190                   22                  
салбар                          190                   25                  
тушаал                          198                   7                   
дотоод мэдээлэл                 200                   14                  
шүүхийн шийдвэр                 205                   5                   
төсөв                           210                   2                   
орлого                          215                   8                   
санхүүгийн тайлангийн аудит     217                   17                  
санхүүгийн тайлан               217                   11                  
бусад оролцогч                  225                   10                  
компани                         225, 230, 230, 308    6, 6, 8, 6          
                                309                   6                   
мэдээ                           264                   3                   
тодорхойлолт                    264                   5                   
төлбөр                          264                   14                  
зөрчил шалган шийдвэрлэх        268, 269              10, 10              
шинжээч                         278                   7                   
удирдамж@@                      280, 280, 281, 281    7, 12, 7, 12        
холбогдох этгээд                284                   5                   
тайлан                          285                   4                   
дүгнэлт                         287, 288              18, 18              
баримт бичиг                    304, 305              20, 20              
гомдол                          319, 342, 348         8, 8, 10            
ажилгүй                         330                   2                   
туслагч                         335                   11                  
арга хэмжээ                     356, 357, 359, 360    18, 18, 10, 10      
