File: MNCLW00428.txt
Search Method: Trie (MWE + Single-Word)
Total runtime: 0.002824s
Found terms: 147

Term                            Line                  Word Place          

төрийн ордон                    5                     1                   
нийгмийн даатгал                6, 7, 10, 33          1, 24, 16, 19       
                                38                    21                  
сан                             6, 32, 33, 39         7, 84, 33, 30       
үйл ажиллагаа                   7, 32, 32, 39         9, 18, 29, 19       
хуулийн этгээд                  7, 9, 32              31, 14, 56          
ажил олгогч                     7, 14, 15, 18         44, 7, 7, 7         
                                19, 24, 25, 28        7, 7, 7, 7          
                                29, 39                7, 6                
үйлдвэрлэлийн осол              7, 11, 18, 19         72, 60, 14, 14      
                                20, 21, 28, 29        13, 13, 14, 14      
                                30, 31                13, 13              
халдвар                         7, 32                 4, 4                
орлого                          7, 7, 11              13, 42, 56          
ажил                            7, 10, 32             18, 9, 45           
тайлан                          7                     28                  
даатгуулагч                     7, 7, 7, 7            35, 37, 47, 81      
                                8, 9, 10, 11          5, 18, 21, 69       
                                12, 14, 15, 16        10, 9, 9, 9         
                                17, 18, 18, 19        9, 9, 23, 9         
                                19, 20, 20, 21        23, 9, 22, 9        
                                21, 22, 24, 25        22, 11, 9, 9        
                                26, 27, 28, 28        9, 9, 9, 23         
                                29, 29, 30, 30        9, 23, 9, 22        
                                31, 31, 32, 36        9, 22, 62, 34       
                                39                    9                   
иргэн                           7, 11, 32, 38         50, 33, 65, 18      
тэтгэвэр                        7, 11, 14, 15         68, 58, 11, 11      
                                16, 17, 24, 25        11, 11, 11, 11      
                                26, 27                11, 11              
тэтгэмж                         7, 11, 18, 19         69, 59, 11, 11      
                                20, 21, 28, 29        11, 11, 11, 11      
                                30, 31                11, 11              
мэргэжил                        7, 11, 18, 19         74, 62, 16, 16      
                                20, 21, 28, 29        15, 15, 16, 16      
                                30, 31                15, 15              
байгууллага                     8, 32, 36, 38         2, 16, 30, 17       
                                39                    26                  
олон улсын байгууллага          10                    3                   
зээл                            10                    6                   
бараа                           10                    8                   
үйлчилгээ                       10                    10                  
төлбөр                          10                    12                  
нийгмийн даатгалын байгууллага  11, 36                17, 19              
гэрээ                           11                    29                  
мөрдөгч                         23, 35                22, 37              
аж ахуйн нэгж                   32, 36, 38, 39        59, 27, 14, 23      
борлуулалтын орлого             32                    31                  
шийдвэр                         32                    17                  
хөрөнгө                         33, 39                35, 37              
үйлчлэгч                        36                    37                  
хангагч                         38                    13                  
хүсэлт                          38                    20                  
нийгмийн даатгалын сан          39                    33                  
хяналт тавих                    39                    16                  
журам                           39                    42                  
газар                           39                    44                  
