File: MNCLW00249.txt
Search Method: Trie (MWE + Single-Word)
Total runtime: 0.022374s
Found terms: 969

Term                            Line                  Word Place          

иргэн                           8, 14, 40, 41         1, 9, 10, 10        
                                70, 71, 79, 81        33, 33, 17, 17      
                                99, 100, 101, 110     7, 15, 15, 1        
                                111, 113, 119, 120    1, 4, 3, 8          
                                121, 121, 121, 122    2, 11, 28, 2        
                                122, 122, 138, 158    11, 28, 5, 25       
                                163, 165, 180, 187    11, 10, 16, 17      
                                191, 202, 206, 225    7, 5, 13, 17        
                                228, 228, 233, 233    5, 10, 23, 30       
                                249, 250, 252, 252    12, 12, 7, 22       
                                256, 258, 265, 265    10, 11, 3, 9        
                                267, 267, 289, 296    3, 11, 21, 7        
                                298, 301, 304, 312    8, 18, 22, 8        
                                317, 322, 333, 333    11, 8, 3, 26        
                                343, 343, 345, 346    6, 15, 7, 17        
                                355, 358, 358, 358    9, 3, 6, 25         
                                383, 394, 395, 401    13, 1, 1, 11        
                                403, 403, 407, 411    9, 22, 12, 25       
                                420, 445, 447, 468    30, 11, 43, 4       
нийтлэх                         11, 12, 379           1, 1, 8             
нисэхийн аюулгүй ажиллагаа      14, 121, 122, 140     14, 20, 20, 6       
                                165, 177, 187, 191    11, 8, 9, 14        
                                394, 395              2, 2                
нислэг                          14, 21, 22, 30        12, 6, 6, 9         
                                31, 36, 37, 40        9, 8, 8, 16         
                                41, 55, 56, 74        16, 5, 5, 3         
                                74, 75, 75, 77        13, 3, 13, 6        
                                78, 88, 89, 91        6, 8, 8, 4          
                                92, 98, 100, 102      4, 8, 12, 13        
                                104, 104, 106, 153    7, 14, 8, 11        
                                155, 156, 167, 193    13, 13, 8, 10       
                                212, 213, 213, 219    6, 15, 17, 7        
                                223, 230, 240, 252    5, 3, 5, 23         
                                268, 269, 275, 279    9, 6, 3, 5          
                                279, 280, 280, 281    7, 19, 22, 8        
                                282, 304, 308, 309    8, 9, 3, 3          
                                311, 312, 312, 315    3, 14, 16, 19       
                                317, 317, 319, 321    7, 13, 6, 5         
                                321, 322, 322, 325    11, 5, 10, 5        
                                328, 329, 329, 330    6, 6, 8, 11         
                                331, 333, 340, 340    18, 19, 9, 13       
                                349, 354, 357, 358    8, 5, 5, 21         
                                360, 361, 364, 367    3, 3, 22, 3         
                                411, 415, 425, 426    8, 4, 1, 1          
                                437, 437, 441, 443    5, 18, 7, 4         
                                445, 447, 447, 457    29, 10, 37, 7       
аюул                            14, 21, 22, 30        18, 7, 7, 10        
                                31, 36, 37, 40        10, 9, 9, 17        
                                41, 55, 56, 61        17, 2, 2, 14        
                                62, 66, 67, 77        14, 2, 2, 20        
                                78, 91, 92, 165       20, 8, 8, 15        
                                167, 171, 193, 197    9, 5, 11, 2         
                                212, 215, 216, 216    7, 17, 3, 15        
                                216, 275, 278, 280    20, 4, 8, 2         
                                280, 281, 283, 296    5, 9, 3, 2          
                                301, 304, 304, 319    14, 10, 18, 8       
                                321, 326, 332, 333    12, 16, 5, 20       
                                340, 343, 345, 346    10, 4, 8, 3         
                                346, 346, 348, 349    6, 28, 4, 11        
                                349, 398, 407, 420    14, 4, 29, 2        
мөрдөгч                         18, 349, 379, 415     17, 41, 12, 18      
хэрэглэгч                       20, 167, 237, 238     3, 17, 7, 12        
                                432, 473              12, 3               
зам                             21, 22, 321           2, 2, 7             
үйл ажиллагаа                   23, 24, 53, 54        12, 12, 31, 31      
                                55, 55, 56, 56        6, 12, 6, 12        
                                64, 65, 70, 71        13, 13, 16, 16      
                                77, 78, 84, 85        24, 24, 11, 11      
                                88, 89, 98, 99        9, 9, 12, 10        
                                100, 101, 102, 104    19, 18, 20, 17      
                                148, 163, 165, 177    3, 13, 8, 12        
                                180, 191, 199, 200    21, 3, 3, 3         
                                206, 207, 221, 225    3, 6, 3, 19         
                                227, 228, 230, 258    5, 8, 4, 9          
                                268, 289, 289, 291    11, 4, 19, 7        
                                333, 343, 368, 401    23, 13, 10, 13      
                                411, 415, 434, 445    9, 5, 8, 35         
                                447, 447, 457         20, 35, 15          
хөдөлгөөн                       23, 24, 27, 28        7, 7, 16, 16        
                                53, 54, 104, 213      16, 16, 8, 18       
                                317, 340              8, 14               
агаарын зам                     25, 26, 138, 319      6, 6, 9, 10         
                                333, 363, 364, 365    11, 5, 20, 11       
газар                           25, 26, 34, 35        9, 9, 12, 12        
                                36, 37, 53, 53        19, 19, 13, 25      
                                54, 54, 118, 119      13, 25, 4, 2        
                                121, 122, 163, 187    7, 7, 22, 20        
                                199, 211, 302, 326    6, 8, 4, 33         
                                441, 466, 466         10, 5, 10           
удирдлага                       30, 31                7, 7                
гүйцэтгэгч                      30, 31, 55, 56        8, 8, 23, 23        
                                249, 250, 258, 317    20, 20, 19, 17      
                                329, 343, 383, 388    26, 40, 23, 8       
                                437, 447              24, 51              
хариуцагч                       30, 31, 167, 193      13, 13, 12, 14      
                                357, 460              17, 7               
нисэх                           30, 31, 367           15, 15, 5           
аюултай бүс                     36, 37, 293           3, 3, 5             
хангагч                         36, 37, 91, 92        11, 11, 10, 10      
                                177, 212, 216, 216    11, 9, 8, 17        
                                217, 275, 278, 296    5, 6, 10, 4         
                                304, 311, 321, 326    12, 7, 14, 18       
                                332, 336, 337, 340    7, 7, 7, 12         
                                398, 411, 420         6, 23, 4            
агаарын тээвэрлэгч              40, 41, 360, 361      4, 4, 5, 5          
                                420                   24                  
эрүүл мэнд                      40, 41, 55, 56        11, 11, 15, 15      
                                390                   9                   
эд хөрөнгө                      40, 41, 55, 56        13, 13, 19, 19      
                                275                   11                  
ачаа                            40, 41, 214, 378      2, 2, 5, 4          
                                390                   18                  
шинжээч                         40, 41, 155, 155      8, 8, 5, 8          
                                156, 156, 439, 441    5, 8, 8, 12         
                                443, 452, 464, 480    2, 4, 4, 10         
агаарын хөлөг                   44, 44, 45, 45        2, 17, 2, 17        
                                47, 47, 48, 48        2, 11, 2, 11        
                                61, 62, 64, 65        6, 6, 3, 3          
                                70, 71, 213, 216      21, 21, 4, 9        
                                252, 280, 314, 315    4, 8, 3, 10         
                                343, 345              24, 34              
байгууллага                     44, 45, 84, 85        16, 16, 18, 18      
                                133, 134, 158, 171    10, 8, 8, 11        
                                180, 180, 211, 212    11, 19, 11, 12      
                                217, 256, 325, 326    6, 5, 19, 21        
                                343, 345, 358, 360    30, 18, 5, 23       
                                361, 364, 368, 381    23, 18, 8, 14       
                                388, 401, 411, 420    21, 9, 15, 29       
                                420, 445, 445, 466    37, 16, 34, 19      
монгол улсын нутаг дэвсгэр      49, 50, 373, 445      6, 6, 16, 4         
хүн                             53, 54, 55, 56        4, 4, 14, 14        
                                473, 481              5, 4                
зогсоол                         53, 54                10, 10              
нислэгт тэнцэх чадвар           61, 62, 246, 314      2, 2, 6, 11         
                                407, 415              15, 10              
зохион бүтээгч                  64, 65                9, 9                
бүтээгдэхүүн                    64, 65, 70, 71        8, 8, 25, 25        
үйлдвэрлэгч                     64, 65                11, 11              
арга хэмжээ                     66, 67, 140, 184      13, 13, 10, 14      
                                281, 466              20, 12              
барилга байгууламж              68, 69, 203, 204      8, 8, 9, 7          
                                304, 468              15, 9               
аэродром                        68, 69, 70, 71        4, 4, 20, 20        
                                286, 287, 289, 291    1, 1, 17, 9         
                                301                   24                  
үйлчилгээ                       68, 69, 70, 71        7, 7, 32, 32        
                                177, 211, 211, 222    3, 6, 10, 8         
                                231, 232, 317, 317    4, 4, 10, 15        
                                322, 326, 340, 415    12, 3, 3, 28        
хуулийн этгээд                  70, 71, 481           18, 18, 5           
захиргааны байгууллага          70, 71, 121, 121      38, 38, 16, 33      
                                122, 122, 146, 158    16, 33, 6, 30       
                                160, 163, 165, 167    8, 6, 6, 6          
                                169, 180, 187, 189    6, 6, 6, 6          
                                191, 193, 228, 233    12, 8, 15, 28       
                                249, 250, 252, 258    17, 17, 12, 16      
                                265, 296, 333, 343    14, 12, 31, 20      
                                345, 346, 355, 358    2, 22, 14, 30       
                                365, 383, 399, 403    6, 18, 6, 6         
                                407, 411, 447         6, 30, 48           
дүрэм                           70, 71, 205, 411      11, 11, 6, 20       
                                415                   20                  
журам                           70, 71, 148, 222      12, 12, 9, 11       
                                281, 325, 349, 403    6, 14, 29, 21       
                                411, 415, 415, 420    21, 16, 21, 39      
гэрчилгээ                       70, 71, 88, 89        41, 41, 3, 3        
                                210, 220, 256, 289    4, 6, 25, 12        
                                314, 403, 403, 406    14, 16, 19, 5       
                                407, 407, 407, 410    18, 20, 26, 4       
зөвшөөрөл                       70, 71, 233, 291      43, 43, 22, 5       
                                312, 314, 322, 333    18, 21, 7, 33       
                                354, 355              7, 16               
урьдчилан сэргийлэх             77, 78, 184, 215      8, 8, 12, 19        
                                216, 401              21, 19              
мэдээлэл цуглуулах              77, 78, 176           11, 11, 5           
шалгагч                         77, 78, 367, 454      2, 2, 8, 7          
                                469                   2                   
дүгнэлт                         77, 78, 184, 460      13, 13, 6, 4        
зөвлөмж                         77, 78                22, 22              
агаарын тээвэрлэгчийн гэрчилгээ  84, 85, 411           4, 4, 32            
аж ахуйн нэгж                   84, 85, 228, 256      15, 15, 2, 2        
                                345, 388, 411         4, 18, 12           
тээвэрлэгч                      84, 85, 214, 378      2, 2, 6, 7          
                                379, 381, 381, 382    2, 3, 6, 7          
                                383, 390, 401, 415    5, 2, 7, 2          
                                422                   7                   
тусгай зөвшөөрөл                88, 89, 148, 227      15, 15, 6, 9        
                                233                   12                  
мэргэжил                        91, 92, 163, 180      15, 15, 15, 23      
                                402, 403, 443         4, 12, 17           
гишүүн                          91, 92, 264, 275      20, 20, 10, 25      
                                387, 388, 420, 420    7, 5, 8, 19         
зорчигч                         94, 95, 214, 216      3, 3, 3, 12         
                                275, 346, 349         27, 9, 18           
гэрээ                           94, 95, 140           10, 10, 3           
этгээд                          94, 95, 202, 281      12, 12, 4, 14       
үйлчлэгч                        97, 203, 204, 268     4, 5, 3, 8          
                                365, 367, 401         17, 4, 8            
талууд                          113, 114, 119, 176    6, 5, 5, 12         
                                279, 282, 345, 447    15, 7, 12, 32       
тал                             113, 114, 119, 176    6, 5, 5, 12         
                                279, 282, 345, 447    15, 7, 12, 32       
салбар                          114, 120, 135, 153    3, 3, 7, 3          
                                176, 212, 445         3, 2, 19            
хяналт тавих                    115, 171, 180         9, 17, 24           
зохион байгуулагч               120                   15                  
ажил                            120, 212, 221, 249    14, 4, 7, 11        
                                250, 383              11, 6               
санал                           121, 122              9, 9                
нисэхийн аюулгүй байдал         128, 399, 399         2, 9, 14            
хөтөлбөр                        128, 399              6, 18               
захиргаа                        133, 134, 158, 420    8, 6, 6, 35         
                                445                   13                  
хөгжлийн бодлого                135                   8                   
олон улсын нислэг               138, 153, 352, 353    14, 4, 1, 1         
                                355, 358, 360, 361    19, 12, 8, 8        
                                365, 401              14, 4               
хэлэлцээр                       140, 206, 373, 447    4, 10, 11, 25       
зохиогч                         146, 180              8, 12               
шугам                           153                   12                  
тээвэрлэлт                      153, 376, 377         15, 1, 1            
тариф                           153                   18                  
баталгаажуулах                  153                   19                  
шинжлэн шалгах                  155, 156, 184, 425    16, 16, 4, 4        
                                426, 434, 437, 437    4, 6, 13, 21        
                                439, 443, 445, 447    4, 9, 32, 18        
                                447, 447, 449, 457    33, 40, 5, 10       
осол                            155, 155, 156, 156    2, 14, 2, 14        
                                184, 184, 225, 348    2, 9, 14, 13        
                                425, 426, 429, 432    2, 2, 4, 2          
                                434, 437, 437, 437    4, 2, 6, 19         
                                439, 443, 445, 445    2, 5, 2, 30         
                                447, 447, 447, 452    11, 16, 38, 2       
                                454, 457, 464, 466    2, 8, 2, 2          
                                466                   8                   
зохицуулалт                     163, 191, 216, 224    17, 18, 7, 8        
                                316, 394, 395         5, 5, 5             
стандарт                        171, 233, 319         7, 17, 18           
төлбөрийн үйлчилгээ             175, 222              3, 3                
төлбөрт үйлчилгээ               175, 222              3, 3                
бусад этгээд                    176                   13                  
орлого                          177, 222              4, 9                
шуудан                          180, 281, 378, 381    8, 11, 6, 2         
                                381, 390              8, 20               
ажилтан                         187, 187, 221, 268    21, 35, 6, 15       
                                402, 403              3, 11               
тохиолдол                       201, 202, 252, 257    2, 2, 16, 9         
                                280, 282, 283, 329    7, 6, 5, 13         
                                340, 346, 349, 390    8, 8, 16, 25        
                                411, 445              24, 10              
хураагч                         202, 220              10, 20              
тоног төхөөрөмж                 203, 204, 215         11, 9, 22           
систем                          203, 204              8, 6                
монгол улсын олон улсын гэрээ   206, 383              5, 8                
тээш                            214, 378, 390, 417    4, 5, 19, 9         
                                420                   23                  
үр                              216, 348              5, 15               
холбоо                          218, 321, 340         4, 8, 5             
хориотой бүс                    219                   5                   
оролцогч                        221                   5                   
төлбөр                          222                   6                   
дайны байдал                    224, 225              5, 7                
аюулт үзэгдэл                   225                   12                  
зарлаг                          225                   9                   
гамшиг                          225                   11                  
нисэх буудал                    231, 363, 365         2, 7, 18            
иргэний агаарын хөлөг           244, 245, 360, 361    1, 1, 14, 14        
улсын бүртгэл                   257                   10                  
ашиглалт                        257, 298, 340, 407    4, 5, 6, 24         
улсын бүртгэлд бүртгэсэн        258, 289              4, 9                
нисэх баг                       264, 265, 267, 269    6, 6, 6, 4          
                                313, 326              8, 25               
агаарын хөлгийн дарга           277                   2                   
шийдвэр                         279, 280, 460         17, 26, 3           
даруй                           282, 326, 345         11, 29, 20          
аэродром орчмын аюулгүйн бүс    296                   20                  
сум                             296                   15                  
төсөв                           302                   12                  
улсын бүртгэлийн гэрчилгээ      314                   8                   
зөрчил гаргасан агаарын хөлөг   325                   27                  
нислэгийн мах-ын тоо            331                   14                  
мэдээлэл                        340, 358, 360, 361    19, 24, 13, 13      
                                365, 407              27, 35              
бие бүрэлдэхүүн                 343                   34                  
туслагч                         343, 348, 349         10, 11, 24          
мэдээ                           345, 469              15, 5               
эмнэлэг                         345                   27                  
улсын агаарын хөлөг             349, 355, 357, 364    2, 5, 8, 2          
ажилгүй                         349, 469              25, 3               
гуравдагч этгээд                357, 390              12, 12              
даатгагч                        357, 390              20, 31              
эрүүл ахуй                      367                   12                  
боомт                           367                   10                  
монгол улсын хил                369, 370              5, 5                
олон улсын гэрээ                373, 447              8, 22               
баримт бичиг                    373                   5                   
аюултай ачаа                    382, 383              5, 3                
агаарын хөлгийн зорчигч         386                   2                   
заавар                          415                   15                  
эрүүл мэндийг хамгаалах         420                   12                  
объект                          468                   8                   
холбогдох этгээд                469                   11                  
тодорхойлолт                    469                   7                   
