File: MNCLW00241.txt
Search Method: Aho-Corasick
Total runtime: 0.014336s
Found terms: 1376

Term                            Line                  Word Place          

төрийн ордон                    5                     1                   
нийтлэх                         10, 45, 84, 84        1, 10, 6, 12        
                                84, 104, 109, 125     20, 3, 9, 13        
                                129, 200, 237, 255    8, 14, 4, 11        
                                256, 325, 460, 465    6, 29, 3, 3         
хамаарах эрх                    12, 17, 17, 29        17, 16, 23, 9       
                                46, 48, 48, 187       5, 9, 16, 26        
                                196, 254, 254, 260    1, 11, 15, 5        
                                260, 260, 265, 265    10, 13, 28, 33      
                                266, 372, 373, 375    5, 4, 4, 9          
                                382, 383, 384, 388    5, 3, 23, 10        
                                390, 392, 395, 403    9, 4, 7, 3          
                                409, 410, 411, 412    8, 4, 11, 14        
                                438, 444, 450, 450    7, 24, 29, 37       
                                452, 454, 454, 458    10, 9, 28, 5        
                                458, 458, 459, 463    15, 39, 28, 6       
                                463, 464, 468, 469    35, 28, 6, 4        
                                470, 470, 471, 480    4, 11, 4, 8         
бүтээл                          12, 17, 18, 21        28, 22, 3, 13       
                                22, 24, 24, 25        15, 2, 27, 3        
                                26, 30, 32, 34        7, 10, 5, 5         
                                36, 36, 37, 39        5, 31, 4, 3         
                                40, 41, 42, 43        3, 4, 3, 21         
                                44, 45, 46, 48        5, 5, 4, 8          
                                49, 49, 52, 53        5, 12, 4, 5         
                                54, 55, 56, 57        25, 3, 6, 2         
                                58, 59, 60, 61        10, 8, 9, 11        
                                62, 63, 64, 68        9, 11, 10, 2        
                                71, 71, 83, 87        7, 11, 7, 16        
                                88, 89, 89, 91        8, 6, 10, 10        
                                92, 92, 93, 93        2, 13, 12, 15       
                                94, 98, 98, 99        8, 6, 11, 7         
                                99, 106, 108, 112     9, 2, 2, 3          
                                114, 114, 115, 122    4, 15, 2, 2         
                                125, 125, 127, 128    2, 10, 2, 3         
                                128, 129, 129, 130    9, 10, 15, 5        
                                130, 131, 132, 132    12, 2, 4, 7         
                                132, 132, 132, 132    16, 21, 39, 47      
                                132, 134, 135, 135    52, 2, 2, 5         
                                136, 138, 138, 139    3, 2, 13, 12        
                                142, 144, 145, 146    5, 2, 4, 2          
                                146, 148, 148, 150    6, 2, 7, 7          
                                151, 151, 152, 153    5, 14, 12, 5        
                                153, 154, 155, 155    9, 7, 4, 7          
                                156, 158, 159, 159    5, 12, 20, 25       
                                160, 161, 161, 162    4, 2, 5, 2          
                                162, 163, 163, 165    9, 3, 16, 22        
                                167, 167, 168, 172    3, 15, 27, 9        
                                173, 173, 187, 190    12, 28, 22, 16      
                                192, 193, 193, 193    5, 8, 17, 23        
                                193, 193, 194, 204    29, 33, 13, 11      
                                268, 269, 270, 274    1, 5, 6, 7          
                                274, 275, 276, 287    22, 13, 5, 6        
                                288, 288, 288, 290    8, 18, 20, 6        
                                291, 292, 304, 305    5, 5, 8, 6          
                                305, 306, 308, 309    12, 6, 19, 6        
                                310, 311, 312, 313    8, 8, 7, 4          
                                315, 317, 322, 323    7, 6, 5, 6          
                                324, 325, 327, 327    6, 19, 17, 25       
                                327, 328, 329, 330    29, 6, 8, 6         
                                331, 331, 333, 334    7, 13, 10, 8        
                                334, 335, 335, 335    23, 13, 20, 26      
                                336, 337, 337, 338    8, 16, 21, 2        
                                339, 342, 343, 343    2, 17, 8, 25        
                                343, 343, 344, 344    52, 58, 17, 21      
                                345, 346, 347, 348    6, 9, 7, 7          
                                348, 349, 349, 349    12, 12, 24, 32      
                                350, 350, 350, 352    7, 17, 37, 6        
                                353, 354, 355, 359    21, 2, 6, 5         
                                359, 360, 361, 362    14, 9, 23, 4        
                                363, 364, 366, 380    2, 7, 8, 3          
                                382, 384, 385, 389    2, 15, 5, 4         
                                391, 395, 403, 410    3, 10, 20, 7        
                                410, 411, 412, 415    12, 5, 19, 10       
                                416, 417, 417, 439    8, 10, 18, 14       
                                444, 444, 444, 445    8, 18, 38, 6        
                                452, 455, 456, 458    28, 8, 6, 14        
                                462, 464, 470, 474    4, 7, 3, 4          
                                480                   6                   
оюуны өмч                       14, 50, 139, 274      12, 5, 16, 10       
                                274, 275, 376, 384    18, 17, 5, 32       
                                386, 386, 395, 396    6, 21, 20, 14       
                                397, 420, 421, 434    13, 6, 11, 7        
                                435, 436, 437, 439    9, 6, 6, 10         
                                441, 445, 453, 467    6, 16, 9, 28        
иргэн                           14, 83, 134, 199      10, 11, 6, 33       
                                200, 316, 478         3, 2, 18            
мөрдөгч                         15                    17                  
үйлчлэгч                        16, 136               4, 21               
тодорхойлолт                    19, 157, 158, 280     6, 9, 3, 3          
                                294                   3                   
хэрэглэгч                       20, 97, 100, 237      3, 8, 17, 27        
                                458                   23                  
үйл ажиллагаа                   21, 23, 24, 32        6, 13, 20, 14       
                                54, 70, 80, 80        14, 8, 3, 6         
                                91, 159, 190, 216     5, 14, 9, 9         
                                231, 245, 336, 337    8, 9, 21, 28        
                                361, 383, 387, 388    14, 11, 6, 23       
                                395, 396, 402, 409    16, 8, 4, 14        
                                417, 419, 420, 421    8, 6, 4, 7          
                                428, 432, 433, 433    21, 6, 11, 19       
                                442, 445, 454, 460    2, 12, 35, 11       
                                465                   11                  
хүн                             21, 22, 22, 29        16, 22, 31, 13      
                                29, 30, 31, 32        23, 28, 25, 27      
                                88, 93, 171, 203      15, 28, 12, 15      
                                311, 333, 334, 336    11, 13, 11, 11      
                                337, 343, 344, 345    19, 11, 20, 23      
                                353                   8                   
эрх шилжүүлэн авагч             22, 29, 225, 236      27, 19, 11, 10      
                                250                   11                  
эрх эзэмшигч                    22, 29, 85, 88        2, 2, 12, 11        
                                100, 203, 204, 291    4, 11, 2, 2         
                                292                   2                   
хуулийн этгээд                  22, 22, 29, 29        23, 32, 14, 24      
                                31, 32, 38, 50        26, 28, 27, 11      
                                75, 88, 93, 132       4, 16, 29, 12       
                                203, 371, 386         16, 4, 13           
зохиогч                         22, 48, 49, 52        5, 12, 8, 5         
                                71, 85, 87, 90        8, 11, 19, 4        
                                92, 99, 123, 130      23, 14, 7, 6        
                                130, 131, 135, 136    13, 12, 12, 8       
                                146, 147, 148, 149    3, 16, 4, 13        
                                151, 152, 153, 155    11, 13, 6, 6        
                                161, 162, 163, 165    4, 4, 20, 10        
                                165, 165, 168, 168    26, 33, 7, 26       
                                171, 171, 173, 173    3, 6, 8, 24         
                                179, 182, 193, 204    8, 11, 9, 12        
                                275, 275, 287, 288    5, 20, 12, 5        
                                318, 359, 374, 383    2, 15, 15, 19       
                                405, 463, 467, 470    2, 4, 14, 7         
салбар                          23                    8                   
үр                              23, 24, 27, 54        16, 22, 12, 16      
                                70, 79, 91, 383       10, 4, 7, 5         
орчуулагч                       24, 77, 174, 179      11, 10, 16, 31      
бүтээгдэхүүн                    25, 479, 479          13, 14, 24          
компьютерын программ            26, 173, 173, 174     4, 9, 25, 5         
                                179, 183              16, 15              
сан                             26, 69, 80, 184       2, 2, 2, 4          
                                185, 186, 187, 190    2, 4, 2, 2          
                                191, 351, 351, 351    2, 2, 3, 14         
                                357, 450              2, 24               
мэдээлэл                        26, 49, 49, 49        9, 3, 18, 24        
                                79, 182, 191, 303     14, 7, 3, 18        
                                306, 334, 336, 343    24, 17, 17, 41      
                                378, 379, 391, 397    15, 7, 8, 17        
                                399, 400, 402, 403    5, 5, 8, 11         
                                403, 406, 407, 410    28, 9, 18, 15       
                                417, 425, 430, 452    22, 7, 5, 17        
                                461, 462, 463, 464    5, 3, 3, 5          
зохион байгуулагч               27, 32, 93, 386       19, 17, 25, 15      
                                386                   18                  
тоглогч уран бүтээлч            28, 199, 199, 215     4, 21, 45, 2        
                                219, 224, 225, 227    8, 9, 7, 59         
                                228, 228, 237, 238    7, 14, 20, 14       
                                254, 466, 467, 467    5, 5, 7, 16         
                                473                   3                   
өргөн нэвтрүүлгийн байгууллага  28, 37, 47, 201       9, 17, 14, 9        
                                201, 219, 250, 450    23, 25, 7, 12       
фонограмм бүтээгч               28, 200, 236, 238     7, 4, 7, 5          
уншигч                          30, 30, 43, 311       15, 24, 35, 9       
                                333, 334, 335, 336    11, 9, 14, 9        
                                337, 343, 344         17, 9, 18           
гүйцэтгэгч                      30, 173, 226, 255     17, 6, 4, 6         
                                361                   8                   
дуу авиа бүхий дүрст бүтээл     32, 43, 43, 65        8, 15, 40, 4        
                                164, 165, 166, 168    6, 4, 4, 15         
                                169, 227              4, 6                
өргөн нэвтрүүлгийн үйлчилгээ    33                    9                   
нэвтрүүлэг                      33, 37, 210, 244      2, 2, 2, 4          
                                245, 252, 257         2, 2, 2             
байгууллага                     33, 50, 142, 142      3, 3, 16, 19        
                                210, 244, 245, 252    3, 5, 3, 3          
                                257, 274, 275, 336    3, 20, 19, 33       
                                336, 337, 342, 342    37, 7, 3, 25        
                                343, 343, 345, 345    18, 21, 13, 21      
                                361, 369, 370, 376    13, 5, 3, 3         
                                376, 377, 378, 379    7, 3, 3, 3          
                                384, 386, 386, 387    34, 8, 23, 5        
                                388, 391, 395, 396    3, 11, 3, 3         
                                396, 397, 397, 402    7, 3, 15, 3         
                                407, 408, 409, 413    3, 5, 3, 5          
                                413, 415, 416, 417    18, 3, 3, 3         
                                418, 419, 420, 420    3, 5, 3, 8          
                                421, 421, 422, 427    3, 13, 3, 3         
                                434, 435, 436, 437    9, 11, 8, 3         
                                437, 439, 441, 456    8, 12, 8, 26        
                                467, 482              30, 3               
этгээд                          33, 81, 82, 89        13, 6, 4, 12        
                                91, 156, 183, 185     17, 10, 22, 4       
                                186, 187, 188, 191    6, 4, 13, 15        
                                194, 196, 197, 198    8, 4, 6, 4          
                                225, 228, 236, 242    14, 6, 13, 6        
                                250, 260, 265, 389    14, 8, 31, 8        
                                451, 452, 453, 456    17, 5, 8, 8         
                                467, 477              51, 6               
өргөн нэвтрүүлэг                34, 38, 39, 47        15, 14, 7, 19       
                                199, 201, 201, 210    18, 12, 20, 4       
                                237, 245, 257         9, 5, 5             
объект                          34                    3                   
шуудан                          34, 39, 39, 43        6, 13, 15, 22       
                                44, 208, 218, 219     11, 7, 2, 22        
                                220, 220, 366, 366    3, 5, 14, 16        
фонограмм                       34, 39, 49, 209       11, 6, 7, 3         
                                237, 237, 241, 241    24, 32, 6, 15       
                                242                   12                  
кино                            35, 167, 168, 364     3, 4, 12, 13        
цуврал                          36, 93                15, 6               
сонсогч                         36, 43, 43            27, 50, 58          
тайлан                          37, 401, 404, 425     25, 2, 16, 6        
                                430                   4                   
нэгэн зэрэг дамжуулах           38, 219, 325          22, 29, 33          
суваг                           38                    2                   
үйлчилгээ                       38, 38, 343, 450      4, 25, 12, 2        
                                450, 454              10, 34              
хангагч                         40, 43, 179, 190      13, 52, 20, 6       
                                309, 315, 317, 323    4, 5, 11, 4         
                                328, 334, 336, 337    4, 21, 18, 34       
                                342, 360, 361, 370    10, 7, 5, 7         
                                439, 450              8, 43               
түрээслүүлэх                    40, 222, 227, 234     18, 7, 23, 3        
зам                             40, 349               28, 40              
гэр бүл                         43, 353               4, 11               
тоног төхөөрөмж                 43, 459               25, 10              
газар                           43, 46, 223, 227      14, 18, 7, 29       
                                240, 276, 336, 364    11, 12, 27, 3       
                                395, 396, 445         25, 19, 21          
төсөв                           44, 182               21, 29              
нийтэд тоглох                   45, 237               6, 17               
нийтэд дамжуулах                45, 218, 219, 235     8, 8, 18, 2         
                                327, 464              37, 15              
сонгогч                         46, 70, 223, 227      16, 3, 5, 27        
                                240, 344              9, 31               
бусад этгээд                    47, 123, 225, 236     21, 12, 16, 15      
                                250, 262, 263, 270    16, 12, 13, 7       
                                278, 288, 303         11, 6, 12           
хамгаалалтын арга хэмжээ        48, 457               2, 4                
урьдчилан сэргийлэх             48                    21                  
хяналт тавих                    48, 396, 420          23, 10, 9           
нийтэд түгээх                   48, 221, 224, 233     30, 6, 5, 2         
                                464                   12                  
зөвшөөрөл                       48, 94, 94, 110       19, 17, 20, 5       
                                112, 123, 142, 146    6, 11, 7, 10        
                                151, 167, 174, 179    19, 19, 12, 25      
                                183, 204, 215, 219    20, 18, 5, 11       
                                219, 224, 225, 236    28, 12, 15, 14      
                                250, 265, 274, 334    15, 43, 24, 27      
                                342, 347, 353, 361    15, 14, 25, 21      
                                363, 373, 429, 437    9, 10, 7, 9         
                                458, 463, 470, 474    18, 9, 14, 3        
хуулбарлах                      48, 174, 179, 182     28, 15, 29, 33      
                                220, 227, 232, 247    10, 21, 2, 2        
                                316, 334, 337, 338    15, 32, 25, 9       
                                342, 343, 348, 349    21, 31, 16, 33      
                                349, 350, 353, 361    41, 39, 27, 24      
                                364, 366              11, 23              
удирдлага                       49, 50, 201, 369      2, 2, 6, 4          
                                370, 374, 375, 376    2, 14, 2, 2         
                                377, 378, 379, 379    2, 2, 2, 4          
                                387, 388, 395, 396    4, 2, 2, 2          
                                397, 402, 407, 408    2, 2, 2, 4          
                                409, 415, 416, 417    2, 2, 2, 2          
                                418, 419, 420, 421    2, 4, 2, 2          
                                437, 461, 462, 463    2, 4, 2, 2          
                                464, 482              2, 2                
журам                           49, 134, 193, 276     17, 9, 41, 10       
                                286, 302, 381, 386    3, 3, 7, 20         
                                395, 396, 414, 415    19, 13, 6, 15       
                                417, 436, 445, 455    16, 19, 15, 20      
                                467, 470              35, 20              
агуулах                         49, 462, 464          19, 13, 6           
тэмдэглэл                       49, 401               22, 6               
зохиогчийн эрх эзэмшигч         52, 185, 270, 274     6, 6, 2, 2          
                                275, 303, 306         6, 5, 14            
үнэ цэнэ                        54                    3                   
ачаа                            54, 305               5, 10               
зураг төсөл                     60, 62, 66, 365       11, 11, 6, 2        
шинжээч                         66, 79, 305           19, 11, 7           
тайлбар                         66, 70, 183, 219      20, 19, 1, 1        
                                344, 451              1, 1                
захиргаа                        74, 86, 316, 403      3, 12, 3, 16        
захиргааны байгууллага          75, 139, 274          2, 21, 15           
шийдвэр                         75, 76, 432, 435      6, 2, 3, 8          
                                436, 446, 446         9, 2, 5             
шүүгчийн захирамж               76                    5                   
магадлал                        76                    3                   
тогтоол                         76                    4                   
шүүх                            76, 326, 326, 361     7, 18, 21, 9        
                                392                   16                  
шүүгч                           76, 326, 326, 361     7, 18, 21, 9        
                                392                   16                  
сүлжээ                          78, 450               4, 23               
төлбөр                          78, 159, 169, 174     16, 27, 11, 14      
                                179, 237, 238, 265    28, 31, 11, 44      
                                275, 275, 276, 298    14, 24, 7, 3        
                                305, 306, 334, 347    3, 7, 28, 15        
                                353, 361, 363, 374    26, 22, 10, 3       
                                380, 381, 384, 385    5, 3, 17, 7         
                                389, 390, 399, 403    9, 5, 2, 10         
                                403, 403, 410, 411    14, 22, 9, 7        
                                412, 415, 416, 417    6, 12, 11, 14       
                                423, 423, 424, 424    2, 5, 2, 5          
мэдээ                           79, 452               13, 24              
нээлт                           80                    10                  
монгол улсын нутаг дэвсгэр      83, 86, 199, 200      12, 7, 35, 6        
                                201                   14                  
байнга оршин суугч              83, 86, 199           16, 3, 39           
гадаадын иргэн                  83, 84, 199           19, 21, 42          
харьяалалгүй хүн                83, 84                21, 23              
тал                             85, 156, 202, 305     3, 11, 4, 20        
                                375, 409, 464         11, 17, 3           
талууд                          85, 156, 202, 305     3, 11, 4, 20        
                                375, 409, 464         11, 17, 3           
гишүүн                          85, 202, 374, 378     9, 12, 10, 9        
                                388, 395, 396, 403    6, 26, 20, 12       
                                413, 414, 415, 417    19, 16, 17, 4       
                                442, 442, 445         10, 18, 22          
дуу авиа бүхий дүрст бүтээлийн продюсер  86, 227               15, 46              
хамтарсан зохиогчид             91, 94                18, 15              
нотлох баримт                   99                    3                   
тохиолдол                       99, 129, 130, 132     5, 9, 17, 15        
                                139, 148, 153, 158    11, 11, 13, 11      
                                167, 168, 177, 179    13, 25, 7, 21       
                                185, 193, 194, 241    12, 16, 11, 18      
                                256, 266, 274, 308    9, 9, 9, 18         
                                342, 353, 422, 427    11, 6, 5, 5         
                                467, 469, 479         13, 7, 12           
эд хөрөнгө                      106, 113, 114, 478    7, 4, 10, 7         
нийтийн хүртээл болгох          111                   2                   
бараа                           135, 467              14, 20              
хариуцагч                       139, 274              19, 13              
орон нутгийн өмч                142                   12                  
хүсэлт                          142, 303, 454, 479    17, 11, 31, 10      
                                479                   20                  
үүсмэл бүтээл                   146, 147, 147, 148    13, 7, 18, 12       
                                149, 149              6, 10               
ажил олгогч                     156, 157, 159, 173    16, 12, 10, 20      
                                226                   13                  
ажилтан                         157, 157, 158, 159    6, 11, 16, 24       
                                375                   4                   
ажил                            157, 173, 441         7, 4, 2             
төлбөр төлөгч                   162, 227, 228, 242    20, 63, 18, 15      
                                282, 298, 439, 472    3, 5, 19, 6         
захиалагч                       162, 163, 173         14, 12, 36          
зохион бүтээгч                  165                   18                  
мэдээлэл ашиглах                180                   6                   
гуравдагч этгээд                182, 291, 292         21, 6, 6            
мэдээллийн сан                  183, 185, 187, 187    17, 13, 5, 16       
                                187, 188, 188, 189    19, 5, 10, 5        
                                191                   12                  
ашиглалт                        188, 265, 308, 374    8, 6, 4, 2          
                                380, 384, 385, 403    4, 16, 6, 21        
                                412, 416, 417, 417    20, 9, 11, 19       
                                439, 444, 444, 444    15, 9, 20, 39       
                                445, 452              7, 32               
төрийн байгууллага              190, 392              7, 19               
аюул                            190, 315, 360, 361    4, 3, 5, 3          
                                460, 465              6, 6                
систем                          191                   8                   
нийтэд дэлгэж үзүүлэх           193, 364              18, 19              
бүтээлийн зүйл                  193                   11                  
дамжуулагч                      201, 251, 450         19, 3, 17           
олон улсын гэрээ байгуулах      202                   21                  
хамаарах эрх эзэмшигч           202, 479              26, 7               
хамаарах эрхийн объект          203, 452, 455         6, 29, 9            
орлого                          227, 306, 383, 480    58, 21, 17, 20      
төлбөр авагч                    239                   5                   
гэрээ                           260, 261, 277, 289    18, 5, 5, 4         
                                393, 396, 433, 470    12, 5, 5, 15        
лиценз                          260, 263, 263, 290    20, 6, 17, 12       
                                303, 303, 303, 304    2, 9, 15, 4         
                                306, 389, 404         18, 6, 7            
лицензийн гэрээ                 261, 291, 292         7, 15, 15           
нэгж                            305, 306              23, 9               
борлуулалт                      306                   22                  
нийтийн мэдээлэл                309, 323, 327, 328    2, 2, 34, 2         
номын сан                       312, 336, 343, 346    3, 15, 45, 5        
                                347, 348, 349, 350    3, 3, 3, 3          
                                350                   32                  
музей                           312, 346, 347, 348    2, 4, 2, 2          
                                349, 350              2, 2                
зөрчил шалган шийдвэрлэх        316                   8                   
цуглаан                         326                   6                   
илтгэл                          326                   10                  
хөтөлбөр                        332                   5                   
архив                           350                   31                  
цахим мэдээлэл                  351                   12                  
барилга байгууламж              355, 365, 366         2, 9, 11            
хураагч                         374, 381, 389, 411    4, 4, 10, 3         
                                412, 414, 423, 480    4, 2, 6, 17         
үүсгэн байгуулах гэрээ          377                   4                   
дүрэм                           377                   7                   
зөвлөл                          378, 384, 384, 385    7, 25, 27, 9        
                                438, 439, 442         9, 32, 8            
гүйцэтгэх удирдлага             379                   8                   
мэдүүлэг                        382                   11                  
зарлага                         383                   18                  
хамтын удирдлагын байгууллага   384, 393, 404, 406    35, 5, 3, 2         
                                417, 417, 422, 427    5, 23, 6, 6         
                                434, 436, 444         10, 10, 3           
бүрдэл                          384                   8                   
санал                           384, 442, 444, 459    13, 21, 6, 17       
тариф                           389, 417, 439, 444    2, 13, 16, 10       
                                444, 445              40, 8               
гомдол                          391, 436, 439, 445    12, 22, 23, 3       
                                467                   54                  
итгэмжлэл                       392                   15                  
санхүүгийн тайлан               398                   4                   
үйл ажиллагааны зардал          412, 414, 415, 416    7, 8, 5, 4          
үүсгэн байгуулах баримт бичиг   413                   10                  
хөрөнгө                         414                   12                  
санхүүгийн тайлангийн аудит     418                   4                   
зөвлөх                          439                   13                  
баталгаажуулах                  439                   18                  
зах зээл                        444                   13                  
үнэлгээ                         444                   15                  
цахим хуудас                    450                   5                   
нийтэд санал болгох             451                   13                  
контент                         451                   7                   
даруй                           452, 454              25, 45              
арга хэмжээ                     454, 456, 479         19, 22, 26          
технологи                       459                   9                   
үйлдвэрлэгч                     459, 471              14, 11              
зохицуулалт                     460, 465, 481         18, 19, 5           
бараа бүтээгдэхүүн              471                   7                   
тээвэрлэгч                      471                   13                  
төлбөр тооцоо                   479                   16                  
