File: MNCLW00829.txt
Search Method: Trie (MWE + Single-Word)
Total runtime: 0.001233s
Found terms: 62

Term                            Line                  Word Place          

эрүүл мэндийн даатгалын сан     6, 12                 1, 5                
нийтлэх                         8, 9                  1, 1                
орлого                          12, 17, 18, 19        14, 15, 15, 2       
                                19, 19, 21, 39        47, 50, 1, 2        
                                41                    2                   
төсөв                           12, 43, 44            18, 16, 16          
сан                             13, 14, 15, 16        6, 6, 4, 5          
                                17, 18, 43, 44        6, 6, 6, 6          
эрүүл мэндийн даатгал           15                    19                  
нийгмийн даатгал                15                    24                  
төсвийн орлого                  16                    8                   
зарлага                         16, 45, 45, 47        10, 2, 46, 1        
                                65                    2                   
эрүүл мэндийн даатгалын шимтгэл  19, 19, 35, 35        29, 36, 2, 9        
нэгж                            19, 27                14, 3               
байгууллага                     19, 19, 27, 33        15, 24, 4, 2        
хариуцагч                       19, 35                34, 7               
иргэн                           19, 35                35, 8               
даатгуулагч                     19, 37                42, 2               
эрүүл мэндийн байгууллага       45, 53                14, 3               
эмийн сан                       45, 57                28, 3               
эмнэлэг                         45, 57                27, 2               
шийдвэр                         45, 61                38, 2               
гүйцэтгэгч                      45, 61                39, 3               
төлбөр                          45, 61                41, 5               
мөрдөгч                         67, 68                14, 14              
