File: MNCLW00741.txt
Search Method: Trie (MWE + Single-Word)
Total runtime: 0.018906s
Found terms: 823

Term                            Line                  Word Place          

хуулийн этгээдийн улсын бүртгэл  6, 12, 29, 289        1, 33, 8, 17        
                                290, 295, 295         4, 15, 62           
нийтлэх                         9                     1                   
улсын бүртгэлд бүртгэсэн        12, 74, 133, 136      19, 20, 5, 37       
                                139, 216, 236, 237    10, 8, 10, 10       
                                243, 245, 268         33, 6, 5            
хуулийн этгээд                  12, 12, 24, 24        5, 23, 11, 14       
                                27, 27, 28, 32        10, 14, 5, 6        
                                43, 44, 45, 46        6, 6, 5, 5          
                                53, 57, 59, 66        4, 5, 8, 12         
                                73, 73, 76, 78        2, 9, 5, 17         
                                105, 109, 115, 119    19, 11, 6, 19       
                                127, 133, 136, 137    4, 3, 35, 9         
                                142, 147, 150, 151    17, 10, 7, 19       
                                152, 153, 154, 158    5, 5, 5, 5          
                                178, 181, 189, 189    5, 6, 19, 23        
                                194, 194, 198, 199    5, 23, 5, 5         
                                200, 200, 201, 201    12, 15, 28, 36      
                                201, 202, 202, 202    56, 16, 24, 44      
                                203, 208, 216, 217    5, 4, 6, 8          
                                218, 219, 220, 221    8, 6, 11, 8         
                                222, 223, 236, 237    8, 6, 8, 8          
                                238, 239, 239, 240    9, 8, 23, 8         
                                240, 241, 242, 243    21, 8, 7, 31        
                                245, 268, 272, 272    1, 1, 13, 26        
                                273, 274, 289, 296    12, 12, 7, 16       
                                297, 301              16, 5               
иргэн                           12, 15, 19, 23        22, 12, 7, 4        
                                24, 34, 35, 36        5, 5, 5, 3          
                                37, 112, 113, 144     7, 11, 18, 4        
                                150, 151, 234, 277    6, 18, 5, 8         
                                290, 297              10, 15              
байгууллага                     12, 29, 45, 46        28, 3, 3, 3         
                                52, 54, 57, 58        2, 2, 3, 3          
                                58, 62, 63, 64        12, 5, 5, 3         
                                70, 71, 71, 74        7, 7, 25, 15        
                                79, 115, 120, 127     3, 4, 11, 3         
                                137, 144, 187, 190    3, 3, 24, 32        
                                192, 193, 193, 194    17, 13, 20, 20      
                                197, 203, 204, 208    3, 3, 3, 3          
                                213, 230, 234, 251    17, 14, 15, 12      
                                279, 283, 289, 290    6, 7, 3, 3          
                                295                   28                  
улсын бүртгэл                   13, 14, 15, 15        5, 5, 3, 14         
                                19, 25, 25, 25        22, 3, 6, 10        
                                29, 30, 30, 31        24, 6, 14, 12       
                                57, 58, 65, 65        15, 20, 9, 13       
                                73, 75, 77, 78        22, 18, 11, 7       
                                78, 90, 96, 99        21, 11, 5, 7        
                                131, 150, 203, 205    13, 19, 11, 5       
                                238, 239, 240, 293    18, 17, 15, 5       
                                294, 296, 297, 305    5, 8, 3, 3          
этгээд                          13, 14, 15, 19        4, 4, 2, 2          
                                23, 24, 25, 26        2, 2, 2, 2          
                                28, 34, 35, 36        2, 4, 4, 2          
                                37, 66, 68, 69        2, 2, 2, 2          
                                74, 75, 77, 84        2, 2, 2, 2          
                                93, 94, 95, 96        4, 4, 2, 2          
                                97, 98, 99, 100       2, 2, 2, 4          
                                101, 102, 103, 104    4, 2, 2, 2          
                                105, 106, 110, 112    2, 2, 2, 2          
                                113, 114, 114, 116    2, 2, 5, 2          
                                118, 121, 125, 126    2, 2, 4, 4          
                                128, 140, 141, 143    2, 4, 4, 5          
                                149, 150, 151, 157    2, 2, 2, 2          
                                159, 160, 163, 165    2, 2, 2, 2          
                                170, 171, 172, 173    11, 2, 2, 2         
                                174, 179, 185, 188    2, 2, 2, 5          
                                214, 224, 238, 242    2, 2, 2, 2          
                                246, 247, 248, 256    4, 4, 2, 2          
                                259, 266, 269, 270    2, 2, 4, 4          
                                271, 274, 275, 276    2, 2, 4, 4          
                                277, 286, 287, 288    2, 2, 2, 4          
                                293, 294, 296, 297    4, 4, 2, 2          
мөрдөгч                         16, 304, 305          17, 15, 15          
үйлчлэгч                        17, 18                4, 4                
журам                           19, 57, 58, 59        18, 14, 19, 16      
                                67, 68, 77, 78        5, 8, 10, 5         
                                90, 99, 144, 150      10, 6, 13, 18       
                                214                   18                  
тодорхойлолт                    20, 21, 123, 190      6, 6, 16, 25        
                                193, 194              27, 21              
хэрэглэгч                       22, 24, 74, 78        3, 18, 3, 11        
шинжээч                         23, 213, 300          8, 12, 10           
агуулах                         23, 100, 101, 102     9, 7, 7, 7          
зохиогч                         23                    10                  
улсын бүртгэлийн мэдээллийн сан  26, 66, 97, 200       6, 7, 10, 7         
                                202, 238, 239, 240    10, 27, 28, 26      
                                241, 242, 273, 289    13, 19, 20, 11      
хувийн хэрэг                    26, 93, 94, 95        3, 5, 5, 3          
                                99, 102, 118          3, 3, 3             
мэдээлэл                        26, 28, 28, 66        21, 3, 17, 6        
                                70, 73, 74, 79        8, 27, 19, 10       
                                80, 80, 96, 102       8, 14, 20, 6        
                                107, 110, 116, 118    4, 7, 13, 20        
                                155, 160, 164, 165    3, 6, 3, 14         
                                197, 220, 240, 274    15, 14, 25, 6       
                                289                   10                  
бүрдэл                          26, 30                22, 24              
эрх бүхий этгээд                27, 32, 105, 113      6, 15, 23, 15       
                                168, 169, 296         5, 5, 18            
баримт бичиг                    27, 108, 115, 176     3, 3, 14, 7         
                                177, 181, 190, 195    7, 3, 35, 7         
                                210, 221, 222, 226    3, 14, 14, 3        
                                246, 247, 275, 276    10, 10, 11, 11      
шийдвэр                         27, 71, 75, 114       13, 10, 9, 12       
                                115, 119, 120, 136    5, 14, 14, 46       
                                181, 187, 200, 214    9, 25, 5, 8         
                                226, 230, 234, 243    9, 15, 16, 42       
                                251, 261, 271, 279    13, 7, 24, 7        
дүрэм                           27, 181, 226          16, 11, 12          
тохиолдол                       27, 88, 89, 118       19, 7, 6, 9         
                                123, 137, 142, 149    6, 15, 13, 21       
                                167, 174, 181, 182    24, 5, 14, 2        
                                184, 187, 188, 190    4, 17, 9, 17        
                                201, 202, 208, 228    5, 4, 18, 2         
                                233, 234, 238, 239    3, 4, 7, 5          
                                240, 241, 242, 249    5, 5, 5, 3          
                                253, 255              2, 6                
захиргааны байгууллага          29, 73, 78, 99        15, 37, 26, 12      
                                233                   14                  
газар                           29, 54, 55, 56        21, 4, 4, 5         
                                57, 58, 58, 60        20, 10, 28, 9       
                                77, 90, 105, 105      16, 16, 7, 28       
                                113, 150, 150, 205    11, 24, 29, 10      
ажилтан                         29                    26                  
мэдээллийн сан                  30, 201, 202          3, 53, 41           
нотлох баримт                   30, 184, 185, 256     17, 5, 4, 4         
цахим мэдээлэл                  30, 96, 203           21, 7, 20           
архив                           30                    20                  
сан                             30, 60, 96, 203       23, 11, 9, 22       
улсын бүртгэлийн байгууллага    31, 32, 42, 76        8, 12, 1, 20        
                                80, 119, 120, 123     9, 25, 24, 7        
                                136, 139, 142, 147    5, 31, 28, 23       
                                154, 196, 201, 202    9, 5, 6, 5          
                                235, 243, 258, 266    5, 5, 5, 6          
                                266, 269, 270, 271    20, 8, 8, 16        
                                272, 273, 287, 295    36, 8, 15, 31       
гэрчилгээ                       32, 81, 84, 87        3, 3, 7, 6          
                                89, 189, 192, 194     7, 26, 20, 26       
                                203, 205, 232, 257    14, 3, 3, 3         
                                263, 265              10, 3               
мөнгө угаах                     33                    4                   
терроризм                       33                    7                   
үйлчилгээ                       38, 39, 40            5, 5, 3             
төлөөлөгчийн газар              45, 46, 57, 58        9, 9, 9, 14         
                                73, 76, 76, 77        4, 8, 12, 5         
                                113                   5                   
салбар                          45, 46, 76, 76        8, 8, 7, 11         
                                77, 113               4, 4                
төрийн бус байгууллага          49                    2                   
компани                         57                    7                   
нөхөрлөл                        57, 191, 192          8, 22, 6            
гишүүн                          57, 58, 77, 90        21, 29, 17, 17      
                                114, 192, 193, 205    6, 7, 21, 11        
олон улсын гэрээ                58                    4                   
хэлэлцээр                       58                    7                   
олон улсын байгууллага          60                    5                   
комисс                          60, 272, 277          12, 8, 14           
зөвлөл                          60                    15                  
шүүгч                           61, 75                3, 7                
шүүх                            61, 75                3, 7                
цахим хуудас                    65, 79, 80, 290       21, 14, 5, 15       
                                295                   35                  
хуулийн этгээдийн хувийн хэрэг  67, 92                7, 1                
нэрийн сан                      69                    3                   
зохион байгуулагч               71                    13                  
хяналт тавих                    71, 90                17, 6               
ажил                            71, 88, 89, 119       12, 20, 15, 21      
                                127, 136, 136, 139    15, 30, 42, 34      
                                243, 243, 271, 273    26, 38, 11, 16      
тал                             71, 73, 109, 136      22, 21, 17, 29      
                                136, 150, 243, 243    41, 5, 25, 37       
                                283, 295              3, 20               
талууд                          71, 73, 109, 136      22, 21, 17, 29      
                                136, 150, 243, 243    41, 5, 25, 37       
                                283, 295              3, 20               
гадаадын хөрөнгө оруулалт       73, 191               6, 17               
үйл ажиллагаа                   73, 76, 78, 90        18, 14, 9, 4        
                                104, 109, 162, 163    5, 7, 2, 3          
                                191, 193, 194, 220    14, 8, 14, 7        
                                238, 239, 240, 242    13, 12, 10, 9       
хөрөнгө оруулалт                73, 186, 189, 190     32, 2, 2, 13        
                                192                   2                   
хувьцаа                         73, 116, 165, 188     15, 7, 8, 10        
шүүхийн шийдвэр                 74, 75, 283, 287      12, 15, 4, 8        
                                295                   55                  
гүйцэтгэгч                      74, 283               14, 6               
заавар                          78                    16                  
хүсэлт                          83, 84, 127, 131      7, 10, 11, 10       
                                138, 142, 143, 149    18, 16, 8, 26       
                                150, 151, 204, 212    9, 16, 7, 20        
дүгнэлт                         88, 115, 233          11, 19, 16          
мэдээллийн систем               96                    14                  
удирдлага                       96                    24                  
захиргаа                        105, 105, 192, 214    4, 15, 15, 14       
                                295                   26                  
итгэмжлэл                       105, 142, 173, 182    21, 23, 3, 3        
                                228, 253              3, 3                
зам                             109, 142, 147, 216    3, 5, 7, 3          
                                217, 218, 219, 221    5, 5, 3, 5          
                                222, 223, 236, 237    5, 3, 5, 5          
                                238, 239, 240, 241    4, 2, 2, 2          
хөрөнгө                         111, 161, 184, 187    10, 3, 3, 19        
                                190, 190, 230, 255    5, 21, 9, 3         
гүйцэтгэх удирдлага             112, 142, 171         3, 21, 3            
гадаадын иргэн                  112, 189              14, 10              
овог                            112                   5                   
паспорт                         112, 189              17, 13              
сонгогч                         114                   7                   
тэмдэглэл                       114, 251, 261         14, 16, 10          
эцсийн өмчлөгч                  116, 165              3, 4                
санал                           116, 150, 165, 295    10, 26, 11, 29      
                                295                   46                  
төрийн байгууллага              120, 131              3, 3                
зөвшөөрөл                       120, 120, 121, 121    5, 12, 7, 9         
                                193                   14                  
улсын бүртгэлийн гэрчилгээ      121, 204              4, 8                
хуулийн этгээдийн мэдээлэл      123, 238, 242         2, 24, 16           
татвар төлөгч                   123                   11                  
холбогдох этгээд                127                   19                  
гадаадын хөрөнгө оруулалттай аж ахуйн нэгж  136, 243              21, 17              
өргөдөл                         136, 139, 152, 153    50, 3, 10, 10       
                                167, 167, 170, 180    5, 13, 6, 5         
                                193, 196, 197, 201    16, 8, 16, 3        
                                203, 204, 214, 217    15, 5, 9, 11        
                                218, 219, 225, 235    11, 19, 5, 8        
                                243, 250, 258, 260    46, 5, 8, 5         
                                278                   5                   
мэдэгдэл                        137, 139, 271         19, 14, 27          
баталгаажуулах                  140, 141, 150, 167    6, 6, 4, 18         
хуулийн этгээдийн нэр           142, 144, 147, 149    9, 20, 15, 13       
                                149, 193, 297         22, 4, 11           
бусад этгээд                    142, 175              26, 4               
хангагч                         144                   19                  
баталгаажуулалт                 149, 179, 224, 249    16, 4, 4, 7         
гарын үсэг зурах                167                   15                  
эрх бүхий албан тушаалтан       173                   5                   
үүсгэн байгуулах гэрээ          181                   15                  
тогтоол                         181, 226, 251, 261    10, 10, 14, 8       
                                279                   8                   
хураамж                         183, 227, 254, 264    3, 3, 3, 3          
                                281                   3                   
аж ахуйн нэгж                   186, 189              4, 4                
гадаадын төрийн өмчит хуулийн этгээд  187                   8                   
гэрээ                           188, 226, 263         14, 16, 5           
паспортыг орлох баримт бичиг    189                   15                  
хөрөнгө оруулагч                189, 190              7, 2                
эд хөрөнгө                      190, 234              9, 10               
оюуны өмч                       190                   11                  
гаалийн мэдүүлэг                190                   28                  
банк                            190                   24                  
хуульч                          191                   12                  
мэргэжил                        191                   13                  
орчуулагч                       195                   16                  
баримт бичгийн бүрдэл           209                   5                   
гомдол                          214, 295              20, 47              
үүсгэн байгуулах баримт бичиг   229                   10                  
санхүүгийн тайлан               231, 255, 295         4, 8, 52            
шийдвэр гаргах эрх бүхий этгээд  271                   6                   
тайлан                          280, 295              2, 2                
харилцагч санхүүгийн байгууллага  295                   10                  
зарлаг                          295                   38                  
өр                              295                   58                  
төлбөр                          295                   59                  
үр                              296                   13                  
хариуцагч                       296                   21                  
хүн                             301                   4                   
