File: MNCLW00652.txt
Search Method: Trie (MWE + Single-Word)
Total runtime: 0.032228s
Found terms: 1257

Term                            Line                  Word Place          

үндэсний төлбөрийн систем       8, 13, 16, 18         1, 7, 6, 6          
                                21, 69, 70, 72        3, 1, 1, 2          
                                73, 74, 99, 331       7, 2, 2, 1          
                                332, 334, 336, 421    1, 2, 2, 20         
нийтлэх                         10, 11                1, 1                
зохион байгуулагч               13, 72, 74            11, 9, 9            
төлбөрийн систем                14, 15, 20, 22        4, 2, 4, 2          
                                23, 26, 29, 32        2, 2, 2, 2          
                                75, 77, 78, 81        2, 2, 5, 2          
                                98, 100, 101, 135     4, 2, 2, 18         
                                148, 189, 253, 333    16, 2, 15, 4        
                                342, 343, 351, 358    5, 18, 2, 2         
                                386, 397, 428, 430    5, 2, 2, 2          
банк                            15, 96, 124, 124      13, 12, 6, 13       
                                366                   9                   
мөрдөгч                         16, 340, 433          20, 26, 12          
үйлчлэгч                        17, 18                4, 12               
үйл ажиллагаа                   18, 19, 20, 21        10, 11, 7, 7        
                                32, 32, 35, 42        24, 40, 26, 50      
                                48, 48, 49, 50        6, 26, 12, 19       
                                51, 60, 61, 63        22, 23, 23, 26      
                                64, 65, 72, 74        25, 18, 6, 6        
                                77, 78, 79, 81        5, 8, 12, 14        
                                84, 86, 87, 95        5, 2, 6, 4          
                                100, 101, 107, 109    7, 9, 3, 6          
                                121, 151, 159, 179    10, 3, 28, 6        
                                194, 216, 223, 228    3, 4, 19, 6         
                                235, 243, 251, 253    11, 15, 3, 18       
                                257, 260, 261, 266    10, 6, 21, 36       
                                279, 282, 283, 291    7, 6, 15, 11        
                                328, 329, 333, 334    12, 10, 7, 6        
                                335, 336, 342, 343    24, 28, 8, 21       
                                346, 358, 376, 426    25, 4, 5, 17        
төлбөрийн үйлчилгээ             19, 45, 46, 73        7, 5, 11, 25        
                                77, 100, 114, 129     12, 20, 4, 2        
                                131, 137, 168, 176    16, 3, 8, 2         
                                217, 248, 249, 252    5, 7, 7, 5          
                                267, 270, 272, 273    6, 12, 10, 5        
                                307, 308, 310, 312    27, 3, 4, 4         
                                373                   8                   
төлбөрт үйлчилгээ               19, 45, 46, 73        7, 5, 11, 25        
                                77, 100, 114, 129     12, 20, 4, 2        
                                131, 137, 168, 176    16, 3, 8, 2         
                                217, 248, 249, 252    5, 7, 7, 5          
                                267, 270, 272, 273    6, 12, 10, 5        
                                307, 308, 310, 312    27, 3, 4, 4         
                                373                   8                   
үйлчилгээ                       19, 32, 38, 41        3, 20, 6, 6         
                                43, 45, 47, 47        6, 2, 2, 36         
                                48, 53, 90, 95        2, 23, 4, 2         
                                108, 109, 115, 116    2, 2, 2, 3          
                                123, 127, 130, 131    25, 2, 2, 2         
                                135, 140, 148, 164    10, 6, 8, 4         
                                165, 169, 171, 179    2, 28, 2, 2         
                                180, 182, 203, 203    8, 6, 2, 17         
                                223, 248, 249, 250    12, 2, 2, 4         
                                251, 252, 252, 253    12, 2, 10, 7        
                                254, 255, 255, 257    4, 25, 28, 17       
                                261, 262, 265, 266    24, 2, 2, 24        
                                268, 268, 268, 271    2, 10, 17, 2        
                                272, 274, 274, 305    2, 2, 10, 2         
                                305, 306, 311, 313    9, 5, 2, 2          
                                318, 318, 319, 319    2, 7, 2, 13         
                                320, 321, 323, 324    2, 2, 2, 6          
                                325, 328, 329, 338    13, 8, 5, 28        
                                341, 356              20, 20              
этгээд                          19, 38, 41, 42        6, 18, 10, 53       
                                49, 78, 95, 97        4, 3, 11, 6         
                                121, 121, 175, 197    7, 20, 24, 24       
                                217, 223, 250, 289    2, 15, 6, 3         
                                307, 325, 328, 338    15, 10, 11, 30      
                                341, 366, 410, 420    23, 6, 13, 6        
                                428                   15                  
хангагч                         22, 23, 25, 28        6, 10, 7, 5         
                                29, 55, 81, 123       7, 19, 7, 23        
                                165, 167, 168, 173    8, 9, 12, 5         
                                185, 187, 188, 189    7, 9, 12, 12        
                                190, 192, 195, 203    12, 8, 5, 40        
                                212, 223, 224, 225    12, 33, 14, 7       
                                231, 251, 252, 255    6, 23, 28, 20       
                                259, 264, 294, 296    20, 21, 15, 11      
                                320, 323, 325, 351    13, 8, 9, 12        
                                373, 378, 390, 398    24, 6, 8, 8         
                                401, 414              5, 34               
үр                              23, 35, 61, 65        7, 23, 25, 15       
                                189, 351              9, 4                
төлбөр                          25, 32, 32, 34        3, 11, 26, 12       
                                34, 35, 36, 38        23, 21, 3, 4        
                                38, 39, 40, 42        13, 13, 5, 2        
                                42, 44, 47, 50        27, 7, 10, 4        
                                50, 51, 51, 53        12, 4, 12, 4        
                                53, 55, 57, 59        6, 22, 15, 25       
                                60, 61, 61, 63        12, 7, 29, 14       
                                66, 67, 67, 100       8, 5, 12, 13        
                                153, 153, 169, 169    2, 7, 7, 24         
                                172, 172, 190, 190    5, 9, 5, 8          
                                193, 193, 199, 225    2, 6, 4, 4          
                                233, 239, 280, 281    5, 14, 7, 3         
                                298, 309, 312, 364    2, 3, 7, 10         
                                370, 376, 376, 385    9, 3, 12, 10        
                                385, 386, 388, 390    12, 21, 3, 11       
                                391, 391, 391, 392    8, 11, 20, 4        
                                394, 402, 402, 411    23, 3, 6, 9         
                                412, 414, 414, 414    25, 10, 26, 28      
                                415                   9                   
аюул                            29, 260, 294, 351     5, 4, 13, 7         
                                401                   3                   
тодорхойлолт                    30, 159               6, 40               
хэрэглэгч                       31                    3                   
монгол улсын нутаг дэвсгэр      32                    32                  
төлбөр тооцооны систем          32, 36, 42, 79        29, 6, 31, 4        
                                376, 409              9, 21               
төлбөрийн үйлчилгээ үзүүлэгч    32, 41, 46, 48        50, 3, 4, 9         
                                49, 50, 51, 52        5, 8, 6, 10         
                                53, 123, 169, 253     13, 3, 4, 2         
                                255, 258, 259, 261    2, 2, 2, 2          
                                264, 266, 273, 315    2, 5, 8, 4          
                                335, 336, 338, 340    2, 10, 3, 2         
                                341, 343, 346, 347    2, 3, 3, 3          
                                421, 425, 426, 427    3, 3, 3, 3          
гадаадын валют                  32                    6                   
гадаад валют                    32                    6                   
төлбөрийн хэрэгсэл              32, 33, 47, 55        21, 18, 12, 26      
                                56, 77, 79, 203       17, 9, 7, 12        
                                217, 263, 265, 335    16, 4, 4, 5         
                                336                   13                  
гуравдагч этгээд                32, 169, 251, 307     53, 17, 7, 17       
                                316, 370, 395         9, 7, 13            
шилжүүлэг                       32, 33, 47, 50        9, 8, 8, 2          
                                51, 52, 52, 59        2, 4, 17, 12        
                                59, 62, 88, 117       21, 11, 7, 4        
                                317, 362, 363, 395    10, 6, 4, 7         
систем                          32, 33, 34, 34        44, 2, 3, 16        
                                35, 37, 38, 81        2, 4, 8, 9          
                                81, 83, 85, 96        10, 9, 3, 2         
                                100, 131, 144, 149    6, 8, 2, 3          
                                151, 153, 155, 172    2, 11, 3, 2         
                                188, 189, 192, 194    9, 6, 2, 2          
                                198, 199, 203, 217    2, 2, 25, 23        
                                265, 276, 277, 279    8, 1, 1, 3          
                                282, 282, 283, 285    5, 12, 11, 4        
                                286, 291, 291, 291    4, 6, 7, 9          
                                294, 294, 297, 298    12, 17, 7, 7        
                                300, 335, 385, 398    2, 29, 3, 10        
                                401, 408, 410, 410    6, 5, 14, 16        
                                414                   21                  
оператор                        32, 81, 239, 266      45, 11, 21, 4       
                                294, 318, 321, 356    21, 4, 4, 3         
                                391, 392, 401, 409    34, 11, 13, 19      
оролцогч                        32, 33, 34, 35        46, 4, 5, 5         
                                35, 35, 39, 39        7, 20, 2, 18        
                                40, 42, 43, 44        15, 34, 10, 5       
                                58, 58, 60, 61        5, 27, 9, 11        
                                62, 63, 81, 85        8, 13, 13, 2        
                                92, 102, 123, 192     5, 7, 2, 3          
                                293, 296, 297, 338    14, 4, 6, 2         
                                343, 346, 347, 356    2, 2, 2, 4          
                                376, 385, 386, 387    8, 7, 4, 2          
                                391, 407, 407, 409    17, 2, 35, 2        
                                409, 410, 414, 421    20, 2, 4, 2         
                                425, 426, 427         2, 2, 2             
хөрөнгө                         33, 34, 35, 47        7, 8, 9, 32         
                                49, 50, 51, 52        10, 17, 20, 2       
                                52, 53, 54, 57        16, 18, 7, 12       
                                59, 92, 117, 130      8, 3, 2, 15         
                                132, 145, 169, 169    3, 6, 13, 20        
                                237, 243, 362, 363    3, 32, 4, 2         
                                369, 371, 371, 380    2, 5, 7, 12         
                                380, 400, 401         16, 6, 18           
журам                           33, 77, 78, 101       12, 17, 16, 11      
                                131, 140, 179, 226    25, 20, 17, 12      
                                252, 283, 323, 329    25, 22, 15, 14      
                                335, 344, 363, 364    33, 14, 15, 15      
                                431                   17                  
дүрэм                           33, 67, 77, 78        13, 3, 16, 15       
                                131, 144, 276, 277    24, 4, 2, 2         
                                283, 284, 296, 335    5, 13, 2, 34        
технологи                       33, 35, 48            15, 29, 13          
үр дүнгийн тооцоолол            34, 59, 62, 63        20, 22, 12, 5       
                                63, 64, 64, 65        21, 4, 22, 3        
                                67, 382, 383, 394     8, 3, 3, 24         
                                394, 395              31, 9               
үнэт цаас                       34, 35, 42, 57        10, 11, 10, 13      
                                59, 86, 87, 88        10, 5, 2, 3         
                                88, 100               9, 15               
клирингийн систем               34, 239               17, 17              
зөвшөөрөл                       34, 37, 43, 44        14, 7, 8, 19        
                                45, 54, 76, 104       9, 20, 5, 1         
                                105, 106, 107, 121    1, 5, 6, 5          
                                121, 121, 121, 124    12, 18, 23, 5       
                                124, 127, 128, 140    11, 12, 8, 13       
                                142, 143, 160, 162    3, 8, 10, 2         
                                162, 175, 175, 180    16, 21, 25, 15      
                                182, 197, 197, 203    13, 21, 25, 27      
                                203, 205, 205, 207    43, 3, 16, 6        
                                207, 209, 210, 212    14, 6, 3, 16        
                                214, 214, 217, 219    3, 18, 4, 9         
                                219, 220, 221, 222    25, 5, 5, 6         
                                223, 228, 228, 232    7, 2, 4, 2          
                                234, 235, 239, 239    8, 2, 7, 12         
                                241, 255, 257, 265    14, 23, 19, 10      
                                266, 270, 272, 292    20, 15, 6, 3        
                                293, 294, 312, 356    3, 20, 2, 16        
                                366, 373, 391, 427    4, 11, 33, 17       
гүйцэтгэгч                      34, 39, 40, 42        25, 16, 13, 5       
                                42, 63, 63, 64        30, 10, 20, 21      
                                67, 79, 87, 153       14, 14, 8, 4        
                                172, 193, 225, 280    11, 4, 5, 3         
                                298, 309, 350, 363    4, 4, 6, 17         
                                376, 386, 386, 388    13, 25, 26, 11      
                                401, 402              9, 8                
клирингийн төв                  35, 386               16, 7               
мэдээлэл                        35, 136, 137, 139     15, 5, 9, 6         
                                152, 152, 154, 155    8, 15, 5, 8         
                                157, 255, 257, 260    4, 36, 7, 2         
                                306, 313, 316, 317    8, 4, 6, 17         
                                319, 320, 347, 349    11, 8, 22, 14       
                                352, 375              27, 34              
хуулийн этгээд                  37, 42, 43, 45        9, 35, 15, 11       
                                46, 123, 251, 252     14, 27, 24, 29      
                                253                   10                  
шуудан                          38, 38, 95, 349       9, 11, 6, 20        
                                349                   22                  
шууд бус оролцогч               39, 95                10, 8               
харилцагч                       39, 52, 321, 370      4, 6, 13, 5         
хариуцагч                       39, 137, 155, 245     15, 5, 4, 10        
                                347                   26                  
бусад оролцогч                  40, 386, 394, 414     2, 17, 3, 18        
шууд оролцогч                   40, 44, 390, 401      10, 21, 9, 14       
үнэт цаасны зах зээл            42                    39                  
эрх бүхий этгээд                42, 123, 179, 255     6, 14, 9, 13        
                                258, 259, 261, 264    13, 13, 13, 13      
                                266, 335, 336, 338    17, 16, 24, 14      
                                340, 341, 343, 346    13, 13, 14, 14      
                                347, 356, 407, 409    14, 13, 11, 6       
                                421, 425, 426, 427    14, 14, 14, 14      
санхүүгийн хэрэгсэл             42                    13                  
худалдагч                       42, 42                15, 24              
төлбөр тооцооны данс            44, 85, 387, 388      12, 10, 4, 7        
мөнгөн хөрөнгийн цахим шилжүүлэг  47, 140, 180, 182     23, 8, 10, 8        
                                203, 360, 361, 363    19, 1, 1, 5         
                                364                   6                   
мөнгөн гуйвуулга                47                    17                  
цахим мөнгө                     47, 54, 360, 361      20, 16, 5, 5        
                                365, 366, 371, 372    5, 21, 9, 2         
                                372, 372, 373, 375    9, 15, 4, 9         
                                375, 377, 380         19, 4, 8            
орлого                          47, 429               6, 6                
зарлага                         47                    7                   
мэргэжил                        48, 171, 191, 223     14, 7, 6, 25        
нэхэмжлэл                       51, 169               15, 33              
төлбөр төлөгч                   54                    11                  
төлбөрийн карт                  54                    14                  
байгууллага                     55, 94, 96, 102       8, 6, 17, 20        
                                102, 128, 143, 159    28, 6, 6, 39        
                                233, 352, 352, 402    15, 3, 12, 16       
стандарт                        55, 100               9, 11               
үнэ цэнэ                        56                    9                   
талууд                          57, 64, 65, 65        8, 8, 2, 11         
                                100, 238, 305, 394    28, 9, 11, 13       
                                423, 425              3, 25               
тал                             57, 64, 65, 65        8, 8, 2, 11         
                                100, 238, 305, 394    28, 9, 11, 13       
                                423, 425              3, 25               
арилжааны төлбөр тооцоог төвлөрүүлэн гүйцэтгэх эрх бүхий этгээд  58, 84, 386           12, 8, 9            
төлбөр тооцооны төлөөлөгч       58, 391               21, 23              
төлбөр тооцоо                   58, 59, 62, 100       7, 3, 3, 18         
                                382, 383              1, 1                
баталгаажуулах                  59, 172, 308          16, 13, 15          
үр дүнгийн тооцооллын хаалтын дүн  60, 394, 415, 416     17, 35, 19, 15      
зам                             64                    20                  
хяналт тавих                    72, 78, 96, 328       12, 22, 5, 15       
                                329, 335, 364, 375    12, 40, 22, 26      
зах зээл                        73, 84                27, 3               
шийдвэр                         77, 78, 135, 148      19, 19, 13, 11      
                                205, 214, 228, 233    25, 22, 15, 16      
                                238, 238, 241, 243    8, 24, 13, 8        
                                243, 335, 353, 364    18, 36, 2, 18       
                                407, 407, 409, 409    22, 42, 9, 14       
                                410, 412, 412, 416    5, 10, 30, 5        
заавар                          78, 364               17, 16              
тохиолдол                       82, 135, 148, 203     8, 6, 6, 41         
                                212, 214, 219, 239    13, 16, 4, 11       
                                241, 243, 251, 255    11, 6, 15, 21       
                                261, 291, 307, 317    26, 5, 30, 12       
                                323, 338, 349, 392    12, 20, 19, 8       
                                397, 399, 409, 410    5, 11, 11, 7        
                                414, 414              14, 33              
үүрэг гүйцэтгэгч                84, 113, 394          16, 4, 18           
нээлт                           84                    2                   
кредит шилжүүлэг                85                    6                   
зээл                            92, 172, 280, 374     7, 14, 5, 4         
зөвлөл                          98, 99, 100, 101      6, 5, 4, 4          
                                102                   5                   
клиринг                         100                   17                  
зөвлөмж                         100, 283              29, 20              
зохиогч                         101, 133, 135, 147    7, 11, 3, 11        
                                148, 168, 188         3, 15, 15           
санхүүгийн байгууллага          102                   13                  
захиргаа                        102, 402, 424, 431    26, 14, 5, 9        
төлбөрийн үйлчилгээ үзүүлэхтэй хамаарал бүхий үйл ажиллагаа  123, 127, 130, 203    6, 4, 4, 4          
                                217, 255, 258, 259    8, 5, 5, 5          
                                261, 264, 266, 335    5, 5, 9, 8          
                                336, 338, 340, 341    16, 6, 5, 5         
                                343, 346, 347, 356    6, 6, 6, 5          
                                407, 421, 425, 426    3, 6, 6, 6          
                                427                   6                   
хүсэлт                          126, 127, 140, 142    5, 14, 15, 5        
                                159, 160, 162, 164    25, 12, 4, 6        
                                165, 180, 182, 184    4, 17, 15, 5        
                                185, 203, 205, 205    3, 29, 5, 28        
                                207, 210, 212, 214    16, 6, 4, 6         
                                214, 220, 255, 257    29, 13, 30, 6       
                                352, 352, 356         5, 32, 18           
гэрчилгээ                       128, 143              3, 3                
баримт бичиг                    129, 132, 133, 135    7, 11, 17, 22       
                                147, 148, 149, 159    17, 20, 10, 20      
                                234, 237, 255, 346    4, 9, 34, 28        
танилцуулга                     129, 144              5, 3                
нотлох баримт                   130, 131, 134, 145    20, 13, 10, 11      
удирдлага                       133, 133, 147, 147    4, 10, 4, 10        
                                168, 188, 193, 262    4, 4, 11, 4         
                                279, 280, 283, 291    6, 10, 14, 14       
                                335, 352, 352         23, 4, 31           
терроризм                       134, 339, 340, 352    3, 6, 20, 24        
гэрээт төлөөлөгч                135, 223, 274, 341    7, 9, 6, 17         
холбогдох этгээд                136, 154              3, 3                
нэгж                            137, 155, 372         6, 5, 12            
ажилтан                         137, 155, 223, 349    8, 7, 6, 5          
техникийн тодорхойлолт          149                   5                   
мэдээлэл боловсруулах           152                   3                   
арга хэмжээ                     152, 153, 286, 308    21, 16, 12, 16      
                                386, 404, 405, 411    37, 7, 7, 7         
                                412, 413, 421         6, 6, 35            
эрх бүхий албан тушаалтан       159                   30                  
баримт бичгийн бүрдэл           162                   12                  
ажил                            162, 214              8, 25               
шалгагч                         162, 336, 337, 352    15, 31, 7, 28       
                                428                   18                  
өөрийн хөрөнгө                  167, 167, 175, 175    3, 5, 6, 9          
                                187, 187, 197, 197    3, 5, 6, 9          
                                230, 230, 236, 236    4, 7, 4, 7          
тусгаарлах                      169                   34                  
мэргэшил                        171, 191, 223         10, 9, 28           
хүн                             171, 191              14, 13              
тушаал                          223, 425              18, 20              
сан                             225, 226              10, 5               
шинжээч                         228, 367, 421         10, 4, 30           
зарлаг                          232, 233              8, 8                
зөвшөөрөл эзэмшигч              238, 243, 245         10, 12, 8           
гомдол                          238, 238              16, 20              
гэрээ                           251, 252, 305         26, 31, 6           
ачаа                            261, 266              18, 39              
шалгуур үзүүлэлт                266                   29                  
хэрэглэгчийн төлбөр             268                   8                   
эрсдэл                          282                   8                   
компани                         282                   9                   
зохицуулалт                     282, 312, 314         23, 13, 6           
нийтийн ашиг сонирхол           294                   8                   
урьдчилсан мэдээ                300                   9                   
хэлцэл                          305                   7                   
мэдээ                           307                   19                  
даруй                           307, 376, 407         32, 16, 40          
мэдэгдэл                        308, 391, 425         11, 31, 29          
бусад этгээд                    317                   4                   
газар                           319, 402              16, 2               
хяналт шалгалт                  337                   2                   
мөнгө угаах                     340, 352              17, 22              
төрийн байгууллага              344                   10                  
санхүүгийн баримт               346                   34                  
тайлан                          346                   32                  
тайлбар                         346                   36                  
хэрэг бүртгэгч                  352                   13                  
мөрдөн байцаагч                 352                   15                  
тагнуулын байгууллага           352                   20                  
прокурор                        352, 352              2, 33               
агуулах                         367                   7                   
төлбөрийн эцэслэлт              376, 382, 383, 397    17, 6, 6, 6         
                                398, 412              3, 23               
шүүхийн шийдвэр                 407, 415              36, 12              
иргэн                           407, 430              25, 12              
хэрэг гүйцэтгэгч                414                   15                  
гүйцэтгэх удирдлага             425                   17                  
зөвлөх                          425                   28                  
эд хөрөнгө                      430                   9                   
