File: MNCLW00710.txt
Search Method: Aho-Corasick
Total runtime: 0.003107s
Found terms: 215

Term                            Line                  Word Place          

хувийн хамгаалалт               6, 11, 16, 17         1, 5, 4, 14         
                                19, 20, 22, 24        13, 6, 17, 1        
                                25, 29, 32, 33        1, 15, 4, 11        
                                55, 60, 75, 90        4, 4, 4, 13         
нийтлэх                         8, 9                  1, 1                
үйл ажиллагаа                   11, 16, 16, 24        7, 6, 27, 3         
                                25, 30, 72, 73        3, 7, 5, 3          
                                73, 76, 76, 77        51, 3, 18, 2        
                                79, 81, 81, 83        21, 8, 18, 5        
                                105, 106              5, 3                
иргэн                           13, 29, 33, 34        7, 34, 9, 8         
                                38, 52, 65, 76        8, 32, 7, 9         
                                81                    10                  
хэрэглэгч                       15, 92                3, 32               
эрх бүхий этгээд                16                    9                   
үйлчлүүлэгч                     16, 64, 73, 73        15, 5, 29, 36       
                                92                    14                  
бие хамгаалагч                  17, 27, 55, 59        2, 15, 14, 10       
                                62, 64, 77, 99        19, 10, 6, 13       
тусгай зөвшөөрөл                17, 19, 27, 33        16, 16, 12, 6       
                                34, 35, 36, 38        9, 6, 4, 4          
                                44, 54, 55, 57        4, 6, 7, 13         
                                60, 62, 66, 76        7, 4, 4, 6          
зөвшөөрөл                       17, 27, 40, 46        5, 3, 2, 2          
                                48, 50, 50, 55        9, 4, 7, 9          
                                57, 59, 60, 79        7, 2, 9, 19         
                                84, 85                2, 4                
журам                           17, 19, 27, 50        12, 8, 10, 11       
                                57, 60, 69, 77        11, 13, 3, 14       
                                79                    26                  
гүйцэтгэгч                      17, 70, 79            20, 4, 4            
этгээд                          17, 20, 26, 32        22, 10, 6, 2        
хуулийн этгээд                  19, 27, 30, 31        22, 17, 4, 4        
                                33, 44, 52, 59        13, 8, 33, 13       
                                75, 76, 77, 81        6, 10, 9, 11        
                                109                   5                   
байгууллага                     19, 19, 33, 36        3, 12, 2, 8         
                                38, 42, 44, 50        11, 3, 12, 3        
                                52, 55, 59, 60        13, 3, 9, 3         
                                62, 66, 75, 77        9, 2, 17, 20        
                                81, 99, 106, 107      21, 23, 11, 2       
үйлчлэгч                        21                    4                   
зэвсэгт хүчин                   22, 90                4, 4                
эрүүл мэнд                      29                    7                   
гэмт хэрэг                      29                    23                  
хангагч                         29, 49                14, 6               
чадамж                          29                    33                  
зохиогч                         30                    11                  
хувийн хамгаалалтын байгууллага  33, 62, 64            18, 15, 7           
монгол улсын нутаг дэвсгэр      34                    14                  
өргөдөл                         40, 46                5, 4                
тодорхойлолт                    42, 48                4, 7                
нотлох баримт                   43, 49                10, 8               
гэрчилгээ                       47                    3                   
баримт бичиг                    52, 107               8, 12               
нийтийн мэдээлэл                52                    16                  
систем                          52                    27                  
тогтоол                         55, 55                25, 30              
шийдвэр                         59, 62                5, 10               
удирдлага                       59                    15                  
гомдол                          62                    22                  
гэрээ                           63, 64, 65            6, 13, 5            
тал                             64                    4                   
талууд                          64                    4                   
нийтлэг журам                   65                    10                  
гүйцэтгэх ажил                  67                    5                   
тусгай зөвшөөрөл эзэмшигч       73                    6                   
эрүүл мэндийг хамгаалах         73                    12                  
зураг төсөл                     73                    17                  
зохион байгуулагч               73                    37                  
хүн                             73, 99, 109           9, 6, 4             
үйлчилгээ                       73, 73                22, 47              
мэргэжил                        73, 79                33, 10              
шүүхийн шийдвэр                 75                    13                  
шүүгч                           75                    9                   
шүүх                            75                    9                   
прокурор                        75, 100               10, 15              
агуулах                         78, 79                6, 14               
хяналт тавих                    79, 81, 106           24, 22, 12          
газар                           79, 100               38, 21              
гишүүн                          79, 100               39, 22              
мэдээлэл                        84                    5                   
мэх хэрэглэх                    91, 100               7, 9                
нэг бүрийн тусгай хэрэгсэл      92, 98, 100           28, 10, 3           
аюул                            92                    19                  
сум                             97                    4                   
эмнэлгийн яаралтай тусламж      99                    15                  
арга хэмжээ                     99                    19                  
даруй                           99                    27                  
заавар                          100                   12                  
тайлбар                         107                   16                  
