File: MNCLW00168.txt
Search Method: Aho-Corasick
Total runtime: 0.006719s
Found terms: 576

Term                            Line                  Word Place          

гэрч                            8, 13, 28, 28         1, 11, 11, 22       
                                32, 35, 56, 83        11, 8, 21, 9        
                                90, 90, 92, 102       3, 42, 16, 11       
                                102, 104, 110, 126    18, 3, 3, 12        
                                127, 128, 131, 136    11, 11, 5, 4        
                                138, 141, 142, 153    10, 5, 3, 11        
                                153, 156, 157, 159    26, 1, 1, 7         
                                185, 201, 203, 204    5, 24, 14, 14       
                                210, 212, 228, 244    7, 9, 11, 11        
                                247, 262, 264, 283    9, 5, 3, 3          
                                286, 288, 289, 290    9, 7, 19, 19        
                                300, 300, 300, 302    14, 19, 31, 8       
                                305, 308              15, 8               
нийтлэх                         10, 11                1, 1                
эрүүгийн хэрэг хянан шийдвэрлэх ажиллагаа  13, 56, 208           5, 16, 7            
эрүүл мэндийг хамгаалах         13, 250               15, 5               
мэдээлэл                        13, 25, 25, 56        19, 4, 6, 7         
                                90, 90, 92, 92        24, 34, 11, 23      
                                94, 207, 223, 251     5, 14, 6, 3         
                                289, 290, 305         26, 26, 19          
хангагч                         13, 70, 71, 89        20, 3, 12, 5        
                                90, 96, 97, 124       36, 13, 16, 8       
                                203, 204, 251, 263    26, 26, 4, 5        
                                289, 290, 308         28, 28, 7           
мөрдөгч                         17, 35, 79, 104       17, 20, 23, 13      
                                163, 167, 180, 189    17, 13, 3, 23       
                                194, 198, 199, 289    17, 11, 11, 3       
                                290, 324              3, 12               
үйл ажиллагаа                   18, 19, 24, 263       6, 4, 4, 2          
эрүүл мэнд                      24, 32, 79, 148       38, 15, 5, 13       
                                309                   16                  
хүн                             24, 25, 40, 41        9, 3, 5, 5          
                                48, 49, 52, 53        6, 6, 7, 7          
                                56, 198, 199, 322     23, 6, 6, 8         
шүүлт                           24                    24                  
аюул                            24, 76, 102, 102      35, 8, 35, 40       
                                107, 111, 126, 139    8, 6, 5, 12         
                                185, 201, 201, 205    10, 10, 27, 5       
                                210, 214, 221, 224    9, 41, 3, 4         
                                259                   4                   
ажил                            25, 108, 203, 204     11, 16, 24, 24      
                                277, 288, 308, 313    5, 13, 11, 6        
                                316                   10                  
тодорхойлолт                    26                    6                   
хэрэглэгч                       27, 76, 77, 90        3, 14, 13, 62       
                                98, 99, 160, 163      5, 5, 7, 4          
                                169, 182, 185, 187    2, 6, 29, 7         
                                189, 194, 196, 201    9, 13, 10, 33       
                                201, 203, 204, 205    37, 9, 9, 10        
                                216, 219, 226, 274    6, 4, 4, 6          
                                275                   12                  
хяналт шалгалт                  28                    17                  
хохирогч                        28, 118, 120, 148     2, 15, 2, 16        
                                300, 305              30, 14              
арга хэмжээ                     32, 62, 83, 85        2, 2, 23, 4         
                                85, 90, 132, 137      12, 37, 7, 3        
                                201, 201, 216, 219    7, 13, 4, 2         
                                226, 274, 314         2, 4, 18            
шийдвэр                         35, 92, 169, 169      14, 28, 3, 13       
                                172, 178, 185, 187    11, 5, 30, 8        
                                189, 194, 196, 216    10, 14, 11, 7       
                                219, 274, 275, 275    5, 7, 13, 19        
                                293, 294, 305, 305    3, 3, 5, 9          
шүүгч                           35, 79, 194, 196      18, 21, 43, 27      
                                300, 309              23, 36              
шүүх                            35, 79, 194, 196      18, 21, 43, 27      
                                300, 309              23, 36              
прокурор                        35, 79, 163, 167      19, 22, 18, 14      
                                180, 194, 194, 196    12, 35, 38, 22      
                                277, 289, 290, 300    3, 2, 2, 2          
                                300, 309              24, 35              
зохицуулалт                     43, 44, 45, 48        4, 3, 3, 14         
                                49                    14                  
этгээд                          43, 79, 85, 115       6, 16, 15, 2        
                                121                   23                  
хүний эрх хамгаалагч            44, 45                6, 6                
гэрч, хохирогч                  44, 45, 48, 49        4, 4, 4, 4          
                                52, 53, 163, 167      5, 5, 7, 3          
                                180, 189, 194, 196    21, 13, 20, 12      
                                214, 275              23, 3               
хамаарал бүхий этгээд           48, 49, 52, 53        9, 9, 10, 10        
                                92, 262               19, 7               
хамтран амьдрагч                52, 53                17, 17              
ачаа                            52, 52, 53, 53        35, 37, 35, 37      
                                56, 223               4, 9                
хүү                             52, 52, 53, 53        36, 40, 36, 40      
хамгаалалтын арга хэмжээ        59, 60, 63, 64        1, 1, 3, 3          
                                65, 66, 125, 130      5, 3, 18, 5         
                                131, 187, 189, 194    19, 4, 6, 10        
                                275                   9                   
газар                           72, 98, 99, 101       2, 12, 12, 4        
                                102, 107, 108, 118    38, 17, 5, 43       
                                120, 149, 205, 212    30, 14, 17, 22      
                                214, 242, 243, 272    38, 3, 3, 3         
                                272, 283, 308, 309    6, 2, 27, 7         
                                311, 319              10, 5               
улсын  төсөв                    76, 152               20, 9               
улсын төсөв                     76, 152               20, 9               
сонгогч                         77, 228               12, 28              
эд хөрөнгө                      79                    7                   
талууд                          79, 118, 120, 134     20, 29, 16, 15      
                                135, 207, 247, 264    9, 7, 12, 5         
                                274, 275, 283, 284    8, 14, 6, 6         
                                286, 287, 291, 292    12, 4, 8, 8         
                                293, 294, 295, 296    4, 4, 7, 7          
                                297, 298, 314         8, 8, 9             
тал                             79, 118, 120, 134     20, 29, 16, 15      
                                135, 207, 247, 264    9, 7, 12, 5         
                                274, 275, 283, 284    8, 14, 6, 6         
                                286, 287, 291, 292    12, 4, 8, 8         
                                293, 294, 295, 296    4, 4, 7, 7          
                                297, 298, 314         8, 8, 9             
эрх бүхий албан тушаалтан       85, 90, 94, 118       7, 75, 15, 30       
                                120, 219              17, 7               
хяналт тавих                    85, 314               20, 14              
зэвсэгт хүчин                   88                    9                   
эд хөрөнгийн эрхийн улсын бүртгэл  90                    48                  
хуулийн этгээдийн улсын бүртгэл  90, 90                20, 44              
үл хөдлөх хөрөнгө               90                    17                  
иргэний улсын бүртгэл           90                    53                  
газар өмчлөх                    90                    13                  
тээврийн хэрэгсэл               90, 90, 112           29, 67, 3           
овог                            90, 118, 120          5, 16, 3            
тохиолдол                       90, 97, 102, 110      41, 18, 2, 2        
                                118, 120, 121, 124    23, 10, 21, 10      
                                133, 228              8, 10               
байгууллага                     90, 92, 102, 104      80, 10, 33, 11      
                                127, 128, 205, 214    21, 21, 31, 19      
                                214, 230, 233, 244    27, 7, 5, 5         
                                244, 252, 286, 289    8, 16, 8, 7         
                                289, 290, 290, 297    12, 7, 12, 3        
                                298, 300, 302, 302    3, 12, 19, 24       
                                309, 309, 316         26, 34, 4           
иргэний бүртгэл                 92                    5                   
сан                             92, 319               13, 7               
албаны нууц                     94, 121               8, 6                
нэг бүрийн тусгай хэрэгсэл      97                    9                   
хувийн хамгаалалт               97                    3                   
журам                           98, 99, 121, 149      6, 6, 37, 5         
                                156, 157, 182, 205    5, 5, 7, 11         
                                205, 210, 212, 300    28, 25, 12, 34      
                                311, 319              4, 14               
гишүүн                          98, 99, 149, 205      13, 13, 15, 18      
                                212, 214, 309, 311    23, 39, 8, 11       
асран хамгаалагч, харгалзан дэмжигч  102                   25                  
стандарт                        104                   9                   
гэр бүлийн гишүүн               108                   13                  
орон байр                       108                   19                  
иргэн                           110, 207              5, 9                
баримт бичиг                    112, 113, 117, 252    19, 17, 3, 3        
паспорт                         112                   9                   
гэрлэлт                         112                   10                  
зөвшөөрөл                       112, 185              16, 8               
нийгмийн даатгал                113                   4                   
цэргийн бүртгэл                 113                   8                   
тэтгэвэр                        113                   6                   
тэтгэмж                         113                   7                   
үл хөдлөх эд хөрөнгө            114                   3                   
гэрчилгээ                       114                   9                   
улсын бүртгэлийн гэрчилгээ      115                   3                   
уригч                           118, 120              24, 11              
үр                              118, 120, 226         40, 27, 10          
хүсэлт                          121, 163, 167, 185    24, 16, 12, 7       
                                189, 194, 196, 198    22, 29, 21, 10      
                                199                   10                  
сэтгэл зүйч                     133, 136, 138, 228    9, 6, 5, 5          
                                269                   14                  
мөрдөн шалгах ажиллагаа         134, 309              5, 27               
төлбөр                          148, 318, 319         22, 7, 17           
хариуцагч                       150                   20                  
тайлбар                         153                   1                   
хүнс                            153                   17                  
үйлчилгээ                       153                   36                  
хангалттай үндэслэл             159                   16                  
хууль ёсны төлөөлөгч            163, 167, 189, 194    10, 6, 16, 23       
                                196                   15                  
санал                           163, 167, 180, 180    21, 17, 9, 15       
                                180, 194, 194, 196    27, 33, 41, 25      
                                205, 314              32, 10              
зам                             185                   25                  
даруй                           185                   32                  
мөрдөн шалгах ажиллагаа явуулах байгууллага  201, 300              17, 3               
мэдээ                           207                   8                   
ял эдэлж байгаа                 212                   6                   
гэрээ                           214, 287              28, 9               
эрсдэл                          221, 222              7, 7                
үнэлгээ                         224                   3                   
зөвлөмж                         228, 315              29, 11              
тусгай алба                     244, 247              18, 6               
мэргэжлийн сургалт              255                   6                   
ажилгүй                         255                   2                   
мэдээллийн сан                  264                   6                   
мэргэжил                        269                   8                   
гомдол                          274, 275, 277         9, 15, 4            
дээд шатны прокурор             275                   26                  
нутгийн өөрөө удирдах байгууллага  282                   9                   
хөтөлбөр                        284, 288, 314, 314    7, 5, 4, 12         
төсөв                           285                   9                   
захиргаа                        286, 309              6, 24               
хэлэлцээр                       287                   7                   
шүүхийн шийдвэр                 289, 290, 300         9, 9, 9             
шалгагч                         289, 290              4, 4                
гүйцэтгэгч                      289, 290, 300         11, 11, 11          
төрийн байгууллага              302, 309              5, 39               
зөвлөл                          308, 310              21, 5               
төрийн бус байгууллага          310, 315              7, 8                
салбар                          313                   4                   
захиргааны байгууллага          315                   5                   
зохион байгуулагч               316                   11                  
