File: MNCLW00778.txt
Search Method: Aho-Corasick
Total runtime: 0.009317s
Found terms: 815

Term                            Line                  Word Place          

төрийн ордон                    5                     1                   
нийтлэх                         10, 11, 320           1, 1, 7             
нийтийн түлхүүрийн дэд бүтэц    13, 38, 300, 301      21, 6, 1, 1         
                                306, 306              3, 10               
цахим гарын үсэг                13, 18, 33, 34        10, 7, 1, 1         
                                36, 70                27, 6               
хуулийн этгээд                  13, 22, 25, 26        8, 18, 15, 24       
                                37, 48, 50, 51        2, 4, 8, 3          
                                52, 78, 78, 87        3, 26, 29, 5        
                                91, 98, 98, 105       2, 26, 29, 9        
                                123, 124, 127, 127    4, 15, 8, 11        
                                127, 128, 128, 128    15, 19, 22, 26      
                                134, 137, 137, 138    10, 27, 35, 2       
                                164, 178, 183, 184    11, 2, 2, 2         
                                204, 332, 335         2, 5, 9             
үйл ажиллагаа                   13, 22, 38, 67        25, 12, 4, 4        
                                119, 143, 181, 216    6, 4, 8, 3          
                                217, 218, 219, 219    3, 5, 8, 23         
                                225, 227, 227, 234    2, 6, 12, 2         
                                259, 266, 306, 306    2, 5, 7, 14         
                                307, 310, 311, 313    2, 7, 8, 11         
                                323, 325              2, 9                
хүн                             13, 25, 26, 40        7, 14, 23, 18       
                                48, 78, 98, 105       3, 4, 4, 8          
                                127, 128, 134, 137    18, 29, 9, 38       
                                137, 164, 164, 203    49, 3, 7, 11        
                                226, 332, 335         13, 4, 8            
хэрэглэгч                       13, 21, 23, 25        13, 3, 17, 20       
                                26, 31, 33, 34        16, 12, 4, 4        
                                35, 36, 37, 39        6, 30, 4, 6         
                                40, 46, 49, 50        22, 14, 5, 10       
                                52, 54, 55, 84        14, 15, 13, 6       
                                85, 107, 125, 130     6, 6, 14, 6         
                                131, 144, 169, 278    6, 7, 23, 15        
хүний хувийн мэдээлэл           15                    20                  
нийтийн мэдээлэл                15, 30, 78, 98        13, 5, 35, 35       
                                129                   6                   
иргэн                           15, 19, 78, 78        11, 11, 13, 20      
                                87, 87, 93, 93        4, 11, 4, 12        
                                98, 98, 124, 128      13, 20, 12, 6       
                                128, 137, 137, 137    13, 12, 14, 21      
                                137                   41                  
мөрдөгч                         16, 182, 337          18, 13, 12          
үйлчлэгч                        17                    4                   
хэлцэл                          19, 85, 131           3, 8, 8             
тодорхойлолт                    20                    6                   
тоон гарын үсгийн гэрчилгээ     22, 93, 94            7, 6, 5             
улсын бүртгэлийн байгууллага    22                    4                   
тусгай зөвшөөрөл эзэмшигч       22, 94, 221, 278      15, 22, 12, 17      
                                279, 289, 290, 292    17, 8, 6, 33        
                                334, 335              10, 18              
байгууллага                     22, 63, 69, 77        2, 26, 18, 3        
                                93, 96, 124, 125      3, 2, 9, 6          
                                134, 139, 146, 147    2, 2, 17, 28        
                                149, 152, 153, 154    2, 12, 7, 2         
                                155, 160, 170, 175    2, 2, 23, 4         
                                176, 180, 189, 197    2, 2, 10, 10        
                                198, 199, 202, 212    10, 29, 2, 2        
                                219, 219, 226, 230    3, 19, 10, 17       
                                242, 247, 249, 253    6, 10, 10, 10       
                                254, 255, 257, 263    10, 18, 4, 4        
                                264, 270, 271, 274    10, 30, 10, 10      
                                279, 280, 282, 290    10, 10, 10, 29      
                                291, 297, 302, 303    10, 10, 12, 15      
зохион байгуулагч               23, 304, 335          14, 13, 28          
аюул                            23, 69, 114, 142      26, 4, 4, 4         
                                181, 188, 226, 227    3, 8, 19, 16        
                                240, 307, 323         2, 8, 7             
хангагч                         24, 41, 53, 57        10, 7, 8, 12        
                                59, 63, 114, 142      13, 10, 6, 6        
                                155, 169, 170, 181    21, 13, 11, 7       
                                188, 224, 226, 227    10, 6, 23, 18       
                                242, 251, 251, 278    9, 10, 15, 20       
                                313                   16                  
тоон гарын үсгийн нийтийн түлхүүр  25, 43                6, 10               
тоон гарын үсэг                 25, 26, 40, 46        17, 11, 19, 11      
                                47, 65, 91, 125       4, 3, 5, 11         
                                139, 140, 144, 278    5, 5, 2, 12         
гэрчилгээ                       25, 26, 40, 40        4, 4, 4, 6          
                                43, 43, 50, 60        4, 7, 3, 5          
                                61, 72, 72, 73        5, 1, 2, 1          
                                73, 75, 79, 82        2, 8, 3, 13         
                                88, 94, 96, 105       5, 15, 3, 6         
                                105, 116, 121, 122    12, 5, 1, 1         
                                123, 125, 125, 133    6, 8, 16, 5         
                                135, 137, 138, 138    14, 34, 7, 14       
                                139, 144, 145, 145    3, 10, 4, 6         
                                147, 149, 150, 152    4, 5, 3, 7          
                                154, 154, 155, 155    3, 6, 5, 10         
                                155, 156, 156, 156    18, 6, 11, 16       
                                157, 157, 158, 158    6, 9, 12, 16        
                                160, 162, 163, 167    3, 8, 3, 7          
                                168, 169, 169, 171    5, 7, 21, 10        
                                178, 183, 188, 191    5, 4, 6, 14         
                                192, 193, 193, 198    9, 7, 12, 13        
                                200, 200, 200, 200    5, 7, 10, 16        
                                200, 202, 205, 214    21, 4, 4, 5         
                                216, 217, 219, 219    1, 1, 6, 21         
                                275, 278, 278, 290    16, 10, 26, 17      
                                291, 292, 292, 292    18, 14, 16, 28      
                                295, 298, 305, 305    8, 7, 4, 13         
                                334, 335              7, 12               
тоон гарын үсгийн хувийн түлхүүр  26, 27, 29, 40        17, 7, 6, 9         
шалгагч                         27, 29, 43, 137       19, 22, 21, 60      
                                184, 191, 202, 204    10, 6, 23, 11       
тайлан                          28, 240, 242          12, 12, 11          
баримт бичиг                    30, 137, 165, 228     2, 55, 4, 7         
                                251, 285, 307         4, 5, 12            
гарын үсэг зурах                31                    7                   
этгээд                          31, 38, 47, 52        13, 2, 2, 9         
                                54, 54, 55, 210       2, 11, 8, 14        
                                232, 250, 284         2, 8, 2             
мэдээллийн систем               36, 66, 70            5, 6, 11            
мэдээлэл                        36, 42, 44, 61        11, 11, 12, 6       
                                62, 65, 76, 81        14, 8, 3, 4         
                                82, 96, 97, 117       10, 11, 4, 5        
                                126, 132, 135, 136    3, 5, 10, 3         
                                139, 146, 151, 184    13, 7, 3, 6         
                                187, 192, 193, 194    11, 8, 10, 5        
                                198, 202, 204, 205    20, 22, 7, 11       
                                207, 212, 226, 256    6, 4, 18, 4         
                                295, 296, 298, 305    10, 5, 9, 11        
тусгай зөвшөөрөл                38, 124, 125, 138     12, 17, 19, 4       
                                210, 210, 216, 217    15, 27, 6, 6        
                                218, 219, 251, 251    8, 28, 18, 22       
                                252, 252, 253, 254    4, 14, 11, 11       
                                264, 264, 266, 266    11, 14, 2, 11       
                                270, 271, 271, 273    4, 23, 30, 5        
                                273, 273, 273, 274    11, 20, 24, 11      
                                275, 275, 277, 279    4, 9, 28, 11        
                                280, 282, 289, 291    11, 13, 16, 25      
                                292, 293, 309         7, 12, 11           
мэдээ                           44, 115, 115          16, 5, 7            
тушаал                          46                    6                   
систем                          48                    2                   
баталгаажуулах                  48, 117               7, 6                
эрх бүхий этгээд                51, 298               7, 10               
итгэмжлэл                       51, 52, 52            5, 5, 10            
тоон гарын үсгийн хэрэгсэл      57, 62, 63, 189       13, 3, 11, 14       
урьдчилан сэргийлэх             58, 188, 191          6, 4, 16            
захиргаа                        63, 69, 146, 147      24, 16, 15, 26      
                                170, 189, 197, 198    21, 8, 8, 8         
                                199, 219, 226, 230    27, 17, 8, 15       
                                247, 249, 253, 254    8, 8, 8, 8          
                                255, 264, 270, 271    16, 8, 28, 8        
                                274, 279, 280, 282    8, 8, 8, 8          
                                290, 291, 293, 297    27, 8, 19, 8        
                                302, 303              10, 13              
бүрэн бүтэн байдал              65                    9                   
бүртгэлийн систем               66, 68, 70            10, 2, 15           
гэрчилгээжүүлэх байгууллага     75, 82, 88, 109       5, 11, 7, 4         
                                115, 151, 156, 158    13, 11, 17, 10      
                                170, 171, 173, 174    3, 8, 1, 1          
                                187, 200, 227, 311    6, 19, 10, 3        
иргэний бүртгэлийн дугаар       78, 98, 128, 128      15, 15, 8, 30       
харьяалалгүй хүн                78, 87, 98, 124       21, 12, 21, 13      
                                128, 137              14, 22              
регистрийн дугаар               78, 98, 128           33, 33, 24          
хүсэлт                          82, 108, 123, 124     3, 7, 8, 3          
                                125, 134, 135, 136    22, 13, 8, 6        
                                137, 139, 150, 156    7, 14, 7, 9         
                                156, 162, 163, 178    14, 11, 7, 4        
                                183, 184, 202, 202    11, 4, 11, 13       
                                204, 230, 247, 247    4, 18, 17, 24       
                                250, 270, 271, 273    6, 14, 15, 14       
                                277, 283, 289, 334    26, 4, 13, 31       
гэрээ                           85, 131, 145, 264     9, 9, 10, 17        
зөвшөөрөл                       94, 199, 219, 220     2, 2, 26, 2         
                                223, 224, 228, 230    4, 2, 4, 2          
                                244, 246, 257, 258    6, 4, 2, 2          
                                260, 261, 262, 263    2, 2, 2, 2          
                                268, 269, 272, 276    4, 2, 2, 4          
                                277, 280, 281, 285    2, 18, 4, 2         
                                286, 288, 289, 290    2, 2, 2, 2          
                                294, 310, 314         4, 2, 2             
үйлчилгээ                       94, 313, 322          17, 9, 3            
тариф                           94, 322               18, 4               
мэдээллийн сан                  95, 96, 187, 193      4, 13, 8, 13        
                                205, 205, 290, 291    2, 13, 18, 19       
                                292, 324              29, 2               
агуулах                         96, 305               12, 12              
сан                             97, 186, 187, 305     2, 5, 3, 15         
журам                           105, 135, 147, 169    4, 5, 13, 18        
                                170, 191, 213, 225    8, 4, 3, 4          
                                227, 234, 293, 305    8, 4, 23, 18        
                                307, 320, 323, 324    4, 9, 4, 7          
                                325                   13                  
бусад этгээд                    115, 209, 219         3, 8, 4             
даруй                           115, 154, 156, 158    15, 8, 19, 18       
                                193                   11                  
тохиолдол                       116, 149, 169, 199    4, 4, 14, 13        
                                200, 221, 273, 275    18, 11, 10, 8       
                                277, 277, 278, 280    7, 23, 7, 17        
                                290, 295, 311         5, 7, 2             
үр                              119, 140              18, 20              
хариуцагч                       119, 292              21, 36              
иргэний улсын бүртгэл           124, 125              6, 3                
ажил                            134, 199, 247, 254    16, 16, 29, 15      
                                271, 273, 274, 279    19, 16, 18, 24      
шийдвэр                         134, 137, 152, 153    21, 5, 13, 8        
                                170, 254, 271, 274    24, 14, 28, 15      
                                279, 293              15, 16              
хуулийн этгээдийн улсын бүртгэл  137                   30                  
хуулийн этгээдийн мэдээлэл      137                   50                  
паспорт                         137                   18                  
заавар                          144, 320              8, 10               
зөвшөөрөл эзэмшигч              145, 196, 203, 209    2, 2, 2, 2          
                                244, 270, 275, 283    3, 2, 2, 2          
                                293, 295              2, 2                
зөвлөл                          147                   16                  
санал                           147                   17                  
тал                             150, 152, 156, 170    5, 9, 8, 13         
                                193, 199, 202, 202    6, 15, 10, 24       
                                279, 288, 303, 304    16, 7, 5, 6         
                                309, 319              23, 5               
талууд                          150, 152, 156, 170    5, 9, 8, 13         
                                193, 199, 202, 202    6, 15, 10, 24       
                                279, 288, 303, 304    16, 7, 5, 6         
                                309, 319              23, 5               
чадамж                          153                   3                   
хойшлуулшгүй тохиолдол          155                   3                   
бараа                           164                   5                   
стандарт                        182, 242, 242, 321    11, 5, 7, 5         
зохиогч                         183, 203, 221, 313    15, 9, 9, 14        
арга хэмжээ                     188, 191, 197         11, 19, 27          
цахим хуудас                    194, 212              7, 6                
гүйцэтгэгч                      203, 206              7, 6                
нээлт                           207, 211              7, 4                
хуулбарлах                      208                   5                   
төрийн үйлчилгээ                212                   9                   
нэгдсэн систем                  212                   11                  
компани                         220, 221, 221         9, 20, 26           
тусгаарлах                      221                   5                   
зам                             221                   7                   
технологи                       226                   16                  
улсын бүртгэлийн гэрчилгээ      232                   3                   
банк                            236                   2                   
мэдэгдэл                        236                   3                   
санхүүгийн тайлан               238                   2                   
дүгнэлт                         238, 277, 310, 311    5, 12, 15, 16       
мэдээллийн аюулгүй байдлын аудит  240                   6                   
эрсдэлийн үнэлгээ               240                   4                   
мэргэжлийн холбоо               242                   3                   
даатгагч                        252                   7                   
үнэлгээ                         255                   6                   
эрх бүхий албан тушаалтан       263                   5                   
улсын тэмдэгтийн хураамж        270                   15                  
тэмдэглэл                       273                   28                  
татвар төлөхөөс зугтах          277                   20                  
төлбөр                          290                   31                  
гомдол                          293                   27                  
зохицуулалт                     300, 301, 333         7, 7, 5             
хөгжлийн бодлого                304                   7                   
олон улсын байгууллага          306                   20                  
зах зээл                        314                   6                   
зохицуулах хороо                319                   8                   
хяналт тавих                    320, 323, 324         15, 16, 11          
дүрэм                           320                   8                   
шинжээч                         331                   10                  
