File: MNCLW00009.txt
Search Method: Aho-Corasick
Total runtime: 0.011110s
Found terms: 876

Term                            Line                  Word Place          

нийтлэх                         11, 13, 45            3, 1, 17            
агаар бохирдуулах бодис         15, 167, 258, 292     12, 4, 27, 5        
урьдчилан сэргийлэх             15, 31                10, 8               
мөрдөгч                         18, 121, 143, 198     17, 15, 9, 21       
                                204                   13                  
тодорхойлолт                    19                    6                   
хэрэглэгч                       20, 34, 190, 193      3, 31, 9, 13        
                                253                   11                  
агаар                           21, 68, 132, 144      3, 7, 18, 8         
                                146, 214, 233         11, 4, 8            
агаарын чанарын стандарт        22, 23, 36, 203       22, 4, 4, 16        
                                218, 249              14, 28              
бохирдуулах бодис               22, 26, 27, 27        18, 2, 2, 16        
                                28, 29, 32, 33        12, 16, 9, 18       
                                34, 35, 36, 112       39, 9, 15, 2        
                                119, 120, 162, 203    2, 3, 2, 10         
                                211, 218, 220, 228    2, 2, 6, 11         
                                229, 233, 237, 238    10, 10, 4, 31       
                                239, 241, 290, 291    15, 4, 4, 2         
шуудан                          22                    7                   
шинжээч                         23, 37, 41, 318       16, 16, 11, 10      
агаарын чанар                   24, 31, 104, 157      5, 12, 8, 6         
                                165, 166, 168         8, 4, 6             
үйл ажиллагаа                   24, 41, 55, 56        18, 16, 7, 7        
                                72, 73, 84, 104       7, 7, 12, 13        
                                146, 168, 172, 173    8, 11, 6, 5         
                                181, 185, 209, 218    4, 13, 6, 27        
                                236, 239, 243, 244    28, 67, 23, 23      
                                247, 261, 261, 262    18, 6, 23, 6        
                                262, 266, 278, 306    23, 3, 29, 4        
                                307, 310, 311         4, 6, 6             
агаарын бохирдол                25, 123, 129, 198     6, 6, 3, 10         
                                206, 224, 236, 238    5, 15, 12, 11       
                                287                   4                   
арга хэмжээ                     25, 171, 228, 232     14, 3, 27, 12       
хүрээлэн байгаа агаар           26, 31, 32, 68        12, 4, 5, 3         
захиргаа                        27, 99, 100, 100      10, 8, 6, 11        
                                121, 151, 152, 153    2, 19, 20, 15       
                                157, 163, 166, 169    2, 25, 11, 7        
                                198, 218, 219, 219    2, 35, 2, 12        
                                220, 221, 222, 223    26, 18, 13, 18      
                                224, 229, 251, 252    4, 2, 30, 37        
                                256, 259, 261, 262    7, 23, 39, 39       
                                264, 266, 272, 276    21, 19, 23, 43      
                                278, 287, 292, 296    32, 16, 20, 17      
байгууллага                     27, 34, 45, 75        12, 36, 15, 7       
                                84, 99, 100, 100      20, 10, 8, 13       
                                103, 121, 135, 136    11, 4, 6, 4         
                                140, 141, 146, 146    4, 4, 5, 23         
                                151, 152, 153, 155    21, 22, 17, 11      
                                157, 162, 163, 166    4, 12, 27, 13       
                                167, 168, 169, 177    19, 4, 9, 15        
                                179, 183, 185, 198    16, 9, 10, 4        
                                218, 218, 219, 219    37, 41, 4, 14       
                                219, 220, 221, 222    19, 28, 20, 15      
                                223, 224, 229, 233    20, 6, 4, 41        
                                235, 235, 236, 236    16, 29, 8, 22       
                                238, 239, 239, 241    4, 4, 65, 22        
                                243, 243, 243, 244    22, 43, 50, 22      
                                244, 244, 251, 252    43, 50, 32, 39      
                                255, 256, 258, 259    3, 9, 4, 25         
                                261, 262, 264, 266    41, 41, 23, 21      
                                266, 272, 276, 276    24, 25, 34, 45      
                                278, 287, 287, 292    34, 18, 24, 22      
                                296, 296, 299         15, 19, 9           
түлш                            28, 30, 80, 122       7, 6, 24, 22        
                                132, 145, 182, 191    26, 8, 15, 4        
                                193, 215, 220, 222    8, 19, 20, 7        
                                222, 223, 223         9, 3, 8             
аюултай бохирдуулах бодис       29                    22                  
барилга байгууламж              29, 88, 249, 250      31, 3, 6, 7         
                                251, 252              9, 9                
үйлчилгээ                       29, 110, 139, 176     27, 15, 9, 10       
                                211, 248, 249, 251    6, 7, 2, 7          
                                252, 252, 258, 278    7, 26, 15, 26       
автотээврийн хэрэгсэл           30                    11                  
хяналт тавих                    31, 48, 49, 55        20, 7, 8, 12        
                                56, 72, 73, 78        12, 12, 12, 30      
                                107, 108, 116, 129    8, 19, 16, 12       
                                259, 287              34, 25              
эрүүл мэнд                      32, 37, 38, 233       12, 21, 9, 27       
                                239                   28                  
захиргааны байгууллага          32, 33, 38, 114       28, 27, 25, 8       
                                115, 137, 198, 202    6, 9, 7, 17         
                                224                   12                  
стандарт                        32, 32, 33, 33        3, 24, 4, 23        
                                38, 38, 88, 103       4, 21, 7, 7         
                                167, 215, 215, 218    12, 3, 14, 33       
                                219, 220, 222, 223    6, 19, 8, 10        
                                224, 233, 239, 241    21, 18, 24, 2       
                                247, 287              14, 9               
хүн                             32, 37, 38, 41        11, 20, 8, 15       
                                85, 146, 163, 180     2, 14, 14, 14       
                                233, 233, 236, 239    25, 54, 34, 26      
                                252, 319              16, 4               
агаарын бохирдлын эх үүсвэр     33, 34, 36, 39        6, 27, 9, 15        
                                141                   6                   
агаарын бохирдлын томоохон суурин эх үүсвэр ашиглах зөвшөөрөл эзэмшигч  34                    18                  
автотээврийн болон өөрөө явагч хэрэгсэл  34                    12                  
бохирдуулах бодисын хаягдлын стандарт  34, 35, 138, 221      41, 11, 6, 8        
                                243, 244              2, 2                
аж ахуйн нэгж                   34, 45, 84, 146       33, 12, 17, 2       
                                155, 162, 177, 179    8, 9, 12, 13        
                                183, 185, 233, 235    6, 7, 38, 13        
                                236, 236, 239, 243    5, 19, 62, 19       
                                244, 276, 299         19, 31, 6           
органик уусгагч                 34                    8                   
төлбөр                          34, 34, 35, 35        3, 50, 4, 21        
                                298                   5                   
үйлдвэрлэгч                     34, 83, 276           10, 11, 15          
иргэн                           34, 45, 61, 62        37, 16, 21, 21      
                                84, 93, 94, 125       16, 21, 21, 3       
                                135, 136, 183, 185    7, 5, 10, 11        
                                186, 233, 236, 238    6, 37, 9, 5         
                                239, 239, 251, 258    5, 66, 15, 5        
                                276, 299              35, 10              
тохиолдол                       34, 35, 167, 224      48, 19, 17, 2       
                                236, 239, 296         33, 41, 11          
ионжуулагч цацраг               37                    34                  
физикийн сөрөг нөлөөллийн стандарт  39, 218, 249          8, 17, 32           
зөвшөөрөгдөх дээд хэмжээ        39                    4                   
озоны үе давхарга               42                    8                   
нутгийн өөрөө удирдах байгууллага  45                    6                   
агаар хамгаалах                 45, 100, 115, 125     1, 15, 8, 6         
                                171, 228, 248, 252    1, 23, 9, 3         
                                254                   7                   
тал                             47, 53, 54, 68        3, 4, 4, 10         
                                78, 100, 115, 125     26, 17, 10, 8       
                                142, 199, 228, 238    3, 11, 25, 38       
                                248, 254, 264, 310    11, 9, 9, 10        
                                311                   10                  
талууд                          47, 53, 54, 68        3, 4, 4, 10         
                                78, 100, 115, 125     26, 17, 10, 8       
                                142, 199, 228, 238    3, 11, 25, 38       
                                248, 254, 264, 310    11, 9, 9, 10        
                                311                   10                  
журам                           59, 60, 87, 90        9, 9, 8, 10         
                                102, 121, 138, 141    5, 16, 5, 21        
                                169, 198, 204, 229    5, 22, 14, 16       
                                230, 239, 241, 269    17, 55, 33, 43      
                                274, 280, 292, 300    21, 11, 24, 11      
                                314, 315              8, 8                
цахим мэдээлэл                  61, 62, 93, 94        17, 17, 17, 17      
ажил                            61, 61, 62, 62        8, 13, 8, 13        
                                63, 64, 78, 85        5, 5, 16, 36        
                                93, 93, 94, 94        8, 13, 8, 13        
                                96, 97, 101, 106      5, 5, 9, 4          
                                154, 176, 179, 261    16, 12, 5, 10       
                                261, 262, 262         36, 10, 36          
мэдээлэл                        61, 62, 93, 94        22, 22, 22, 22      
                                149, 157, 164, 276    4, 30, 6, 18        
хангагч                         61, 62, 75, 80        26, 26, 38, 11      
                                83, 93, 94, 102       18, 26, 26, 10      
                                104, 106, 118, 132    16, 13, 9, 27       
                                138, 152, 157, 187    13, 29, 31, 6       
                                188, 193, 310, 311    3, 3, 12, 12        
улсын  төсөв                    63, 64, 80, 96        8, 8, 32, 8         
                                97, 163               8, 37               
улсын төсөв                     63, 64, 80, 96        8, 8, 32, 8         
                                97, 163               8, 37               
газар                           67, 68, 86, 163       4, 2, 9, 17         
                                178, 182, 202, 203    4, 8, 13, 6         
                                252, 254, 269, 269    2, 4, 34, 45        
                                274, 280, 306, 307    27, 17, 7, 7        
                                308, 309, 314, 315    13, 13, 10, 10      
хөтөлбөр                        69, 70, 101, 140      10, 10, 7, 16       
                                154, 195, 261, 262    14, 16, 5, 5        
эмзэг байдал                    75                    20                  
зохион байгуулагч               75, 78, 85, 101       34, 17, 37, 10      
                                106, 116, 119, 121    5, 13, 23, 18       
                                151, 154, 157, 206    22, 19, 38, 13      
                                261, 261, 262, 262    11, 42, 11, 42      
                                264                   24                  
удирдлага                       75, 104, 152, 153     37, 15, 28, 12      
                                233, 235              42, 17              
төсвийн төсөл                   76                    5                   
гэр хороолол                    78, 80, 174           5, 16, 5            
шугам                           78, 190               10, 4               
шийдвэр                         78, 116, 137, 246     28, 9, 13, 18       
агаарын чанарыг сайжруулах бүс  80, 121, 127, 132     12, 11, 3, 3        
                                175, 198, 199, 200    3, 14, 7, 3         
                                204                   3                   
эрчим хүч                       80, 83, 84, 85        21, 9, 8, 20        
                                122, 175, 176, 212    18, 8, 5, 8         
                                220                   21                  
инженерийн шугам сүлжээ         85                    22                  
авто зам                        85                    14                  
зам                             85, 85, 86, 178       18, 30, 19, 10      
                                195, 222              3, 4                
хөрөнгө                         86, 117, 178          5, 11, 16           
нийслэл                         86, 125, 127, 129     11, 2, 2, 2         
                                132, 179, 180, 180    2, 17, 6, 13        
                                200, 204, 206, 233    2, 2, 2, 49         
дүрэм                           102, 138              4, 4                
заавар                          102                   7                   
мэргэжил                        104, 110, 119, 120    10, 11, 14, 14      
                                141, 151, 151, 152    23, 12, 15, 25      
                                154, 165, 168, 233    17, 17, 19, 43      
                                235, 238, 296         18, 17, 20          
мэргэжлийн удирдлага            106                   11                  
мэдээллийн сан                  107                   3                   
дэлхийн дулааралд нөлөөлөх чадвар өндөртэй бодис  108, 269, 272, 274    3, 3, 6, 6          
                                278, 282              3, 3                
зөвшөөрөгдөх хаягдал            110, 228, 229         6, 13, 12           
дүгнэлт                         110, 151, 251, 296    13, 8, 24, 22       
тариф                           110                   16                  
нэгж                            118, 135, 136, 140    6, 5, 3, 3          
                                141, 159, 161, 163    3, 8, 4, 7          
                                168, 238, 239, 258    3, 3, 3, 3          
агаарт үзүүлэх физикийн сөрөг нөлөөлөл  119, 157, 218, 292    5, 8, 5, 9          
салбар                          119, 141, 152, 153    19, 28, 6, 6        
                                165, 168, 219, 252    6, 24, 8, 27        
                                259                   20                  
суурин газар                    122, 123, 163, 255    4, 4, 11, 10        
систем                          122, 278              15, 13              
холбоо                          122                   16                  
технологи                       122, 145, 177, 249    24, 5, 6, 21        
                                253                   6                   
ажилгүй                         129, 236              11, 23              
орлого                          132                   11                  
гэрээ                           132, 188              13, 5               
үнэлгээ                         140, 157, 261, 262    11, 28, 26, 26      
тайлан                          141, 261, 262, 276    15, 28, 28, 17      
мэргэжлийн байгууллага          142, 269, 278, 280    4, 23, 37, 5        
гомдол                          146                   26                  
агаарын чанарын хяналт-шинжилгээ  149                   1                   
мэдээ                           151, 169, 261, 262    7, 3, 29, 29        
ажилтан                         155                   3                   
хүлэмжийн хий                   157, 195, 266, 266    18, 4, 6, 13        
нэгдсэн сүлжээ                  158                   3                   
сүлжээ                          160, 163              3, 6                
үйл ажиллагааны зардал          163                   34                  
хөнгөлөлт                       176, 195              9, 12               
үл хөдлөх эд хөрөнгө            178                   23                  
орон сууц                       178, 188, 194         28, 7, 9            
хүү                             178                   20                  
зээл                            178, 195              21, 13              
хөрөнгө оруулалт                179                   3                   
нэмэгдэл                        179                   9                   
сэргээгдэх эрчим хүч            192                   8                   
эрчим хүч хэмнэлт               194                   4                   
төсөл                           195, 261, 262         15, 22, 22          
нээлт                           202                   21                  
бусад газар                     210, 247              2, 2                
хог хаягдал                     210, 218, 247         4, 21, 4            
агаарын бохирдлын томоохон суурин эх үүсвэр  220, 226, 238, 239    12, 9, 23, 6        
                                258                   7                   
хөдөлгөөнт эх үүсвэр            221, 241              3, 12               
газрын тос                      223                   13                  
зөвшөөрөл                       225, 226, 230, 230    10, 16, 5, 13       
                                243, 244, 256, 272    39, 39, 11, 32      
                                276, 296              29, 24              
сум                             226, 233, 246, 259    18, 48, 14, 26      
үйлдвэрлэлийн осол              233                   3                   
аюул                            233, 233, 239         2, 32, 33           
эрүүл ахуй                      235, 239, 243, 244    25, 45, 35, 35      
гамшгаас хамгаалах              236                   41                  
зөрчил шалган шийдвэрлэх        239, 241              49, 27              
ашиглалт                        241, 249, 259         15, 19, 17          
физикийн сөрөг нөлөөллийн зөвшөөрөгдөх дээд хэмжээ  243, 244              6, 6                
санал                           243, 243, 244, 244    31, 47, 31, 47      
                                251                   18                  
тээврийн хэрэгсэл               246                   10                  
хог хаягдлыг устгах             247                   11                  
зураг төсөл зохиогч             249                   10                  
засварын ажил                   249                   16                  
тоног төхөөрөмж                 249, 253, 258, 259    22, 12, 36, 13      
                                269, 272, 276, 278    15, 18, 8, 21       
                                282                   16                  
сонгогч                         249                   9                   
гүйцэтгэгч                      249, 278, 292, 296    18, 39, 30, 14      
байгаль орчинд нөлөөлөх байдлын үнэлгээ  250, 251              11, 19              
ариун цэвэр                     252                   11                  
бүтээгдэхүүн                    253, 278, 282         10, 20, 15          
сан                             261, 262, 301, 302    18, 18, 5, 5        
                                304, 305, 306, 306    5, 5, 3, 9          
                                307, 307, 308, 309    3, 9, 3, 3          
                                310, 311              3, 3                
тусгай зөвшөөрөл                269                   40                  
агуулах                         269, 272, 282         14, 17, 14          
гишүүн                          269, 274, 280, 308    35, 28, 18, 14      
                                309                   14                  
этгээд                          274                   19                  
гаалийн байгууллага             276                   19                  
хяналт шалгалт                  287                   19                  
агаарын бохирдлын төлбөр        299, 300              11, 5               
төсвийн ерөнхийлөн захирагч     308, 309              4, 4                
зөвлөх                          310, 311              17, 17              
зөвлөл                          312, 313, 314, 315    6, 6, 6, 6          
хуулийн этгээд                  319                   5                   
