File: MNCLW00347.txt
Search Method: Trie (MWE + Single-Word)
Total runtime: 0.041141s
Found terms: 1481

Term                            Line                  Word Place          

төрийн ордон                    5, 30                 1, 4                
хүү                             5, 69, 244, 264       4, 4, 4, 4          
                                266, 321, 323, 373    2, 13, 16, 4        
                                418, 422, 436         4, 5, 6             
үйл ажиллагаа                   13, 22, 26, 27        34, 4, 8, 11        
                                73, 122, 128, 139     8, 10, 3, 6         
                                139, 150, 152, 160    50, 8, 4, 4         
                                301, 303, 308, 309    4, 4, 4, 2          
                                323, 368, 408, 410    12, 6, 5, 6         
                                446, 463, 485, 505    3, 8, 20, 4         
                                506, 517, 545, 583    2, 29, 4, 17        
                                627, 628, 632, 649    5, 3, 19, 4         
                                650, 660, 665, 666    4, 12, 12, 9        
                                685, 707              10, 3               
журм                            13, 28, 75, 87        36, 15, 7, 14       
                                127, 141, 213, 219    17, 3, 5, 20        
                                296, 393, 568, 570    12, 4, 20, 21       
                                570, 582, 605, 625    28, 25, 7, 13       
                                657, 658, 704         28, 28, 15          
хяналт шалгалт                  15, 16, 129, 139      22, 22, 6, 11       
                                235, 439, 457, 459    14, 6, 14, 5        
                                554, 555, 564, 564    15, 15, 6, 23       
байгууллага                     19, 44, 63, 64        10, 13, 14, 9       
                                65, 65, 66, 67        2, 13, 10, 6        
                                69, 81, 86, 122       2, 3, 10, 8         
                                127, 131, 210, 219    10, 11, 20, 11      
                                226, 227, 229, 231    17, 16, 8, 20       
                                235, 237, 239, 319    16, 2, 2, 8         
                                392, 409, 428, 439    15, 6, 12, 17       
                                442, 457, 503, 558    39, 26, 13, 25      
                                594, 617, 618, 621    6, 3, 3, 10         
                                622, 633, 633, 636    10, 9, 16, 8        
                                637, 641, 642, 667    2, 3, 3, 3          
                                671, 686, 718, 722    11, 31, 29, 19      
                                722, 723              24, 14              
байгууллаг                      19, 44, 63, 64        10, 13, 14, 9       
                                65, 65, 66, 67        2, 13, 10, 6        
                                69, 81, 86, 122       2, 3, 10, 8         
                                127, 131, 210, 219    10, 11, 20, 11      
                                226, 227, 229, 231    17, 16, 8, 20       
                                235, 237, 239, 319    16, 2, 2, 8         
                                392, 409, 428, 439    15, 6, 12, 17       
                                442, 457, 503, 558    39, 26, 13, 25      
                                594, 617, 618, 621    6, 3, 3, 10         
                                622, 633, 633, 636    10, 9, 16, 8        
                                637, 641, 642, 667    2, 3, 3, 3          
                                671, 686, 718, 722    11, 31, 29, 19      
                                722, 723              24, 14              
баар                            22, 23, 26, 27        17, 6, 6, 9         
                                32, 36, 41, 44        14, 26, 16, 19      
                                45, 45, 80, 87        7, 43, 6, 23        
                                97, 99, 100, 106      19, 8, 7, 7         
                                109, 143, 162, 182    11, 23, 13, 12      
                                191, 214, 219, 329    22, 22, 16, 2       
                                399, 403, 425, 438    8, 17, 36, 14       
                                440, 442, 444, 445    19, 19, 12, 10      
                                446, 461, 473, 476    10, 10, 17, 5       
                                478, 499, 499, 499    16, 16, 36, 42      
                                500, 500, 500, 502    16, 36, 42, 10      
                                515, 530, 560, 562    11, 16, 31, 9       
                                564, 566, 570, 582    12, 7, 24, 21       
                                583, 586, 598, 601    13, 33, 17, 13      
                                602, 603, 605, 608    12, 6, 15, 12       
                                609, 609, 611, 653    11, 22, 37, 7       
                                689, 690, 691, 699    9, 15, 8, 16        
                                707, 716              17, 8               
нээлт                           22, 181, 201, 205     19, 7, 3, 11        
санал                           22, 22, 53, 55        24, 35, 10, 21      
                                59, 59, 60, 61        10, 12, 12, 4       
                                62, 64, 73, 79        5, 11, 30, 19       
                                80, 82, 83, 84        15, 11, 12, 23      
                                84, 84, 84, 98        33, 35, 47, 10      
                                98, 98, 106, 106      23, 33, 9, 16       
                                113, 114, 114, 119    14, 12, 19, 6       
                                131, 135, 139, 146    17, 10, 21, 22      
                                164, 187, 203, 205    5, 19, 6, 19        
                                211, 217, 218, 221    25, 10, 14, 19      
                                223, 224, 225, 228    14, 6, 10, 23       
                                230, 232, 239, 326    11, 9, 24, 3        
                                390, 396, 404, 413    18, 11, 12, 11      
                                425, 438, 442, 442    12, 10, 46, 48      
                                444, 447, 447, 449    10, 10, 27, 12      
                                454, 481, 490, 491    35, 12, 19, 16      
                                492, 526, 536, 537    8, 14, 20, 10       
                                537, 538, 538, 541    26, 5, 23, 28       
                                558, 558, 560, 560    36, 44, 22, 23      
                                560, 562, 564, 566    33, 6, 9, 4         
                                570, 570, 572, 580    5, 25, 5, 30        
                                625, 653, 667, 690    16, 14, 6, 21       
                                699, 716, 718         11, 19, 14          
тал                             22, 64, 66, 86        28, 7, 8, 7         
                                129, 143, 219, 223    18, 25, 18, 13      
                                231, 232, 442, 491    12, 8, 33, 7        
                                494, 558, 604, 670    6, 33, 4, 10        
                                679, 680, 722         18, 26, 33          
талууд                          22, 64, 66, 86        28, 7, 8, 7         
                                129, 143, 219, 223    18, 25, 18, 13      
                                231, 232, 442, 491    12, 8, 33, 7        
                                494, 558, 604, 670    6, 33, 4, 10        
                                679, 680, 722         18, 26, 33          
төсөв                           26, 139, 340, 395     12, 44, 4, 13       
                                502, 575, 576, 598    24, 5, 5, 11        
                                599, 600, 601, 608    4, 16, 11, 17       
                                713, 714, 716         6, 4, 16            
тоног төхөөрөмж                 27                    16                  
ажл                             27, 37, 58, 63        6, 7, 8, 9          
                                82, 83, 111, 117      15, 27, 6, 12       
                                122, 125, 127, 129    4, 6, 6, 8          
                                130, 131, 139, 142    14, 7, 13, 17       
                                147, 151, 210, 226    41, 8, 16, 13       
                                227, 229, 232, 233    12, 4, 22, 19       
                                235, 235, 386, 387    5, 23, 5, 3         
                                391, 410, 411, 439    12, 4, 3, 20        
                                497, 498, 499, 499    5, 2, 13, 24        
                                499, 500, 500, 500    48, 13, 24, 48      
                                502, 503, 518, 562    11, 8, 17, 3        
                                645, 646, 655, 656    13, 13, 4, 8        
                                664, 665, 669, 687    13, 23, 11, 25      
                                690, 694, 696, 698    12, 6, 5, 6         
                                700, 708, 709, 710    9, 7, 16, 5         
                                711, 711, 712         5, 12, 5            
хэвлэмэл хуудас                 28, 393, 582          6, 7, 9             
бэлэг                           28, 28, 29, 29        8, 11, 4, 11        
                                325, 637              2, 11               
бэлг                            28, 28, 29, 29        8, 11, 4, 11        
                                325, 637              2, 11               
шийдвэр                         31, 32, 32, 33        6, 12, 19, 9        
                                34, 34, 35, 35        5, 10, 7, 43        
                                36, 64, 66, 85        6, 6, 6, 7          
                                86, 97, 121, 133      11, 50, 8, 8        
                                134, 143, 176, 192    28, 27, 11, 23      
                                214, 226, 231, 233    14, 6, 10, 15       
                                447, 447, 473, 481    11, 28, 6, 14       
                                481, 510, 517, 525    26, 4, 26, 8        
                                529, 530, 536, 560    6, 18, 23, 12       
                                594, 624, 635, 663    7, 28, 3, 7         
                                674, 698              6, 11               
тогтоол                         32, 84, 86, 97        20, 52, 27, 17      
                                98, 106, 114, 146     48, 28, 36, 38      
                                148, 182, 221, 229    22, 10, 37, 23      
                                238, 391, 392, 439    7, 19, 25, 25       
                                449, 454, 522, 523    25, 43, 22, 22      
                                524, 524, 530, 625    6, 29, 7, 24        
мэдээлэл                        33, 34, 36, 66        13, 12, 19, 13      
                                67, 207, 214, 219     16, 13, 26, 12      
                                227, 439, 455, 542    8, 11, 24, 9        
                                543, 634, 666, 700    19, 11, 5, 5        
мэдээлл                         36, 169, 219, 227     8, 6, 10, 18        
                                228, 229, 231, 328    6, 10, 26, 2        
                                397, 583, 670, 670    13, 25, 17, 21      
                                682                   7                   
нийтлэх                         37, 663               6, 12               
газар                           37, 37, 79, 120       12, 15, 8, 3        
                                271, 392, 397, 451    4, 12, 22, 18       
                                502, 548, 548, 579    8, 30, 48, 7        
                                586, 598, 605, 633    49, 9, 10, 7        
                                651, 652, 653, 654    4, 20, 2, 7         
                                655, 661, 671, 711    2, 5, 7, 16         
                                714, 716, 717, 718    13, 6, 2, 2         
                                719                   2                   
улсын их хурлын нийт гишүүн     41                    19                  
гишүүн                          41, 42, 43, 44        14, 17, 6, 4        
                                44, 45, 61, 63        6, 6, 19, 5         
                                74, 81, 85, 87        5, 4, 14, 7         
                                93, 94, 97, 97        14, 4, 7, 25        
                                98, 98, 98, 102       22, 32, 40, 14      
                                106, 116, 208, 209    8, 5, 21, 20        
                                209, 209, 239, 399    31, 42, 13, 9       
                                404, 442, 443, 477    23, 17, 5, 3        
                                477, 479, 545, 582    13, 5, 20, 15       
                                586, 588, 593, 598    43, 5, 8, 15        
                                601, 608, 609, 611    7, 4, 18, 7         
                                614, 621, 622, 624    5, 3, 3, 5          
                                625                   6                   
улсын их хурлыг бүрэн эрхээ хэрэгжүүлэх бүрэлдэхүүнтэй  42                    26                  
ээлжит сонгуули                 42, 164, 218, 518     4, 3, 4, 21         
                                519                   26                  
ээлжит сонгуул                  42, 164, 218, 518     4, 3, 4, 21         
                                519                   26                  
иргэн                           44, 45, 356, 439      21, 13, 2, 16       
                                548, 562, 564, 566    18, 13, 16, 11      
                                637, 667              3, 2                
ашиг сонирхлын зөрчл            45, 686               31, 20              
авлига                          45                    30                  
авлиг                           45                    30                  
мэдээ                           45, 231, 607, 671     42, 15, 4, 13       
                                673                   9                   
улсын их хурлын бусад шийдвэрийн төсөл  51, 63, 64, 130       2, 34, 24, 2        
                                439, 490, 536, 580    27, 4, 10, 34       
                                657, 658, 660, 679    7, 7, 2, 7          
                                680                   4                   
улсын их хурлын бусад шийдвэрийн төсл  53, 132, 134, 208     3, 6, 18, 5         
                                209, 211, 212, 221    5, 14, 11, 11       
                                223, 232, 545, 548    7, 2, 10, 40        
                                670                   4                   
баримт бичиг                    55, 130, 392, 432     4, 9, 2, 18         
                                548, 665, 668, 671    12, 19, 11, 14      
баримт бичг                     55, 130, 392, 432     4, 9, 2, 18         
                                548, 665, 668, 671    12, 19, 11, 14      
улсын төсв                      55, 589, 604, 718     6, 13, 16, 19       
                                719                   8                   
тушаал                          57, 60, 575, 576      19, 8, 11, 11       
                                586, 611, 611, 612    13, 27, 34, 9       
                                613, 615, 617, 618    8, 6, 6, 6          
                                621, 622, 624, 624    21, 21, 15, 26      
                                641, 642, 683, 683    6, 6, 7, 14         
                                684, 691              7, 11               
хүсэлт                          58, 91, 111, 134      10, 5, 8, 11        
                                147, 147, 670         27, 34, 13          
илтгэл                          60                    9                   
газр                            63, 74, 121, 128      4, 4, 2, 2          
                                173, 173, 174, 175    2, 7, 2, 4          
                                208, 208, 208, 209    2, 19, 27, 2        
                                209, 209, 209, 214    19, 30, 41, 2       
                                227, 296, 339, 341    6, 2, 2, 6          
                                485, 607, 608, 608    18, 6, 3, 7         
                                611, 614, 625, 654    13, 4, 5, 2         
                                665, 668, 683, 684    5, 5, 2, 2          
                                685, 687, 689, 695    2, 22, 7, 2         
                                696, 699, 703, 705    2, 2, 2, 2          
                                706, 706, 707         8, 16, 2            
өргөдөл                         65, 298, 667          4, 7, 5             
гомдл                           65, 298, 667          5, 8, 7             
тайлбар                         67, 208, 240, 439     15, 35, 7, 18       
                                455, 543              18, 8               
даруй                           68, 81                8, 22               
тохиолдол                       70, 78, 87, 89        8, 8, 6, 2          
                                97, 97, 97, 97        6, 14, 24, 40       
                                110, 404, 487, 506    32, 10, 7, 5        
                                521, 525, 560, 580    2, 3, 37, 9         
                                588, 590, 592         4, 9, 4             
дүрэм                           71                    8                   
хүн                             72, 421, 435, 631     9, 11, 7, 3         
                                632                   3                   
ашиг сонирхлын зөрчил           73, 414, 645, 646     23, 7, 3, 3         
гэр бүл                         73, 586               13, 54              
холбоо                          73, 134, 143, 189     7, 7, 17, 14        
                                193, 198, 202, 228    10, 10, 8, 22       
                                303, 454, 502, 545    2, 14, 17, 8        
                                580, 583, 600, 621    23, 8, 9, 18        
                                622, 634, 665         18, 10, 18          
орлого                          73, 75, 294, 431      17, 2, 3, 12        
орлог                           73, 75, 294, 431      17, 2, 3, 12        
мэдүүлг                         75, 294, 455          3, 4, 19            
мэдүүлэг                        75, 294, 455          3, 4, 19            
гэмт хэрэг                      79, 95, 580           6, 2, 3             
гэмт хэрг                       79, 95, 580           6, 2, 3             
нотлох баримт                   79, 455, 459, 461     9, 21, 8, 13        
                                461                   18                  
прокурор                        79, 80, 86, 210       22, 9, 16, 12       
этгээд                          80, 134, 306, 385     3, 2, 5, 2          
                                530, 543, 543, 548    17, 13, 29, 17      
чуулганы хуралдаан              83, 139, 142, 208     23, 35, 4, 11       
                                209, 210, 725         11, 31, 15          
дүгнэлт                         84, 92, 93, 94        24, 11, 19, 15      
                                98, 112, 114, 211     11, 11, 13, 26      
                                221, 223, 224, 225    20, 15, 7, 11       
                                230, 232, 425, 438    12, 10, 13, 11      
                                442, 490, 541, 541    49, 20, 12, 24      
                                541, 680, 722, 723    29, 32, 35, 15      
тээврийн хэрэгсэл               87, 634               21, 12              
шүүх                            87, 95, 210, 457      13, 7, 7, 21        
                                461, 461              7, 23               
захиргаа                        87, 320, 323, 356     15, 2, 4, 3         
                                548, 703, 718         19, 3, 27           
гэрээ                           87, 338, 484, 596     18, 9, 26, 28       
өр                              87, 598               20, 20              
эмнэлэг                         92, 591, 594          10, 6, 5            
эмнэлг                          92, 591, 594          10, 6, 5            
шийтгэх тогтоол                 95                    10                  
эвсл                            100, 102, 139, 139    13, 12, 2, 17       
                                140, 142, 146, 147    10, 11, 15, 32      
                                148, 150, 161, 169    6, 6, 11, 2         
                                212, 213, 401, 471    2, 2, 14, 5         
                                474, 480, 483, 484    16, 11, 5, 25       
                                484, 485, 486, 486    29, 5, 5, 13        
                                487, 661, 662, 714    8, 11, 7, 10        
                                716                   12                  
эвсэл                           101, 101, 101, 101    4, 13, 16, 28       
                                104, 105, 105, 165    6, 4, 17, 19        
                                470, 473, 478, 484    14, 2, 9, 17        
                                485, 486, 487, 487    9, 9, 5, 12         
                                507, 508              7, 10               
зөвлөл                          119, 136, 139, 139    5, 11, 59, 61       
                                140, 181, 217, 218    32, 10, 9, 13       
                                321, 395, 638, 638    15, 6, 17, 20       
                                717                   8                   
төсвийн ерөнхийлөн захирагч     123, 701              4, 13               
удирдамж@@                      129                   12                  
зөвлөх                          133, 603, 609, 611    5, 4, 20, 22        
                                689, 697, 699         14, 6, 14           
захирамж                        136, 138, 181, 182    13, 12, 16, 30      
                                188, 189, 199, 404    16, 9, 9, 18        
                                582, 692              30, 7               
хяналт тавих                    152, 299              13, 7               
зарлаг                          164, 165, 192, 192    14, 7, 8, 18        
                                193, 193, 195, 431    4, 8, 26, 2         
                                431, 438, 530         13, 2, 14           
зарлиг                          164, 165, 192, 192    14, 7, 8, 18        
                                193, 193, 195, 431    4, 8, 26, 2         
                                431, 438, 530         13, 2, 14           
зарлг                           164, 165, 192, 192    14, 7, 8, 18        
                                193, 193, 195, 431    4, 8, 26, 2         
                                431, 438, 530         13, 2, 14           
зарлага                         164, 165, 192, 192    14, 7, 8, 18        
                                193, 193, 195, 431    4, 8, 26, 2         
                                431, 438, 530         13, 2, 14           
хуулийн төсл                    173, 539              10, 5               
танилцуулг                      174                   8                   
танилцуулга                     174                   8                   
ажлын өдөр                      179, 180, 206         25, 11, 16          
дайны байдал                    191, 192, 194, 195    8, 3, 18, 22        
ой                              198, 270              12, 4               
нийтлэг журам                   200                   5                   
төрийн нууц                     202, 430              6, 5                
төсл                            208, 391, 524, 566    24, 7, 7, 2         
шүүгч                           210                   9                   
ажил                            210, 214, 272, 498    27, 3, 8, 5         
                                499, 499, 500, 500    26, 50, 26, 50      
                                575, 576, 586, 586    9, 9, 11, 20        
                                586, 593, 612, 613    35, 12, 7, 6        
                                616, 624, 624, 634    5, 13, 24, 26       
                                640, 651, 677, 693    7, 7, 23, 8         
дүрм                            213, 499, 500, 653    7, 21, 21, 9        
тэмдэглэл                       214, 215, 394, 664    12, 7, 6, 10        
                                698                   9                   
төсөл                           214, 221, 522, 523    15, 38, 23, 23      
                                678, 718, 719         13, 21, 10          
мэргэжил                        214, 235, 579, 652    17, 7, 8, 6         
                                656, 678, 681, 685    11, 18, 9, 5        
                                704                   6                   
хууль санаачлагч                221                   6                   
тайлан                          227, 228, 229, 231    17, 5, 9, 14        
                                459, 461, 467, 540    12, 5, 5, 13        
                                707, 722, 722, 723    5, 25, 32, 6        
хэлэлцээр                       228                   7                   
тусгай мэдлг                    232                   12                  
тусгай мэдлэг                   232                   12                  
мэргэшил                        232, 690              14, 8               
шинжээч                         232, 235, 455, 463    19, 19, 15, 12      
мэргэжилтн                      232, 235, 240         20, 20, 6           
өргөдл                          237, 239              4, 15               
удирдлаг                        239, 323, 370, 419    12, 9, 3, 6         
                                428, 428, 428, 700    2, 11, 15, 10       
удирдлага                       239, 323, 370, 419    12, 9, 3, 6         
                                428, 428, 428, 700    2, 11, 15, 10       
хүнс                            244, 264, 265, 418    3, 3, 6, 3          
спорт                           245, 282, 288         5, 5, 4             
үндэсний аюулгүй байдал         257                   3                   
батлан хамгаалах                258                   3                   
зэвсэгт хүчин                   258                   5                   
олон улсын байгууллаг           261, 262, 621, 622    3, 8, 5, 5          
олон улсын байгууллага          261, 262, 621, 622    3, 8, 5, 5          
төлөөлөгчийн газр               261                   9                   
олон улсын гэрээ                262                   3                   
цацрагийн хамгаалалт, аюулгүй байдл  263                   4                   
үр                              265, 306, 385         3, 7, 4             
хөгжлийн бодлого                267, 311, 333, 432    2, 3, 2, 15         
                                434, 435, 548         9, 9, 8             
хөгжлийн бодлог                 267, 311, 333, 432    2, 3, 2, 15         
                                434, 435, 548         9, 9, 8             
эрүүл мэндийг хамгаалах         269                   7                   
мал                             269                   4                   
сан                             269, 280, 339, 543    6, 2, 4, 17         
                                606                   4                   
ус                              270                   5                   
амьтан                          270                   6                   
ургамал                         270                   7                   
агаар                           270, 426, 722, 722    8, 13, 17, 22       
                                722, 723              34, 12              
тариалангийн газар              271                   6                   
бэлчээр                         271                   5                   
эрэл                            272, 372              5, 5                
хайгуул                         272, 372              6, 6                
ашиглалт                        272, 372              7, 7                
усны бохирдол                   275                   4                   
зохицуулалт                     280, 370, 378, 427    5, 4, 6, 16         
                                428, 434, 435         20, 11, 11          
кадастрын зураглал              281                   2                   
биеийн тамир                    288                   2                   
хөрөнгө                         294, 602              2, 21               
хөрөнг                          294, 602              2, 21               
төсв                            295, 431, 495, 504    6, 14, 2, 2         
                                605, 609, 629, 661    2, 7, 2, 18         
                                702, 714, 715, 716    8, 20, 6, 4         
                                717, 718, 718, 718    11, 8, 16, 23       
                                720, 721, 723         6, 4, 4             
технологи                       302, 304, 305         2, 2, 4             
технолог                        302, 304, 305         2, 2, 4             
инноваци                        304, 570              4, 29               
инновац                         304, 570              4, 29               
зах зээл                        307                   6                   
бүтээгдэхүүн                    307                   2                   
үйлчилгээ                       307, 593, 595, 675    3, 10, 19, 4        
нийгмийн даатгал                312                   3                   
хөдөлмөрийн харилцаа            313                   4                   
сум                             321, 598              6, 3                
нийслэл                         321, 598              7, 2                
нэгж                            323, 654              7, 5                
төрийн бус байгууллаг           329                   3                   
төрийн бус байгууллага          329                   3                   
нэгдсэн төсөв                   335                   2                   
зээл                            336, 338, 371, 427    3, 8, 4, 13         
санхүүгийн байгууллаг           338                   5                   
санхүүгийн байгууллага          338                   5                   
хэлцэл                          338                   10                  
үнэт цаас                       341, 369, 632         8, 8, 7             
урьдчилан сэргийлэх             350, 686              4, 23               
шүүхийн шийдвэр                 354                   6                   
барааны тэмдг                   358                   4                   
барааны тэмдэг                  358                   4                   
зохиогч                         358                   2                   
эд хөрөнгийн эрхийн улсын бүртгэл  363                   4                   
хуулийн этгээд                  363, 653              2, 4                
банк                            368                   4                   
хөрөнгө оруулалт                371, 374, 427         2, 2, 11            
суурь судалгаа                  372                   3                   
хэмжил                          377                   2                   
баталгаажуулалт                 377                   5                   
статистикийн үйл ажиллагаа      378                   3                   
хот байгуулалт                  379                   2                   
эрчим хүч                       380                   2                   
шуудан                          381, 583              3, 21               
сууц                            382                   2                   
үйл ажиллагааны зардл           395                   3                   
төсвийн шууд захирагч           396, 701              4, 4                
мэргэжл                         397, 585              9, 5                
агаарын бохирдл                 418                   9                   
сонгогч                         419, 429, 604         13, 9, 6            
жагсаал                         419, 429, 429, 473    15, 3, 11, 10       
төсвийн зарлаг                  420, 444, 504         4, 13, 4            
төсвийн зарлага                 420, 444, 504         4, 13, 4            
төсвийн  зарлага                420, 444, 504         4, 13, 4            
усны бохирдл                    426                   15                  
хөрс                            426                   14                  
төлөвшил                        428                   13                  
улсын хил хамгаалалт            430                   17                  
гүйцэтгэх ажл                   430                   11                  
орон нутгийн төсв               431                   9                   
нийтийн ашиг сонирхл            454                   15                  
гэрч                            455, 463              10, 11              
шалгагч                         455, 463              14, 14              
заавар                          457                   36                  
журам                           463, 690              10, 36              
ажилтн                          498, 687, 699, 712    4, 23, 8, 7         
нөхөн сонгууль                  508                   4                   
ээлжит сонгууль                 516, 517, 517         14, 4, 23           
засгийн газрын үйл ажиллагааны хөтөлбөр  540                   4                   
үндэсний аюулгүй байдл          540                   28                  
улсын төсөв                     540, 548, 679         9, 4, 14            
улсын  төсөв                    540, 548, 679         9, 4, 14            
зөвлөмж                         541, 541, 679         5, 25, 22           
төрийн алба                     543, 690, 690         30, 9, 29           
төрийн алб                      543, 690, 690         30, 9, 29           
мэдэгдэл                        548                   3                   
хууль санаачлах эрх             550                   6                   
цахим хуудас                    558, 558              46, 61              
хөдөлгөөн                       558                   50                  
төрийн байгууллага              578                   6                   
төрийн байгууллаг               578                   6                   
тусгай хэрэглээний              583                   6                   
захидал, харилцаа               583                   22                  
нэмэгдэл                        586, 600, 705         28, 3, 13           
тэтгэмж                         586, 586, 587, 591    32, 42, 10, 10      
зам                             586                   57                  
ачаа                            586                   59                  
тээш                            586                   60                  
тариф                           586                   64                  
даатгалын хураамж               589                   11                  
эрүүл мэнд                      590                   6                   
тэтгэвэр                        592                   11                  
итгэмжлэл                       594                   3                   
эрүүл мэндийн нууц              597                   9                   
мэргэжилтэн                     597                   2                   
төлбөр                          604                   15                  
зөвшөөрөл                       605                   13                  
гүйцэтгэх удирдлага             621, 622              11, 11              
гүйцэтгэх удирдлаг              621, 622              11, 11              
хувийн ашиг сонирхл             631, 686              6, 16               
эд хөрөнгө                      632                   9                   
эд хөрөнг                       632                   9                   
давуу байдал                    632                   16                  
аж ахуйн нэгж                   633, 638              13, 12              
бусад этгээд                    634                   16                  
ашиг хонжоо                     634                   19                  
компани                         634                   25                  
компан                          634                   25                  
аж ахуй эрхлэгч                 638                   7                   
номын сан                       654, 675              12, 2               
архив                           665                   11                  
шугам                           668                   17                  
мэдээллийн сан                  672                   5                   
хуулийн төсөл                   677                   15                  
дунд хугацааны төсвийн хүрээний мэдэгдл  678                   8                   
төсвийн төсөл                   678                   6                   
нэгжийн удирдлага               687                   17                  
нэгжийн удирдлаг                687                   17                  
захиргааны албан тушаалтан      689                   16                  
төсвийн төсл                    702, 717, 718, 719    4, 6, 6, 6          
ажилтан                         711                   7                   
арга хэмжээ                     714                   18                  
санхүүгийн тайлан               722                   6                   
