File: MNCLW00063.txt
Search Method: Trie (MWE + Single-Word)
Total runtime: 0.015993s
Found terms: 676

Term                            Line                  Word Place          

үйл ажиллагаа                   7, 12, 13, 14         4, 9, 7, 7          
                                15, 21, 23, 23        5, 6, 13, 30        
                                27, 28, 32, 33        5, 5, 34, 34        
                                40, 41, 42, 43        16, 16, 36, 36      
                                52, 53, 55, 56        4, 4, 5, 7          
                                57, 60, 61, 62        5, 22, 6, 5         
                                62, 75, 78, 102       9, 9, 6, 7          
                                104, 111, 112, 115    13, 7, 7, 5         
                                116, 120, 131, 132    5, 8, 10, 10        
                                141, 145, 146, 148    6, 5, 5, 7          
                                149, 150, 152, 153    4, 4, 3, 3          
                                158, 159, 160, 163    12, 12, 11, 7       
                                170, 171, 189, 221    19, 19, 31, 22      
                                222, 233, 234, 247    22, 21, 21, 4       
                                248, 249              4, 7                
банк                            7, 12, 13, 14         1, 6, 4, 4          
                                15, 23, 27, 28        2, 2, 2, 2          
                                52, 53, 55, 56        1, 1, 2, 4          
                                57, 60, 62, 94        2, 19, 2, 3         
                                95, 96, 97, 98        3, 3, 3, 24         
                                99, 102, 104, 111     24, 4, 10, 4        
                                112, 113, 114, 115    4, 3, 3, 2          
                                116, 120, 129, 130    2, 5, 2, 2          
                                136, 139, 140, 140    2, 4, 2, 12         
                                141, 142, 145, 146    18, 2, 1, 1         
                                148, 158, 159, 161    2, 2, 2, 2          
                                161, 161, 163, 164    16, 32, 4, 24       
                                165, 166, 166, 166    12, 2, 18, 42       
                                168, 169, 170, 171    2, 2, 14, 14        
                                179, 180, 181, 189    9, 9, 12, 4         
                                189, 192, 193, 195    24, 2, 2, 2         
                                203, 205, 205, 212    2, 2, 16, 14        
                                215, 217, 221, 221    12, 6, 3, 9         
                                222, 222, 223, 233    3, 9, 4, 17         
                                234, 236, 237, 238    17, 16, 16, 13      
                                244, 247, 248, 249    18, 1, 1, 4         
                                252, 260, 261         2, 9, 9             
нийтлэх                         9, 10, 208            1, 1, 9             
банк бус санхүүгийн үйл ажиллагаа эрхлэх этгээд  12, 46, 47, 54        15, 2, 2, 4         
                                81, 82, 108, 109      2, 2, 2, 2          
                                123, 125, 126, 147    2, 4, 2, 4          
                                181, 207, 208, 250    2, 2, 2, 13         
удирдлага                       12, 98, 99, 113       22, 28, 28, 7       
                                114, 129, 130         7, 6, 6             
зохиогч                         12, 129, 130          23, 7, 7            
зөвшөөрөл                       12, 15, 21, 27        29, 31, 11, 11      
                                28, 57, 78, 78        11, 11, 9, 12       
                                102, 104, 120, 123    10, 16, 2, 18       
                                142, 195, 225, 228    11, 20, 8, 10       
                                241, 244              26, 11              
хуулийн этгээдийн улсын бүртгэл  15                    14                  
иргэн                           15, 36, 37, 44        12, 6, 6, 14        
                                45, 60, 154, 155      14, 15, 2, 2        
компани                         15, 23, 55, 126       20, 6, 10, 10       
мөрдөгч                         19, 198, 275          18, 11, 13          
үйлчлэгч                        20                    5                   
этгээд                          21, 46, 47, 78        13, 14, 14, 11      
                                104, 141, 145, 146    9, 13, 8, 8         
                                166, 170, 171         29, 13, 13          
санхүүгийн түрээсийн үйлчилгээ  23                    18                  
үнэт цаас                       23, 44, 45            4, 26, 26           
тэтгэвэр                        23                    7                   
сан                             23, 23, 85, 86        8, 27, 7, 7         
                                94, 95, 108, 109      20, 20, 10, 10      
                                127, 128, 168, 169    5, 5, 7, 7          
                                172, 189, 193, 195    3, 2, 9, 7          
                                198                   3                   
зээл                            23, 23, 40, 41        12, 29, 12, 12      
                                42, 43, 63, 160       10, 10, 2, 5        
                                164, 166, 168, 169    11, 31, 11, 11      
                                170, 171, 172, 175    3, 3, 11, 2         
                                176, 192              2, 12               
газар                           23, 23                17, 24              
төсөл                           23                    21                  
нэгж                            23, 123               22, 14              
тодорхойлолт                    25                    7                   
хэрэглэгч                       26                    3                   
аж ахуйн нэгж                   27, 28                13, 13              
үйлчилгээ                       27, 28, 32, 33        22, 22, 3, 3        
                                64                    3                   
гуравдагч этгээд                32, 33, 161           14, 14, 9           
зээлдүүлэгч                     32, 33                5, 5                
төлбөр                          32, 33, 38, 38        10, 10, 25, 29      
                                39, 39, 68, 164       25, 29, 2, 18       
                                165, 172, 189, 219    6, 4, 28, 2         
                                219, 220, 220         6, 2, 6             
үр                              32, 33, 236, 237      30, 30, 9, 9        
хариуцагч                       32, 33                33, 33              
төлбөрийн баталгаа гаргах       36, 37, 67            2, 2, 2             
цахим төлбөр тооцоо, мөнгөн гуйвуулгын үйлчилгээ  38, 39, 69            2, 2, 2             
харилцах данс                   38, 39                15, 15              
тоног төхөөрөмж                 38, 39, 90, 91        22, 22, 4, 4        
                                115, 116              10, 10              
хөрөнгө                         38, 39, 44, 45        11, 11, 17, 17      
                                94, 95, 164, 166      22, 22, 17, 37      
                                168, 169, 189, 193    9, 9, 12, 12        
гүйцэтгэгч                      38, 39, 161, 166      32, 32, 43, 13      
                                172, 174, 260, 261    6, 7, 2, 2          
гадаад валют                    40, 40, 41, 41        2, 6, 2, 6          
                                70, 172               2, 18               
гадаадын валют                  40, 40, 41, 41        2, 6, 2, 6          
                                70, 172               2, 18               
итгэлцлийн үйлчилгээ            42, 43, 71            2, 2, 2             
богино хугацаат санхүүгийн хэрэгсэлд хөрөнгө оруулалт хийх  44, 45, 72            2, 2, 2             
хуулийн этгээд                  44, 45, 55, 57        15, 15, 8, 18       
                                60, 96, 97, 154       5, 15, 15, 3        
                                155, 272              3, 5                
хөрөнгө оруулалт                44, 45                24, 24              
банк бус санхүүгийн байгууллагын актив, пассив, өөрийн хөрөнгө  48, 49                2, 2                
журам                           48, 49, 131, 132      22, 22, 13, 13      
                                134, 135, 172, 186    6, 6, 30, 27        
                                198, 208, 244, 265    12, 15, 16, 22      
төрийн бус байгууллага          60                    12                  
улсын төсөв                     60                    2                   
улсын  төсөв                    60                    2                   
төрийн байгууллага              60                    10                  
мэдээлэл                        73, 90, 91, 94        6, 9, 9, 27         
                                95, 152, 153, 161     27, 11, 11, 15      
                                208, 233, 234         12, 45, 45          
эд хөрөнгө                      75, 160               3, 3                
баримт бичиг                    77, 233, 234          5, 14, 14           
үүсгэн байгуулах баримт бичиг   81, 82                10, 10              
дүрэм                           81, 82, 96, 97        9, 9, 17, 17        
                                125                   11                  
нотлох баримт                   85, 86                12, 12              
хангагч                         85, 86, 104, 113      10, 10, 8, 14       
                                114, 115, 116, 172    14, 17, 17, 32      
                                174                   11                  
санхүүгийн тайлан               88, 89, 96, 97        4, 4, 21, 21        
                                183, 184, 201, 205    3, 3, 5, 7          
                                208, 211, 212, 233    10, 6, 7, 40        
                                234                   40                  
байгууллага                     88, 89, 98, 99        2, 2, 32, 32        
                                186, 215, 217         17, 2, 2            
ажил                            90, 91, 136           6, 6, 15            
хувьцаа                         92, 92, 93, 93        2, 7, 2, 7          
                                94, 94, 95, 95        8, 15, 8, 15        
                                96, 96, 97, 97        8, 18, 8, 18        
                                98, 99, 131, 132      22, 22, 2, 2        
                                161, 166, 189, 193    36, 6, 8, 6         
                                195, 198, 223, 225    10, 7, 8, 10        
                                230, 231, 233, 234    10, 10, 33, 33      
                                241                   10                  
санхүүгийн байгууллага          94, 95, 96, 97        5, 5, 5, 5          
                                98, 99, 113, 114      26, 26, 5, 5        
                                129, 130, 136, 139    4, 4, 4, 6          
                                140, 140, 141, 142    4, 14, 20, 4        
                                145, 146, 148, 158    3, 3, 4, 4          
                                159, 161, 161, 164    4, 4, 34, 3         
                                164, 165, 165, 166    26, 3, 14, 4        
                                166, 168, 169, 170    44, 4, 4, 16        
                                171, 179, 180, 185    16, 11, 11, 5       
                                186, 189, 189, 192    3, 6, 26, 4         
                                193, 195, 201, 203    4, 4, 3, 4          
                                205, 205, 211, 212    4, 18, 3, 16        
                                215, 217, 221, 221    14, 8, 5, 11        
                                222, 222, 223, 225    5, 11, 6, 3         
                                228, 230, 231, 233    3, 3, 3, 3          
                                233, 234, 234, 236    19, 3, 19, 3        
                                236, 237, 237, 238    18, 3, 18, 15       
                                241, 244, 244, 252    3, 3, 20, 4         
                                260, 261              11, 11              
орлого                          94, 95                17, 17              
мэдүүлэг                        94, 95                18, 18              
аудитын байгууллага             96, 97, 211, 212      23, 23, 12, 2       
                                233, 234              37, 37              
дүгнэлт                         96, 97, 212, 213      25, 25, 12, 5       
                                215, 217, 217         10, 14, 18          
санхүүгийн зохицуулах хороо     98, 99, 104, 117      17, 17, 17, 10      
                                189, 198, 205, 208    35, 13, 26, 21      
                                238, 241, 250, 252    2, 23, 2, 24        
                                265                   23                  
аюул                            115, 116              12, 12              
тохиолдол                       117, 161              9, 27               
төлөөлөгчийн газар              123                   12                  
салбар                          123, 181              11, 16              
өөрийн хөрөнгө                  127, 128, 164, 165    2, 2, 28, 16        
                                166, 166, 183, 184    46, 54, 1, 1        
                                185, 186, 186, 192    7, 5, 8, 6          
зөвлөл                          131, 132, 161, 166    9, 9, 40, 10        
                                174, 212              4, 20               
улсын бүртгэл                   136                   23                  
захиргааны байгууллага          136                   28                  
шийдвэр                         136, 223, 225, 230    12, 11, 13, 13      
                                231, 241              13, 13              
эрх бүхий этгээд                141                   9                   
зар сурталчилгаа                152, 153              8, 8                
талууд                          152, 153, 255, 256    5, 5, 7, 7          
                                260, 261              8, 8                
тал                             152, 153, 255, 256    5, 5, 7, 7          
                                260, 261              8, 8                
төлбөрийн хэрэгсэл              156, 157              6, 6                
вексель                         156, 157              4, 4                
тайлан                          158, 159, 200, 236    6, 6, 4, 21         
                                237                   21                  
харилцагч                       161, 241              7, 17               
гишүүн                          161, 166, 174         42, 12, 6           
ажилтан                         161, 166, 221, 222    45, 16, 7, 7        
холбогдох этгээд                164                   8                   
зээлдэгч                        164                   6                   
өөрийн хөрөнгийн хүрэлцээ       172                   8                   
алдагдлаас хамгаалах сан        172, 192              15, 16              
шалгуур үзүүлэлт                172                   24                  
гэрээ                           175, 176              3, 3                
өр                              175, 176              10, 10              
хүн                             179, 180, 272         7, 7, 4             
гүйцэтгэх удирдлага             181                   9                   
захиргаа                        186                   15                  
санхүүгийн тайлангийн аудит     207, 210              11, 4               
баталгаажуулах                  210                   7                   
аудитор                         211, 212, 215, 217    14, 4, 3, 3         
зөвлөх                          212, 260, 261         23, 15, 15          
даруй                           217                   22                  
арга хэмжээ                     233, 234, 252, 265    27, 27, 29, 12      
хяналт шалгалт                  249, 252              10, 7               
хяналт тавих                    250                   20                  
гэмт хэрэг                      252                   19                  
шинжээч                         252, 271              22, 10              
санал                           260, 261              16, 16              
