File: MNCLW00492.txt
Search Method: Trie (MWE + Single-Word)
Total runtime: 0.001150s
Found terms: 105

Term                            Line                  Word Place          

валют                           7, 9, 21              3, 7, 12            
сан                             7, 9, 9, 9            4, 8, 10, 55        
                                9, 11, 11, 13         66, 7, 9, 2         
                                13, 15, 15, 15        39, 1, 54, 59       
                                15, 17, 17, 19        84, 2, 7, 2         
                                19, 21, 23, 25        4, 5, 1, 4          
                                27                    5                   
банк                            7, 9, 9, 9            9, 16, 18, 67       
                                11, 15, 15, 17        10, 2, 60, 8        
                                19, 21, 21, 23        5, 3, 6, 2          
                                25, 27                5, 6                
гишүүн                          7, 9, 9, 11           19, 47, 70, 18      
                                13, 15, 15, 27        3, 30, 62, 12       
газар                           9, 11, 11, 13         3, 3, 32, 8         
                                13, 15, 25, 27        31, 46, 3, 3        
хэлэлцээр                       9, 9, 11, 11          34, 56, 13, 25      
                                15, 15, 19, 23        5, 80, 6, 6         
                                27                    9                   
байгууллага                     9, 15, 15, 15         45, 10, 29, 39      
                                15, 17                78, 17              
зөвлөл                          9, 15, 27             51, 34, 16          
тогтоол                         9, 15, 27             52, 35, 17          
гарын үсэг зурах                11                    28                  
үйл ажиллагаа                   13, 13                9, 32               
арга хэмжээ                     13                    24                  
үнэт цаас                       15, 15, 21            65, 75, 13          
журам                           15, 27                7, 32               
зээл                            15, 15                14, 23              
хөрөнгө                         15, 15                19, 41              
төлбөр                          15                    50                  
хариуцагч                       15                    56                  
гүйцэтгэгч                      15                    57                  
хүү                             15                    70                  
тохиолдол                       15                    73                  
үүрэг гүйцэтгэгч                17                    18                  
ажил                            17, 19                13, 8               
тал                             17, 25                15, 9               
талууд                          17, 25                15, 9               
харилцагч                       17                    16                  
үйлчлэгч                        23                    14                  
орлог                           25                    11                  
заавар                          27                    31                  
мөрдөгч                         29                    8                   
