File: MNCLW00309.txt
Search Method: Aho-Corasick
Total runtime: 0.002696s
Found terms: 721

Term                            Line                  Word Place          

хүү                             5, 6, 20, 189         2, 2, 293, 2        
                                215, 230, 234, 234    27, 2, 69, 253      
                                234, 238, 250, 259    342, 20, 2, 23      
                                278, 282              3, 2                
төсв                            7, 12, 12, 12         5, 10, 15, 55       
                                13, 14, 14, 14        7, 5, 9, 12         
                                18, 20, 96, 212       8, 139, 2, 8        
                                212, 214, 232, 233    11, 8, 8, 6         
                                237, 255, 257, 260    6, 8, 9, 13         
                                260, 262, 264, 264    18, 18, 4, 19       
                                266, 268, 272, 273    14, 5, 5, 5         
                                277, 281              5, 5                
орон нутгийн хөгжлийн нэгдсэн сан  12, 270, 271, 281     26, 12, 12, 7       
орон нутгийн төсөв              12, 270, 271, 272     20, 1, 1, 7         
                                273                   7                   
орон нутгийн төсв               12, 270, 271, 277     41, 7, 7, 7         
төсвийн ерөнхийлөн захирагч     12, 18, 20, 22        48, 10, 2, 1        
                                214, 215, 217, 232    10, 2, 1, 10        
                                233, 234, 237, 238    8, 2, 8, 2          
                                240                   1                   
улсын төсөв                     12, 12, 18, 212       6, 44, 4, 4         
                                214, 277              4, 10               
улсын  төсөв                    12, 12, 18, 212       6, 44, 4, 4         
                                214, 277              4, 10               
санхүүгийн дэмжлг               12, 270, 271, 272     24, 5, 5, 13        
                                273, 274              13, 4               
санхүүгийн дэмжлэг              12, 270, 271, 272     24, 5, 5, 13        
                                273, 274              13, 4               
улсын төсв                      12, 232, 233, 237     32, 4, 2, 2         
                                255, 257, 259, 270    4, 4, 13, 18        
                                271, 281, 289, 290    18, 13, 4, 4        
орлогын шилжүүлэг               12, 270, 271, 281     39, 25, 25, 20      
орлогын шилжүүлг                12, 270, 271, 281     39, 25, 25, 20      
төсвийн алдагдл                 12                    65                  
орлог                           12, 12, 12, 18        13, 17, 47, 20      
                                20, 20, 20, 20        18, 30, 42, 66      
                                20, 20, 20, 20        83, 100, 113, 128   
                                20, 20, 20, 20        156, 163, 189, 194  
                                20, 20, 20, 20        210, 216, 228, 250  
                                20, 20, 20, 20        270, 290, 304, 325  
                                20, 20, 28, 33        330, 342, 5, 9      
                                37, 49, 60, 67        9, 5, 5, 5          
                                74, 85, 112, 116      5, 5, 3, 5          
                                131, 131, 140, 145    9, 14, 9, 5         
                                152, 167, 178, 187    5, 5, 5, 5          
                                193, 202, 203, 209    5, 9, 5, 8          
                                212, 270, 271, 277    13, 11, 11, 15      
                                278                   5                   
орлого                          12, 12, 12, 18        13, 17, 47, 20      
                                20, 20, 20, 20        18, 30, 42, 66      
                                20, 20, 20, 20        83, 100, 113, 128   
                                20, 20, 20, 20        156, 163, 189, 194  
                                20, 20, 20, 20        210, 216, 228, 250  
                                20, 20, 20, 20        270, 290, 304, 325  
                                20, 20, 28, 33        330, 342, 5, 9      
                                37, 49, 60, 67        9, 5, 5, 5          
                                74, 85, 112, 116      5, 5, 3, 5          
                                131, 131, 140, 145    9, 14, 9, 5         
                                152, 167, 178, 187    5, 5, 5, 5          
                                193, 202, 203, 209    5, 9, 5, 8          
                                212, 270, 271, 277    13, 11, 11, 15      
                                278                   5                   
байгууллаг                      12, 18, 20, 20        19, 17, 16, 28      
                                20, 20, 20, 20        40, 64, 81, 98      
                                20, 20, 20, 20        111, 126, 161, 192  
                                20, 20, 20, 20        214, 226, 248, 268  
                                20, 20, 20, 20        288, 302, 328, 340  
                                28, 33, 37, 49        3, 7, 7, 3          
                                60, 67, 74, 85        3, 3, 3, 3          
                                116, 131, 145, 152    3, 12, 3, 3         
                                167, 178, 187, 193    3, 3, 3, 3          
                                203, 209, 291         3, 6, 5             
байгууллага                     12, 18, 20, 20        19, 17, 16, 28      
                                20, 20, 20, 20        40, 64, 81, 98      
                                20, 20, 20, 20        111, 126, 161, 192  
                                20, 20, 20, 20        214, 226, 248, 268  
                                20, 20, 20, 20        288, 302, 328, 340  
                                28, 33, 37, 49        3, 7, 7, 3          
                                60, 67, 74, 85        3, 3, 3, 3          
                                116, 131, 145, 152    3, 12, 3, 3         
                                167, 178, 187, 193    3, 3, 3, 3          
                                203, 209, 291         3, 6, 5             
сан                             12, 12, 12, 20        37, 57, 61, 58      
                                20, 20, 20, 20        131, 141, 145, 151  
                                43, 88, 96, 100       3, 1, 4, 3          
                                108, 215, 221, 234    1, 9, 1, 245        
                                238, 244, 260, 262    9, 1, 15, 5         
                                262, 270, 271, 281    15, 23, 23, 18      
                                281, 291              25, 14              
төсөв                           12, 20, 20, 20        51, 15, 27, 39      
                                20, 20, 20, 20        63, 80, 97, 110     
                                20, 20, 20, 20        125, 160, 191, 213  
                                20, 20, 20, 20        225, 247, 267, 287  
                                20, 20, 20, 28        301, 327, 339, 2    
                                33, 37, 49, 60        6, 6, 2, 2          
                                67, 74, 85, 116       2, 2, 2, 2          
                                131, 145, 152, 167    11, 2, 2, 2         
                                178, 187, 193, 203    2, 2, 2, 2          
                                209, 232              5, 15               
хөрөнгө                         12, 16, 17, 234       63, 9, 9, 19        
                                234, 234, 234, 234    31, 65, 86, 112     
                                234, 234, 234, 234    123, 136, 188, 200  
                                234, 234, 234, 234    217, 230, 241, 255  
                                234, 234, 234, 234    275, 287, 298, 324  
                                234, 234, 234, 234    337, 352, 372, 383  
                                234, 234, 234, 257    394, 414, 424, 6    
                                259, 260, 262, 289    15, 24, 24, 6       
                                290                   6                   
хөрөнг                          12, 16, 17, 234       63, 9, 9, 19        
                                234, 234, 234, 234    31, 65, 86, 112     
                                234, 234, 234, 234    123, 136, 188, 200  
                                234, 234, 234, 234    217, 230, 241, 255  
                                234, 234, 234, 234    275, 287, 298, 324  
                                234, 234, 234, 234    337, 352, 372, 383  
                                234, 234, 234, 257    394, 414, 424, 6    
                                259, 260, 262, 289    15, 24, 24, 6       
                                290                   6                   
этгээд                          14                    20                  
төсвийн орлого                  16, 17                5, 5                
төсвийн орлог                   16, 17                5, 5                
өрийн удирдлага                 16, 17, 268           10, 10, 10          
өрийн удирдлаг                  16, 17, 268           10, 10, 10          
зарлг                           16, 17, 281, 282      7, 7, 28, 12        
                                282, 282, 282, 282    20, 28, 36, 44      
                                282, 282, 282, 282    52, 60, 68, 76      
                                282, 282, 282, 282    84, 92, 100, 108    
                                282, 282, 282, 282    116, 124, 132, 140  
                                282, 282, 282, 282    148, 156, 164, 172  
                                282                   180                 
зарлага                         16, 17, 281, 282      7, 7, 28, 12        
                                282, 282, 282, 282    20, 28, 36, 44      
                                282, 282, 282, 282    52, 60, 68, 76      
                                282, 282, 282, 282    84, 92, 100, 108    
                                282, 282, 282, 282    116, 124, 132, 140  
                                282, 282, 282, 282    148, 156, 164, 172  
                                282                   180                 
зарлиг                          16, 17, 281, 282      7, 7, 28, 12        
                                282, 282, 282, 282    20, 28, 36, 44      
                                282, 282, 282, 282    52, 60, 68, 76      
                                282, 282, 282, 282    84, 92, 100, 108    
                                282, 282, 282, 282    116, 124, 132, 140  
                                282, 282, 282, 282    148, 156, 164, 172  
                                282                   180                 
зарлаг                          16, 17, 281, 282      7, 7, 28, 12        
                                282, 282, 282, 282    20, 28, 36, 44      
                                282, 282, 282, 282    52, 60, 68, 76      
                                282, 282, 282, 282    84, 92, 100, 108    
                                282, 282, 282, 282    116, 124, 132, 140  
                                282, 282, 282, 282    148, 156, 164, 172  
                                282                   180                 
эрүүл мэндийн даатгалын сан     20, 20, 20, 131       181, 202, 317, 1    
                                140, 202              1, 1                
санхүүгийн зохицуулах хороо     20, 37, 234           34, 1, 128          
байгаль орчин                   20, 70, 234           103, 1, 221         
аялал жуулчлал                  20, 70, 234           105, 3, 223         
төлөөлөгчийн газр               20, 81                121, 2              
гадаадын тусламж                20, 112               154, 1              
улсын бүртгэл                   20, 123               172, 1              
батлан хамгаалах                20, 136, 234          198, 1, 291         
хот байгуулалт                  20, 170, 234, 238     254, 2, 399, 29     
                                253                   2                   
ашигт малтмал                   20, 186               281, 1              
газрын тос                      20, 186               283, 3              
эрүүл мэнд                      20, 209, 234          335, 1, 376         
шүүх                            20, 33, 234, 234      22, 1, 49, 57       
зөвлөл                          20, 33, 234, 234      24, 3, 59, 95       
                                234                   142                 
зохицуулалт                     20, 42, 264, 268      53, 4, 13, 26       
газар                           20, 20, 20, 20        54, 77, 136, 149    
                                20, 20, 20, 20        175, 179, 239, 258  
                                20, 20, 20, 42        264, 285, 316, 5    
                                56, 92, 104, 123      4, 3, 3, 4          
                                127, 159, 174, 174    3, 4, 1, 7          
                                186, 201, 268         5, 5, 4             
мэргэжл                         20, 56                74, 1               
газр                            20, 20, 63, 63        90, 93, 5, 8        
                                234, 234, 234, 234    13, 118, 208, 211   
                                234, 264, 266         407, 23, 4          
эмнэлг                          20, 20, 20, 131       186, 207, 322, 6    
                                140, 202              6, 6                
эмнэлэг                         20, 20, 20, 131       186, 207, 322, 6    
                                140, 202              6, 6                
зам                             20, 20, 155, 163      231, 241, 1, 1      
                                234                   279                 
нисэх                           20, 159               237, 2              
геодези                         20, 174               261, 4              
геодез                          20, 174               261, 4              
хүн                             20, 181, 234          275, 3, 330         
хүнс                            20, 189, 215, 230     292, 1, 26, 1       
                                234, 238, 250         341, 19, 1          
үйлчилгээ                       20, 201               314, 3              
төлбөр                          214, 234, 264         18, 254, 28         
үндэсний аюулгүй байдл          234                   92                  
төрийн алба                     234                   140                 
төрийн алб                      234                   140                 
гадаад зээл                     234                   259                 
гадаадын зээл                   234                   259                 
эрчим хүч                       234                   387                 
шүүгч                           234                   51                  
комисс                          234, 234              72, 173             
прокурор                        234                   81                  
аудитор                         234                   107                 
авлиг                           234                   116                 
авлига                          234                   116                 
ажл                             234                   168                 
зээл                            234                   252                 
шилжүүлэг                       234, 234, 234, 234    316, 322, 370, 412  
                                282                   3                   
шилжүүлг                        234, 234, 234, 234    316, 322, 370, 412  
                                282                   3                   
кадастр                         234                   409                 
төсвийн  зарлага                255                   11                  
төсвийн зарлага                 255                   11                  
төсвийн зарлаг                  255                   11                  
төсөл, арга хэмжээ              257, 259, 289, 290    13, 7, 12, 14       
хөрөнгө оруулалт                257, 289              11, 10              
барилга байгууламж              257, 259, 289, 290    16, 10, 15, 17      
концесс                         259, 290              4, 11               
зээллг                          264, 264              10, 26              
зээллэг                         264, 264              10, 26              
өр                              264, 266, 266, 268    12, 6, 8, 25        
засгийн газрын өрийн удирдлаг   268                   15                  
засгийн газрын өрийн удирдлага  268                   15                  
үйл ажиллагаа                   268                   27                  
хөтөлбөр                        288, 288, 291         10, 11, 7           
үр                              288                   13                  
төсөл                           291                   6                   
сум                             291                   10                  
