File: MNCLW00558.txt
Search Method: Aho-Corasick
Total runtime: 0.003943s
Found terms: 512

Term                            Line                  Word Place          

нийтлэх                         12, 13                1, 1                
сэтгэцийн эрүүл мэндийг хамгаалах  15, 46, 47, 49        7, 1, 1, 3          
                                60                    3                   
эрүүл мэндийн тусламж, үйлчилгээ  15, 25, 30, 56        50, 10, 6, 2        
                                68, 69, 70, 71        2, 2, 4, 2          
                                78, 79, 80, 85        2, 2, 29, 2         
                                88, 89, 90, 91        4, 2, 5, 4          
                                92, 138               4, 15               
хүний эрх хамгаалагч            15                    24                  
сэтгэцийн эмгэг                 15, 15, 21, 28        12, 22, 6, 15       
                                29, 30, 31, 32        19, 16, 20, 7       
                                32, 33, 44, 51        21, 8, 13, 7        
                                54, 55, 57, 62        16, 5, 11, 7        
                                80, 84, 97, 98        3, 4, 5, 4          
                                99, 113, 114, 118     7, 1, 1, 10         
                                121, 125, 132, 133    5, 5, 1, 1          
                                138, 139, 141, 143    36, 9, 4, 6         
                                144, 145, 147         6, 21, 5            
урьдчилан сэргийлэх             15, 26, 27, 56        14, 20, 18, 23      
                                80, 136               5, 10               
хуулийн этгээд                  15, 46, 47, 59        45, 10, 10, 10      
                                60, 78, 153           9, 18, 5            
эмнэлгийн мэргэжилтэн           15, 91, 92, 138       56, 11, 12, 30      
үйл ажиллагаа                   15, 55, 61, 78        58, 27, 40, 12      
                                79, 80, 119, 138      8, 39, 4, 21        
хүн                             15, 21, 22, 24        5, 5, 12, 6         
                                25, 28, 30, 31        6, 19, 18, 3        
                                31, 32, 32, 33        22, 10, 23, 3       
                                33, 36, 40, 41        11, 22, 3, 4        
                                42, 42, 43, 53        2, 18, 2, 3         
                                54, 55, 57, 62        18, 7, 13, 9        
                                65, 66, 76, 93        3, 3, 3, 3          
                                94, 96, 97, 98        3, 3, 7, 6          
                                99, 100, 101, 104     6, 3, 3, 3          
                                109, 110, 110, 113    3, 3, 19, 3         
                                114, 115, 116, 118    3, 5, 3, 12         
                                121, 122, 123, 124    7, 5, 3, 3          
                                125, 126, 127, 128    7, 3, 3, 3          
                                129, 132, 133, 134    3, 3, 3, 5          
                                135, 137, 138, 138    3, 19, 3, 38        
                                139, 142, 143, 144    11, 5, 8, 8         
                                145, 145, 146, 147    3, 23, 5, 7         
                                153                   4                   
талууд                          15, 41, 42, 42        16, 9, 7, 22        
                                43, 49, 55, 60        7, 8, 11, 8         
                                63, 81, 83, 93        5, 23, 3, 19        
                                97, 116, 119, 124     16, 14, 8, 6        
                                137                   10                  
тал                             15, 41, 42, 42        16, 9, 7, 22        
                                43, 49, 55, 60        7, 8, 11, 8         
                                63, 81, 83, 93        5, 23, 3, 19        
                                97, 116, 119, 124     16, 14, 8, 6        
                                137                   10                  
иргэн                           15, 26, 46, 47        44, 7, 9, 9         
                                54, 59, 63, 93        10, 9, 8, 26        
                                118, 121              6, 8                
байгууллага                     15, 49, 50, 61        55, 12, 18, 7       
                                61, 85, 86, 98        34, 8, 11, 19       
                                107, 109, 110, 119    5, 18, 25, 3        
                                124, 140, 141, 143    14, 18, 14, 37      
                                144, 147, 147         24, 2, 19           
мөрдөгч                         18, 50, 61, 96        17, 25, 14, 25      
                                125                   21                  
тодорхойлолт                    19, 147               6, 3                
хэрэглэгч                       20, 95, 143, 143      3, 16, 20, 28       
эрүүл мэнд                      21, 26, 31, 116       2, 24, 32, 11       
                                129, 137              4, 20               
олон улсын ангилал              23                    5                   
зан үйлийн эмгэг                23, 27, 95            9, 15, 2            
эрүүл мэндийг дэмжих            24, 63                2, 2                
сэтгэцийн эрүүл мэнд            24, 55                11, 17              
эрүүл мэндийг хамгаалах         25, 48, 59            2, 4, 4             
зохион байгуулагч               25, 50, 51, 61        14, 28, 15, 25      
                                61, 62, 81, 98        35, 17, 34, 21      
                                128                   14                  
сэтгэцийн эрүүл мэндийн анхны тусламж  27                    22                  
хяналт тавих                    27, 29, 80, 81        31, 35, 42, 9       
                                109, 125              7, 28               
сум                             27, 29                9, 9                
эрүүл мэндийн байгууллага       28, 92, 126           9, 9, 15            
мэргэжил                        28, 28, 29, 39        13, 31, 31, 9       
                                78, 79, 79, 80        11, 7, 12, 35       
                                110, 138              17, 20              
эмнэлэг                         28, 29, 52, 52        29, 29, 12, 15      
                                74, 110, 111, 117     3, 24, 3, 5         
                                128, 128, 132, 133    4, 8, 4, 4          
                                134, 137, 138, 139    6, 26, 4, 22        
                                144, 144, 145         13, 20, 6           
эмчлэх                          29, 30, 31, 36        25, 26, 26, 18      
                                52, 74, 80, 126       2, 2, 10, 13        
                                132, 133, 134, 135    6, 6, 8, 7          
                                138, 141, 145         34, 2, 5            
сэргээн засах                   30, 31, 32, 57        27, 28, 2, 2        
                                77                    2                   
гэрээ                           30, 31, 128           21, 7, 6            
үйлчилгээ                       30, 31, 31, 31        30, 5, 30, 36       
                                32, 40, 52, 53        5, 5, 10, 41        
                                56, 57, 72, 80        33, 5, 6, 26        
                                86, 90, 97, 109       9, 13, 14, 5        
                                110, 111, 117, 125    5, 17, 7, 23        
                                144, 147              22, 14              
сувилах                         31                    27                  
аюул                            33, 104, 106, 132     5, 7, 2, 7          
                                133, 136, 139, 142    7, 4, 5, 6          
                                143, 144, 145         2, 2, 28            
ажил                            34, 51, 57, 61        2, 14, 7, 2         
                                62, 81, 128           16, 31, 13          
ажилгүй                         34                    9                   
сэтгэцийн эмч                   36, 37, 38            12, 13, 9           
хөтөлбөр                        36, 81                16, 29              
зөвшөөрөл                       36, 93, 100, 101      20, 35, 19, 19      
                                103, 125, 137, 138    8, 16, 11, 24       
сэтгэл зүйч                     37, 52                3, 22               
төрөлжсөн мэргэшил              37, 38, 86            10, 6, 4            
мэргэжилтэн                     39, 137               11, 29              
ажилтан                         40, 110               11, 11              
төрийн байгууллага              46, 47, 48            7, 7, 9             
стандарт                        50, 145               20, 12              
сэтгэцийн эрүүл мэндийг дэмжих  51, 56                3, 19               
нийгмийн ажилтан                52                    24                  
сэтгэц-нийгмийн сэргээн засах тусламж, үйлчилгээ  53, 56, 98, 145       27, 34, 8, 15       
мэргэжлийн сургалт              53                    7                   
гэр бүл                         53, 54                14, 22              
нийгмийн халамж                 53, 132, 133, 146     36, 12, 12, 7       
                                147                   8                   
арга хэмжээ                     53, 56, 110           56, 25, 41          
чадамж                          53, 54, 55, 62        5, 15, 4, 6         
                                93, 97, 118, 121      29, 4, 9, 4         
                                125                   4                   
хангагч                         53, 53, 80, 127       13, 35, 38, 8       
                                132, 133, 142, 145    9, 9, 8, 14         
                                145                   30                  
салбар                          56                    10                  
газар                           57, 96                20, 13              
дүрэм                           61                    9                   
журам                           61, 109, 140, 143     10, 9, 10, 29       
мэргэжлийн байгууллага          68, 69                7, 7                
удирдлага                       68, 69, 80, 86        10, 10, 34, 15      
тусгай зөвшөөрөл                78                    15                  
согтууруулах ундааны эргэлт     81                    6                   
тамхины хяналт                  81                    15                  
тайлан                          83                    7                   
мэдээ                           83                    8                   
мэдээлэл                        83, 100, 101, 103     10, 11, 11, 3       
                                104, 126              11, 7               
сан                             83                    12                  
тогтоол                         84                    2                   
шүүгч                           84                    3                   
шүүх                            84                    3                   
дүгнэлт                         84                    10                  
эмнэлгийн тусламж, үйлчилгээ    86                    18                  
зохиогч                         86                    13                  
төсөв                           90                    2                   
төлбөр                          90                    11                  
ачаа                            93                    13                  
этгээд                          93, 105               25, 2               
тохиолдол                       93, 94, 99, 103       30, 13, 4, 2        
                                105, 118, 126, 128    11, 5, 12, 11       
                                135, 136, 143, 144    5, 9, 10, 15        
хууль ёсны төлөөлөгч            94, 98, 123, 137      5, 14, 4, 4         
үр                              94                    22                  
эмийн бүртгэл                   96                    23                  
эм                              96, 96                6, 18               
үнэлгээ                         97, 125               17, 30              
хүний хувийн мэдээлэл           100, 101              6, 6                
захиргаа                        109, 140, 141, 143    16, 16, 12, 35      
хөдөлмөрийн аюулгүй байдал      110                   36                  
мэргэшил                        110                   15                  
нэмэгдэл                        110                   27                  
эрүүл мэндийн даатгал           111                   13                  
сэтгэл засалч                   111                   4                   
даатгуулагч                     111                   11                  
санал                           119                   9                   
гомдол                          119, 124, 125         11, 19, 32          
хүсэлт                          120                   9                   
заавар                          125                   19                  
орон байр                       127                   6                   
бараа                           128                   10                  
нийгмийн халамжийн үйлчилгээ    129                   6                   
даруй                           138                   44                  
комисс                          139                   29                  
тусгаарлах                      143, 143              16, 22              
эрүүл ахуй                      145                   9                   
тэтгэвэр                        147                   10                  
тэтгэмж                         147                   11                  
шинжээч                         152                   10                  
