File: MNCLW00006.txt
Search Method: Aho-Corasick
Total runtime: 0.002458s
Found terms: 168

Term                            Line                  Word Place          

агаарын бохирдлын төлбөр        6, 8, 25, 36          1, 8, 8, 4          
                                37, 94                23, 37              
агаар                           8                     5                   
бохирдуулагч                    8                     6                   
этгээд                          8, 22, 48             7, 18, 3            
төлбөр                          9, 10, 18, 33         5, 3, 3, 19         
                                35, 37, 43, 58        13, 27, 4, 4        
                                59, 60, 61, 64        6, 9, 13, 3         
                                83, 85, 86, 87        12, 18, 16, 13      
                                88, 89, 90, 92        10, 21, 11, 10      
                                93, 94, 95, 97        9, 11, 29, 3        
                                98, 99, 100           5, 5, 7             
мөрдөгч                         11                    17                  
тодорхойлолт                    12                    6                   
хэрэглэгч                       13, 31                3, 6                
бохирдуулах бодис               14, 40, 41, 83        2, 9, 8, 10         
түлш                            21, 85                8, 12               
зөвшөөрөл эзэмшигч              22, 30                8, 8                
зөвшөөрөл                       22, 32                16, 13              
төлбөр төлөгч                   24                    5                   
аж ахуйн нэгж                   25, 31, 32, 35        4, 9, 2, 6          
                                43, 89, 90            6, 17, 5            
иргэн                           25, 31, 35, 43        3, 8, 5, 10         
байгууллага                     25, 31, 32, 35        7, 12, 5, 9         
                                38, 39, 39, 40        13, 35, 42, 19      
                                43, 89, 90            9, 20, 8            
үйлдвэрлэгч                     27, 37, 54, 85        3, 4, 3, 6          
                                85, 89, 93, 93        13, 16, 4, 16       
агаарын бохирдлын томоохон суурин эх үүсвэр  32, 37, 95            6, 14, 15           
агаарын бохирдлын эх үүсвэр     33                    23                  
татварын улсын байцаагч         33                    10                  
улсын бүртгэлийн дугаар         33                    29                  
агаарын чанар                   33, 95, 100           14, 9, 18           
тоног төхөөрөмж                 33                    33                  
нийслэл                         33, 98, 99            2, 16, 2            
газар                           33, 35, 58, 59        5, 17, 15, 18       
                                83, 90                22, 16              
сум                             33, 41                7, 27               
мэргэжил                        33, 95, 100           16, 11, 20          
ашиглалт                        33                    37                  
мэдээлэл                        33, 108, 109          44, 7, 14           
автотээврийн болон өөрөө явагч хэрэгсэл  34, 37, 61, 62        12, 9, 1, 1         
                                87, 87, 94, 109       8, 15, 28, 4        
албан татвар                    34, 109               17, 9               
төлбөр авагч                    35                    10                  
журам                           35, 39, 90            12, 27, 14          
органик уусгагч                 37, 38, 59, 59        7, 3, 4, 9          
                                93                    6                   
захиргаа                        38, 39, 39, 40        11, 33, 40, 17      
нэгж                            39, 51, 52, 55        6, 6, 5, 6          
бохирдуулах бодисын хаягдлын стандарт  41                    10                  
агаарын бохирдлын нөхөн төлбөр  41, 48                41, 9               
мэргэжлийн байгууллага          41                    19                  
хяналт тавих                    41                    48                  
тохиолдол                       41, 85                18, 14              
дүгнэлт                         41, 95                21, 13              
байгаль орчин                   43                    11                  
сан                             43                    15                  
хохирогч                        48                    8                   
зам                             85                    5                   
стандарт                        85                    7                   
хангагч                         85, 89                9, 4                
автотээврийн хэрэгсэл           86                    14                  
ажилгүй                         88                    5                   
эрчим хүч                       89                    14                  
аюул                            89, 93                2, 13               
тусгай зөвшөөрөл                93                    17                  
гэрчилгээ                       94                    35                  
татварын алба                   98, 99                3, 3                
захиргааны байгууллага          99, 100, 101          19, 5, 9            
хуулийн этгээд                  104                   5                   
хүн                             104                   4                   
