File: MNCLW00042.txt
Search Method: Trie (MWE + Single-Word)
Total runtime: 0.014156s
Found terms: 651

Term                            Line                  Word Place          

ахмад настан                    8, 15, 16, 25         1, 5, 4, 3          
                                26, 27, 28, 29        4, 6, 16, 8         
                                30, 31, 32, 39        8, 4, 2, 4          
                                40, 41, 49, 65        7, 20, 7, 14        
                                65, 70, 71, 72        26, 7, 5, 8         
                                73, 74, 77, 80        3, 12, 5, 4         
                                84, 84, 85, 86        16, 20, 11, 22      
                                91, 94, 95, 100       4, 4, 8, 15         
                                101, 102, 104, 106    16, 13, 11, 6       
                                106, 107, 109, 110    28, 4, 8, 5         
                                110, 111, 111, 112    30, 12, 33, 14      
                                113, 114, 114, 114    9, 11, 20, 24       
                                116, 118, 119, 121    4, 13, 13, 5        
                                121, 122, 122, 123    18, 5, 14, 4        
                                124, 125, 127, 128    27, 7, 4, 4         
                                129, 130, 131, 131    4, 6, 22, 41        
                                133, 134, 135, 137    22, 9, 29, 1        
                                138, 140, 148, 148    1, 7, 10, 19        
                                148, 149, 150, 152    46, 9, 9, 8         
                                153, 154, 155, 156    10, 5, 5, 5         
                                156, 156, 156, 157    14, 28, 52, 5       
                                157, 158, 160, 166    30, 36, 8, 4        
                                166                   16                  
нийтлэх                         12, 13, 25, 164       1, 1, 5, 4          
аж ахуйн нэгж                   15, 26, 28, 75        20, 13, 7, 23       
                                102, 124, 133, 133    16, 20, 3, 16       
                                135, 145, 146, 147    6, 1, 1, 4          
                                156, 158, 161, 162    40, 9, 8, 5         
үйл ажиллагаа                   15, 26, 28, 44        27, 18, 22, 32      
                                69, 92, 121, 148      10, 17, 34, 32      
                                161, 164              14, 16              
хангагч                         15, 37, 75, 90        8, 4, 21, 5         
                                106, 121, 148, 148    32, 40, 45, 58      
                                149, 150, 152, 153    48, 48, 48, 35      
үйлчилгээ                       15, 21, 28, 28        14, 28, 4, 20       
                                41, 44, 49, 54        16, 25, 24, 4       
                                55, 56, 57, 58        3, 3, 2, 2          
                                59, 60, 61, 62        3, 5, 2, 4          
                                63, 64, 65, 66        5, 5, 24, 14        
                                67, 68, 70, 70        17, 6, 22, 29       
                                71, 73, 74, 75        16, 11, 20, 5       
                                75, 78, 79, 112       36, 7, 9, 24        
                                134, 135, 135, 137    7, 18, 26, 4        
                                138, 139, 142, 142    4, 9, 5, 36         
                                143, 152, 156, 160    3, 29, 19, 31       
байгууллага                     15, 25, 25, 26        23, 2, 14, 16       
                                44, 65, 65, 69        12, 6, 12, 8        
                                74, 75, 79, 86        6, 12, 4, 21        
                                92, 97, 98, 100       7, 18, 18, 4        
                                101, 102, 104, 106    7, 19, 4, 4         
                                106, 110, 118, 119    9, 8, 31, 31        
                                124, 133, 133, 133    23, 6, 19, 35       
                                140, 145, 146, 147    13, 4, 4, 7         
                                148, 149, 150, 152    9, 8, 8, 7          
                                153, 156, 156, 157    4, 24, 43, 38       
                                160, 161, 162, 163    4, 11, 8, 5         
эрүүл мэндийн даатгал           17, 115               30, 16              
нийгмийн даатгал                17                    10                  
нийгмийн халамж                 17, 71, 75, 76        14, 7, 13, 11       
                                82, 113, 140, 156     37, 11, 16, 16      
гэр бүл                         17, 43                35, 11              
мөрдөгч                         18, 171               17, 12              
үйлчлэгч                        19, 20, 22, 111       5, 3, 20, 37        
                                134, 164              13, 13              
этгээд                          19, 30, 162, 168      7, 7, 21, 12        
иргэн                           20, 21, 28, 75        16, 19, 6, 22       
                                75, 76, 102, 157      39, 5, 29, 16       
                                169                   6                   
цэргийн алба                    21                    7                   
сан                             21, 26, 142, 161      3, 2, 29, 19        
тэтгэвэр                        21, 26, 41, 41        10, 7, 12, 23       
                                48, 90, 118, 118      6, 7, 3, 10         
                                119, 119, 155, 160    3, 10, 12, 11       
байнга оршин суугч              22, 111               5, 9                
гадаадын иргэн                  22                    14                  
харьяалалгүй хүн                22                    16                  
тодорхойлолт                    23, 155               7, 26               
хэрэглэгч                       24                    3                   
нэмэгдэл                        26, 160               6, 10               
тэтгэмж                         26, 29, 41, 41        8, 11, 13, 24       
                                48, 85, 85, 155       7, 7, 23, 13        
                                160                   12                  
төсөв                           26, 87, 158, 161      17, 11, 20, 13      
                                164                   32                  
орлого                          26, 42, 90, 161       20, 13, 3, 16       
хөрөнгө                         26, 102, 143, 159     28, 33, 8, 15       
                                161                   26                  
эрүүл мэнд                      27, 30, 41, 42        9, 17, 10, 6        
                                134                   4                   
төрийн үйлчилгээ                27                    16                  
төрийн бус байгууллага          28, 75, 78, 135       12, 26, 14, 3       
                                148, 164, 166         38, 19, 25          
бие даан амьдрах эрх            40                    13                  
орон байр                       41, 158               5, 34               
хүнс                            41, 67                3, 5                
үл хөдлөх эд хөрөнгө            43                    3                   
ахмад                           44, 65, 78, 112       11, 11, 22, 25      
                                121, 124, 133, 140    30, 12, 50, 12      
                                159, 159, 163         3, 7, 4             
баримт бичиг                    45                    11                  
төсөл                           45, 100, 149, 150     15, 29, 33, 33      
                                152, 153, 166         33, 24, 29          
зөвлөх                          45, 100               21, 7               
эрүүл мэндийн тусламж, үйлчилгээ  46                    3                   
үл хөдлөх хөрөнгө               48                    9                   
зөвшөөрөл                       48                    5                   
гишүүн                          49, 77                3, 26               
тусгаарлах                      49                    10                  
сувилах                         49, 60, 110, 112      23, 4, 14, 20       
                                112                   28                  
ахмад настанд үзүүлэх үйлчилгээ  51, 52, 53, 141       1, 1, 4, 6          
мэдээлэл                        55, 65, 122, 152      2, 31, 11, 21       
эмчлэх                          60                    2                   
зохион байгуулагч               64, 65, 67, 68        8, 38, 19, 12       
                                69, 95, 101, 109      12, 30, 33, 22      
                                112, 121, 156, 160    35, 28, 12, 27      
нийгмийн халамжийн үйлчилгээ    65, 74, 75, 133       3, 3, 9, 32         
гэр бүлийн гишүүн               65                    17                  
нийгмийн ажилтан                65, 74, 133           9, 9, 38            
сум                             65, 70, 74, 78        7, 9, 7, 18         
                                92, 102, 114, 131     2, 26, 14, 25       
                                133, 133, 159, 164    24, 36, 5, 29       
ус                              67                    3                   
түлш                            67, 84                4, 33               
туслагч                         67, 69, 74, 155       11, 3, 25, 23       
ажилтан                         69, 92, 97, 98        9, 8, 19, 19        
                                112                   33                  
тохиолдол                       70, 73, 110, 111      26, 2, 17, 26       
гэрээ                           70, 84                27, 30              
хүнсний бүтээгдэхүүн            72                    10                  
нийслэл                         75, 86, 87, 92        7, 3, 10, 3         
                                102, 131, 157, 158    27, 27, 2, 2        
                                164                   30                  
журам                           75, 77, 88, 105       20, 17, 28, 11      
                                125, 137, 138, 139    48, 6, 6, 11        
                                141, 161              15, 35              
сонгогч                         75                    29                  
хүсэлт                          75                    40                  
төлбөр                          75, 86, 87, 88        42, 16, 7, 26       
                                121, 121, 158         16, 39, 42          
хуулийн этгээд                  76, 169               6, 7                
мэдээллийн сан                  76, 94, 95, 100       9, 7, 5, 18         
                                101, 105              19, 7               
захиргааны байгууллага          76, 78, 88, 121       16, 12, 16, 2       
                                122, 166              2, 10               
хөрөнгө оруулалт                77, 158               3, 22               
санхүүгийн дэмжлэг              77                    12                  
газар                           77, 77, 83, 88        8, 25, 5, 7         
                                88, 90, 102, 105      30, 23, 23, 13      
                                111, 125, 133, 134    8, 50, 29, 8        
                                141, 148, 149, 150    17, 52, 42, 42      
                                152, 153, 161         42, 32, 37          
нэгжийн удирдлага               79                    20                  
нэгж                            79, 104, 106, 160     3, 3, 3, 3          
                                164                   26                  
хандив                          79                    13                  
захиргаа                        79, 100, 101, 118     17, 2, 5, 29        
                                119, 148, 149, 150    29, 7, 6, 6         
                                152, 153              5, 2                
эрүүл мэндийн даатгалын сан     82, 142               40, 37              
үнэт металл                     82                    22                  
протез                          82                    3                   
сонсогч                         82                    4                   
хөнгөлөлт                       83, 115, 115, 115     12, 3, 8, 14        
                                158                   45                  
донор                           84, 110               19, 29              
сууц                            84                    29                  
нийгмийн даатгалын сан          85                    18                  
бараа                           85                    14                  
нийтийн тээвэр                  86, 86, 86, 87        6, 19, 24, 4        
                                88                    22                  
аюул                            86                    28                  
техникийн зохицуулалт           88                    11                  
стандарт                        88                    8                   
стандартчилал                   88                    9                   
хариуцагч                       88                    14                  
хүн амын амьжиргааны доод түвшин  90                    9                   
хөдөлмөрийн хөлсний доод хэмжээ  90                    14                  
тал                             92, 110, 111, 148     23, 21, 40, 24      
                                152, 153, 154, 156    31, 22, 8, 21       
                                157                   8                   
талууд                          92, 110, 111, 148     23, 21, 40, 24      
                                152, 153, 154, 156    31, 22, 8, 21       
                                157                   8                   
бизнес инкубацийн үйлчилгээ     95                    18                  
ажилд зуучлах                   95                    10                  
нөхөрлөл                        95, 102               12, 20              
зээл                            95, 102               23, 34              
ажил                            95, 101, 156          29, 32, 11          
аж ахуй эрхлэгч                 96                    8                   
шавь сургалт                    96                    16                  
зөвлөл                          97, 98, 140           12, 12, 26          
бүтээн байгуулалт               100                   27                  
арга хэмжээ                     100, 135, 157, 160    36, 44, 10, 25      
салбар                          100, 164              6, 25               
мэргэжилтэн                     100                   8                   
мэргэжил                        100, 101, 101, 104    10, 11, 23, 6       
                                114, 148              29, 41              
хөтөлбөр                        100, 148, 152, 153    30, 28, 35, 25      
ажилгүй                         100                   34                  
зөвлөх үйлчилгээ                101                   29                  
багш                            101                   27                  
зуучлагч                        101                   31                  
шийдвэр                         102, 111, 148, 149    32, 21, 53, 43      
                                150, 152, 153         43, 43, 33          
сайн дурын ажил                 106, 106              17, 24              
эрүүл мэндийг хамгаалах         107, 108, 114         6, 3, 3             
урьдчилан сэргийлэх             109                   14                  
тээврийн хэрэгсэл               110                   18                  
эмнэлэг                         110, 111, 111, 114    7, 18, 31, 10       
дүгнэлт                         110                   9                   
рашаан                          110                   13                  
эрүүл мэндийн байгууллага       111                   15                  
төрөлжсөн мэргэшил              111                   27                  
эм                              115, 115              5, 11               
биеийн тамир                    121, 121, 160         7, 21, 22           
барилга байгууламж              121                   12                  
спорт                           121, 121, 160         9, 23, 24           
насны хишиг                     123, 125, 125, 126    8, 41, 45, 5        
бэлэг                           124, 131, 131         31, 34, 48          
үндэсний их баяр наадам         125                   24                  
улсын төсөв                     125, 164              38, 22              
улсын  төсөв                    125, 164              38, 22              
ой                              125                   30                  
холбоо                          134                   3                   
нисэх буудал                    135                   15                  
бусад газар                     135                   27                  
зогсоол                         135                   11                  
зам                             135                   13                  
ахмад настанд үзүүлэх дэмжлэг   139                   4                   
санал                           140, 156, 157, 157    14, 25, 14, 36      
нийгмийн халамжийн сан          142                   16                  
хяналт тавих                    148, 149, 150, 152    55, 45, 45, 45      
                                153, 157              37, 28              
удирдлага                       148, 158              44, 12              
эмнэлгийн тусламж, үйлчилгээ    149, 150              19, 19              
насан туршийн боловсрол         152                   26                  
төрөлжсөн асрамжийн үйлчилгээ   157                   32                  
орон сууцны дэд бүтэц           158                   16                  
орон сууц                       158, 158, 160         6, 28, 33           
үйл ажиллагааны зардал          159                   16                  
ахмадын сан                     161, 161              27, 31              
зохиогч                         162                   11                  
гүйцэтгэгч                      166                   12                  
