File: MNCLW00442.txt
Search Method: Trie (MWE + Single-Word)
Total runtime: 0.001841s
Found terms: 59

Term                            Line                  Word Place          

төрийн ордон                    5                     1                   
мөрдөгч                         6, 17, 18, 19         10, 38, 38, 27      
                                20                    27                  
журам                           6                     11                  
үйл ажиллагаа                   7, 8, 9, 9            14, 14, 4, 12       
                                10, 10, 11, 11        4, 12, 17, 27       
                                12, 12, 13, 13        17, 27, 4, 12       
                                13, 14, 14, 14        18, 4, 12, 18       
тусгай зөвшөөрөл                7, 8, 11, 12          17, 17, 20, 20      
                                13, 14                48, 48              
иргэн                           9, 10, 11, 12         10, 10, 23, 23      
                                13, 14                16, 16              
зөвшөөрөл                       9, 10, 11, 12         15, 15, 30, 30      
аж ахуйн үйл ажиллагааны тусгай зөвшөөрөл  11, 12                6, 6                
захиргаа                        11, 12, 13, 14        38, 38, 39, 39      
байгууллага                     11, 12, 13, 14        40, 40, 41, 41      
зохион байгуулагч               13, 14                46, 46              
багц цаг                        15, 16                23, 23              
нотариатч                       15, 16                17, 17              
хуульч                          15, 16                18, 18              
хангагч                         15, 16                25, 25              
