File: MNCLW00626.txt
Search Method: Aho-Corasick
Total runtime: 0.001792s
Found terms: 151

Term                            Line                  Word Place          

үйл ажиллагаа                   8, 17, 40, 41         23, 8, 5, 11        
                                45, 49, 64, 65        26, 7, 5, 6         
                                65, 68, 72            13, 6, 9            
иргэн                           8, 15                 5, 7                
хуулийн этгээдийн улсын бүртгэл  10, 36, 36, 37        12, 11, 19, 12      
зөвшөөрөл                       13, 66                14, 14              
гишүүн                          14, 15, 19, 51        3, 3, 17, 6         
                                54, 56, 72            7, 11, 6            
хангагч                         16, 37, 63, 68        8, 24, 23, 11       
мэргэжил                        17                    4                   
шинжээч                         17                    6                   
холбоо                          19, 20, 63, 63        10, 5, 6, 9         
хуулийн этгээд                  20, 76                6, 5                
захиргаа                        22, 28, 29, 52        16, 16, 6, 13       
                                53, 54, 57, 60        4, 14, 6, 15        
                                61, 62, 65, 66        8, 21, 3, 18        
                                67, 69                21, 4               
байгууллага                     22, 28, 29, 51        18, 18, 8, 5        
                                54, 60, 62, 63        20, 2, 32, 20       
                                69                    3                   
газар                           24, 63, 69            6, 16, 2            
зохиогч                         24                    11                  
мэдээ                           24, 27                13, 5               
дүрэм                           25                    3                   
улсын бүртгэлд бүртгэсэн        28, 35, 37            26, 4, 32           
өргөдөл                         28, 37                8, 7                
гэрчилгээ                       28                    29                  
шийдвэр                         29, 31, 32, 33        17, 6, 9, 14        
                                38, 53                18, 5               
тал                             31, 32, 63            7, 7, 34            
талууд                          31, 32, 63            7, 7, 34            
гомдол                          31, 33                8, 2                
захиргааны байгууллага          36, 37, 38, 41        26, 19, 8, 22       
                                45                    37                  
ажил                            37, 66, 66, 67        28, 2, 20, 2        
                                67, 67, 68, 69        30, 43, 18, 11      
улсын бүртгэл                   38, 41, 45, 45        3, 17, 32, 40       
этгээд                          38                    2                   
хөдөлмөрийн харилцаа            49                    4                   
хяналт тавих                    50                    12                  
гэрээ                           50, 60                8, 19               
шалгагч                         52                    9                   
ажилтан                         54, 55, 64, 66        8, 2, 10, 7         
                                67, 68, 68, 68        7, 5, 23, 27        
сан                             54                    9                   
мэдэгдэл                        54                    17                  
нэхэмжлэл                       55                    9                   
зохион байгуулагч               56, 58                15, 10              
санал                           56                    8                   
мэдээлэл                        57                    5                   
ажил хаялт                      58                    8                   
журам                           58, 63, 65            5, 32, 4            
жагсаал                         58                    6                   
цуглаан                         58                    7                   
ажилтны төлөөлөгчид             61                    6                   
тохиолдол                       61, 62, 67            2, 20, 20           
гүйцэтгэгч                      62, 69                25, 13              
хэлэлцээр                       63, 63                26, 30              
оролцогч                        63                    33                  
сонгогч                         66                    10                  
ажилгүй                         66, 67                16, 24              
уригч                           67                    36                  
хамтын гэрээ                    68                    24                  
эд хөрөнгө                      70, 72                6, 3                
хандив                          72                    8                   
хүн                             76                    4                   
мөрдөгч                         79                    12                  
