File: MNCLW00152.txt
Search Method: Trie (MWE + Single-Word)
Total runtime: 0.014569s
Found terms: 786

Term                            Line                  Word Place          

галт зэвсэг                     8, 9, 16, 16          1, 1, 10, 22        
                                17, 24, 25, 26        4, 3, 3, 6          
                                27, 28, 28, 30        6, 5, 30, 5         
                                33, 34, 35, 41        1, 1, 4, 8          
                                42, 43, 43, 44        6, 15, 19, 5        
                                44, 45, 46, 48        25, 4, 18, 7        
                                49, 49, 50, 52        20, 25, 4, 5        
                                55, 57, 58, 62        10, 3, 27, 1        
                                63, 64, 65, 65        1, 4, 13, 21        
                                65, 66, 66, 66        37, 19, 26, 30      
                                67, 68, 68, 69        4, 14, 49, 10       
                                70, 71, 73, 74        10, 6, 4, 10        
                                74, 75, 77, 83        30, 17, 5, 4        
                                84, 84, 91, 95        3, 15, 2, 6         
                                96, 101, 103, 105     10, 2, 8, 8         
                                107, 108, 108, 108    2, 9, 22, 40        
                                108, 110, 112, 113    43, 10, 17, 7       
                                114, 115, 118, 119    8, 17, 6, 4         
                                120, 120, 128, 132    8, 14, 3, 4         
                                133, 133, 134, 135    8, 22, 6, 8         
                                135, 137, 138, 138    21, 22, 7, 21       
                                139, 140, 141, 142    4, 6, 11, 7         
                                142, 143, 144, 145    15, 13, 14, 8       
                                146, 148, 149, 150    6, 1, 1, 4          
                                151, 151, 152, 156    6, 30, 8, 3         
                                157, 158, 159, 161    8, 2, 4, 4          
                                162, 163, 165, 166    4, 5, 11, 2         
                                167, 167, 168, 169    2, 6, 2, 6          
                                169, 170, 171, 173    15, 4, 7, 4         
                                173, 175, 177, 178    9, 7, 1, 1          
                                179, 180, 181, 181    4, 10, 15, 30       
                                182, 184, 190, 191    5, 21, 5, 10        
                                192, 192, 193, 194    19, 39, 10, 14      
                                195, 196, 201, 202    5, 6, 4, 18         
                                202, 203, 204, 204    23, 10, 8, 27       
                                205, 206, 208, 209    4, 6, 4, 10         
                                210, 211, 212, 216    18, 4, 4, 13        
                                217, 218, 220, 227    2, 2, 4, 17         
                                227, 229, 230, 231    27, 12, 6, 8        
                                232, 233, 233, 233    8, 6, 10, 25        
                                234, 234, 234, 235    6, 10, 25, 12       
                                237, 237, 238, 239    11, 21, 6, 8        
нийтлэх                         13, 14                1, 1                
галт зэвсэгтэй адилтгах хэрэгсэл  16, 27, 74, 115       13, 8, 12, 20       
                                118, 145, 151, 151    9, 16, 11, 33       
                                160, 177, 178, 183    4, 4, 4, 10         
                                191, 192, 192, 193    13, 22, 42, 13      
                                194, 195, 196, 217    17, 8, 9, 5         
хуулийн этгээд                  16, 46, 66, 74        8, 5, 7, 4          
                                80, 96, 104, 105      10, 8, 6, 5         
                                115, 120, 122, 134    12, 12, 16, 4       
                                135, 138, 144, 151    2, 5, 12, 18        
                                155, 156, 163, 164    8, 17, 2, 36        
                                165, 166, 166, 169    9, 7, 13, 2         
                                171, 171, 172, 173    2, 15, 6, 2         
                                175, 206, 209, 211    2, 2, 8, 7          
                                216, 224, 227, 231    8, 5, 11, 2         
                                235, 236              10, 11              
хяналт тавих                    16, 221               26, 8               
иргэн                           16, 42, 43, 43        7, 4, 11, 17        
                                46, 65, 65, 65        16, 8, 34, 35       
                                66, 68, 74, 74        6, 9, 3, 24         
                                77, 77, 80, 84        4, 13, 9, 10        
                                88, 95, 110, 112      2, 5, 8, 4          
                                113, 115, 120, 122    6, 11, 11, 2        
                                133, 142, 155, 158    7, 14, 7, 7         
                                164, 164, 165, 166    21, 22, 8, 6        
                                166, 171, 172, 181    12, 14, 5, 7        
                                181, 183, 192, 209    24, 9, 13, 7        
                                211, 216, 227, 235    6, 4, 10, 9         
                                236                   10                  
сум                             16, 16, 23, 31        12, 24, 10, 12      
                                41, 44, 44, 45        10, 18, 29, 6       
                                50, 53, 55, 55        10, 19, 12, 22      
                                58, 80, 81, 91        29, 3, 3, 4         
                                101, 103, 105, 108    4, 10, 10, 12       
                                110, 113, 115, 118    21, 2, 19, 8        
                                127, 133, 134, 135    3, 14, 11, 23       
                                137, 138, 148, 149    24, 23, 3, 3        
                                150, 151, 151, 155    6, 8, 32, 18        
                                156, 157, 158, 159    5, 10, 4, 6         
                                160, 161, 162, 166    3, 6, 6, 9          
                                166, 167, 167, 168    17, 4, 13, 4        
                                175, 177, 178, 179    9, 3, 3, 6          
                                180, 184, 188, 190    12, 23, 3, 7        
                                191, 192, 192, 193    12, 21, 41, 12      
                                194, 195, 196, 204    16, 7, 8, 16        
                                208, 209, 217, 236    6, 12, 4, 3         
хангагч                         16, 66, 74, 77        21, 5, 21, 12       
                                78, 129, 135, 137     6, 12, 17, 13       
                                138, 160, 164, 171    16, 30, 20, 13      
                                183, 204              6, 26               
аюул                            16, 65, 68, 71        28, 26, 19, 11      
                                74, 78, 93, 107       19, 4, 6, 7         
                                135, 137, 138, 160    14, 11, 13, 28      
                                204                   24                  
зөвшөөрөл                       18, 81, 104, 164      11, 9, 14, 44       
                                165, 182, 193, 194    6, 10, 26, 24       
                                196, 196, 197         18, 27, 5           
мөрдөгч                         20, 28                17, 20              
тодорхойлолт                    21, 87, 91, 95        7, 8, 16, 16        
                                101, 106, 167, 189    16, 8, 17, 7        
хэрэглэгч                       22, 55                3, 23               
бүрдэл                          24                    23                  
спорт                           26, 27, 41, 43        15, 12, 19, 4       
                                46, 70, 72, 78        11, 15, 10, 11      
                                80, 81, 81, 82        5, 5, 10, 16        
                                96, 105, 153, 184     4, 12, 3, 9         
                                184, 190, 229, 236    19, 12, 15, 5       
                                238                   16                  
үзмэр                           26, 43, 46, 229       16, 6, 8, 16        
цуглуулга                       26, 43, 46, 229       17, 7, 9, 17        
шүүхийн шийдвэр                 28                    11                  
тагнуулын байгууллага           28                    18                  
гүйцэтгэгч                      28, 153               13, 28              
байгууллага                     28, 47, 53, 68        16, 11, 10, 40      
                                69, 71, 71, 76        18, 15, 22, 14      
                                81, 81, 84, 91        16, 21, 25, 10      
                                95, 96, 101, 106      18, 32, 10, 7       
                                108, 108, 110, 110    3, 35, 17, 32       
                                112, 112, 113, 113    15, 28, 17, 23      
                                115, 118, 118, 130    2, 2, 17, 7         
                                136, 137, 153, 156    12, 5, 13, 31       
                                161, 163, 164, 166    17, 12, 2, 21       
                                168, 173, 175, 182    13, 14, 11, 14      
                                189, 192, 193, 194    6, 32, 22, 2        
                                196, 197, 206, 209    33, 10, 12, 20      
                                218, 221, 231, 235    8, 7, 19, 15        
                                237, 238              17, 12              
шалгагч                         28, 116               21, 9               
газар                           41, 47, 53, 58        23, 19, 6, 37       
                                58, 58, 58, 70        42, 50, 59, 22      
                                79, 82, 84, 87        17, 23, 20, 3       
                                112, 112, 122, 122    7, 23, 14, 29       
                                151, 154, 159, 160    51, 8, 19, 37       
                                180, 184, 184, 207    24, 6, 13, 11       
                                217                   21                  
гишүүн                          41, 47, 53, 58        24, 20, 7, 60       
                                70, 79, 82, 151       23, 18, 24, 52      
                                154, 159, 160, 180    9, 20, 38, 25       
                                184, 207, 217         7, 12, 22           
үйл ажиллагаа                   46, 49, 68, 70        12, 3, 30, 3        
                                80, 81, 96, 104       6, 6, 5, 3          
                                104, 105, 105, 122    11, 2, 13, 24       
                                138, 138, 155, 160    2, 29, 2, 26        
                                236                   6                   
журам                           47, 70, 76, 114       8, 14, 12, 16       
                                116, 160, 160, 160    30, 16, 22, 31      
                                174, 180, 195, 207    11, 16, 26, 5       
                                217, 228, 235         15, 6, 17           
санал                           47, 53, 81, 159       12, 11, 17, 12      
эрх бүхий хуулийн этгээд        49, 68, 70            6, 33, 6            
хууль сахиулах албаны зориулалттай галт зэвсэг  51, 53                4, 13               
шийдвэр                         53, 58, 75, 76        26, 64, 4, 9        
                                108, 184, 219         49, 34, 5           
тохиолдол                       55, 136, 140, 144     5, 6, 5, 11         
                                174, 209, 216, 232    5, 2, 12, 17        
байлдааны зориулалттай галт зэвсэг  56                    4                   
энхийг дэмжих ажиллагаа         58                    11                  
олон улсын байгууллага          58                    21                  
монгол улсын хил                58                    30                  
зохиогч                         58, 103, 160          19, 6, 24           
хүсэлт                          58, 163, 164, 184     52, 10, 7, 17       
                                186, 192, 192, 194    5, 29, 36, 7        
гэмт хэрэг                      65, 95, 141, 233      16, 8, 4, 27        
                                234                   27                  
чадамж                          65, 68                12, 13              
гэрчилгээ                       65, 66, 68, 93        30, 28, 23, 10      
                                107, 108, 119, 120    11, 45, 6, 16       
                                121, 128, 130, 158    3, 5, 3, 13         
                                164, 169, 204         42, 17, 29          
үүрэг гүйцэтгэгч                68                    45                  
ажилтан                         68, 69                25, 7               
хариуцагч                       69, 84, 96, 112       16, 23, 30, 13      
                                112, 113, 113, 203    26, 15, 21, 14      
зохион байгуулагч               71, 110               16, 33              
заавар                          71                    19                  
тамирчин                        72                    11                  
эд хөрөнгө                      74                    34                  
амьтан                          74, 75                37, 13              
гоц халдварт өвчин              75                    8                   
захиргааны байгууллага          75, 76                2, 2                
суурин газар                    75, 78, 140, 204      15, 2, 13, 2        
мал                             75                    12                  
буудлага үйлдэх байгууламж /тир/  78, 80, 82, 137       7, 13, 10, 7        
                                155                   14                  
захиргаа                        81, 153, 156          14, 11, 29          
байнга оршин суугч              84                    17                  
ажил                            84, 96, 108, 110      11, 19, 36, 30      
                                112, 113, 137, 164    29, 24, 18, 11      
                                166, 173, 182, 194    22, 15, 15, 8       
                                209                   14                  
өргөдөл                         85                    5                   
баримт бичиг                    89, 99                9, 9                
үйлдвэрлэгч                     89, 99, 124, 152      5, 5, 5, 5          
хураамж                         90, 100               3, 3                
шүүх шинжилгээ                  91, 101, 110          8, 8, 15            
мэдээллийн сан                  91, 101, 116          12, 12, 5           
хуулийн этгээдийн оршин байгаа газар  96                    23                  
улсын бүртгэлийн гэрчилгээ      98                    3                   
этгээд                          98, 128, 129, 141     2, 14, 5, 10        
                                152, 180, 219, 230    16, 9, 9, 2         
шүүгч                           103, 133, 134         12, 18, 15          
шүүх                            103, 133, 134         12, 18, 15          
танилцуулга                     103                   16                  
тусгай зөвшөөрөл                105, 151, 151, 152    16, 40, 55, 6       
                                152, 160              13, 11              
мэдээллийн нэгдсэн сан          108, 110, 115         28, 25, 31          
тал                             113, 115, 136, 173    11, 29, 8, 7        
                                233, 234              21, 21              
талууд                          113, 115, 136, 173    11, 29, 8, 7        
                                233, 234              21, 21              
тээвэрлэгч                      115, 137, 161, 161    9, 25, 11, 13       
мэдээлэл цуглуулах              116                   7                   
үр                              116                   17                  
иргэний бүртгэлийн дугаар       122                   9                   
улсын бүртгэлийн дугаар         122                   21                  
овог                            122                   3                   
мэдээ                           136                   9                   
агуулах                         137                   21                  
монгол улсын нутаг дэвсгэр      143, 145              9, 23               
гадаадын иргэн                  143, 192, 193         5, 14, 8            
харьяалалгүй хүн                143                   7                   
сонгогч                         151, 152, 153, 160    42, 17, 25, 14      
байгаль орчин                   153                   4                   
гаалийн байгууллага             153, 196              17, 16              
комисс                          153, 153              21, 23              
салбар                          157, 160              17, 20              
хуулийн этгээдийн улсын бүртгэл  158, 164              9, 38               
хуулбарлах                      158                   14                  
тээврийн хэрэгсэл               161, 202, 203         9, 26, 5            
мэдээлэл                        166, 186              19, 7               
тэмдэглэл                       167, 173              12, 20              
спортын тэмцээн                 184, 190, 191, 192    24, 14, 4, 4        
ан агнуур                       191                   7                   
хилийн боомт                    192                   56                  
хураагч                         196, 208, 209, 216    29, 7, 13, 19       
                                235                   19                  
агаарын хөлөг                   202                   7                   
хөлөг онгоц                     202                   9                   
нийтийн тээвэр                  202, 204              14, 5               
жолооч                          202, 203              30, 8               
эрх бүхий албан тушаалтан       209                   3                   
хүн                             210, 224              17, 4               
бараа                           216                   6                   
гомдол                          219                   11                  
шинжээч                         223                   10                  
шилжилтийн үе                   226                   4                   
зохицуулалт                     226                   6                   
албан татвар                    233, 234              12, 12              
тайлбар                         233, 233, 234, 234    1, 22, 1, 22        
