File: MNCLW00053.txt
Search Method: Trie (MWE + Single-Word)
Total runtime: 0.015423s
Found terms: 404

Term                            Line                  Word Place          

нийтлэх                         7, 9, 139, 188        3, 1, 7, 7          
иргэн                           11, 14, 14, 33        5, 33, 53, 8        
                                100, 169, 215, 246    11, 28, 13, 19      
суурь боловсрол                 14, 47, 215           16, 4, 9            
мэдээлэл боловсруулах           14                    40                  
чадамж                          14, 14, 14            8, 32, 52           
шийдвэр                         14, 192, 194, 246     42, 6, 4, 11        
мэргэжил                        14, 93, 100, 111      49, 21, 16, 10      
                                181, 217, 236, 237    4, 7, 3, 13         
                                239, 241, 241, 248    3, 7, 28, 10        
                                251                   21                  
боловсролын агуулга             17, 19, 20, 30        3, 4, 2, 4          
                                31, 38, 39            2, 5, 3             
уншигч                          21                    9                   
хэрэглэгч                       22                    6                   
талууд                          23, 219               6, 24               
тал                             23, 219               6, 24               
соёлын өв                       24                    8                   
эрүүл ахуй                      24, 55, 223, 252      11, 9, 12, 3        
мэдээлэл                        29, 32, 41, 253       7, 7, 5, 18         
хүн                             33, 88, 236, 263      23, 7, 4, 4         
гэр бүл                         34, 43, 100           5, 9, 12            
ажилгүй                         34, 43                2, 5                
урьдчилан сэргийлэх             36, 43, 225, 227      2, 16, 12, 7        
мөрдөгч                         49, 246, 248, 249     4, 12, 7, 13        
хөтөлбөр                        49, 52, 77, 117       7, 18, 11, 6        
                                119, 123, 129, 129    19, 10, 3, 6        
                                139, 168, 169, 205    5, 6, 19, 4         
байгууллага                     49, 49, 52, 52        13, 21, 24, 32      
                                60, 67, 86, 88        11, 12, 20, 18      
                                95, 98, 107, 123      26, 10, 22, 7       
                                127, 129, 135, 139    16, 13, 22, 15      
                                147, 149, 159, 168    12, 46, 25, 13      
                                169, 183, 186, 195    23, 15, 8, 13       
                                196, 239, 241, 254    7, 14, 27, 8        
захиргаа                        49, 52, 86, 88        19, 30, 18, 16      
                                90, 95, 98, 107       16, 24, 8, 20       
                                123, 127, 129, 135    5, 14, 11, 20       
                                139, 147, 149, 159    13, 10, 44, 23      
                                168, 169, 183, 239    11, 2, 13, 12       
стандарт                        55, 56, 58, 59        8, 5, 6, 19         
                                60, 61, 74, 123       2, 2, 6, 18         
                                125, 135, 248         15, 8, 6            
зохион байгуулагч               56, 95, 127, 156      23, 17, 7, 7        
                                156, 157, 157, 169    19, 7, 19, 30       
                                204, 211, 215, 223    9, 15, 18, 19       
                                250                   9                   
зохиогч                         56, 142, 152, 205     10, 6, 8, 10        
                                241                   18                  
ажил                            56, 142, 152, 166     13, 5, 7, 6         
                                167, 168, 169, 204    4, 4, 7, 8          
                                211, 221, 223, 252    14, 13, 18, 2       
                                256                   14                  
газар                           56, 61, 90, 106       18, 10, 31, 8       
                                109, 133, 163, 223    11, 16, 15, 11      
журам                           56, 61, 95, 109       21, 5, 19, 6        
                                127, 133, 162, 185    9, 11, 10, 6        
                                199, 205, 239, 246    26, 7, 7, 8         
                                249                   6                   
төлөвшил                        59                    4                   
шалгагч                         59                    16                  
багш                            60, 83, 90, 100       4, 9, 14, 10        
                                107, 111, 115, 181    7, 11, 6, 8         
                                183, 185, 205, 207    4, 7, 12, 2         
                                209, 217, 217, 219    8, 3, 8, 3          
                                219, 221, 230, 231    9, 2, 6, 6          
                                233, 233, 237, 237    4, 5, 4, 7          
                                237, 237, 241, 250    9, 11, 4, 2         
                                256                   11                  
үнэлгээ                         60, 60, 109, 221      5, 10, 5, 11        
гишүүн                          61, 90, 109, 133      11, 32, 12, 17      
                                163                   16                  
мэргэжлийн боловсрол            62                    4                   
гэрчилгээ                       62                    8                   
боловсролын байгууллага         65, 66, 67            3, 5, 3             
сургалтын байгууллага           74, 93, 172, 230      14, 23, 4, 4        
хоршоо                          76                    21                  
шинжээч                         77, 90, 262           15, 11, 10          
нийгмийн ажилтан                83, 111, 115          10, 19, 7           
ажилтан                         83, 90, 104, 193      13, 20, 9, 2        
                                207, 214, 216         3, 2, 3             
олон улсын хөтөлбөрийн сургалттай ерөнхий боловсролын сургууль  86, 133               3, 3                
удирдлага                       90, 172, 173, 175     17, 6, 6, 5         
                                181, 241              7, 31               
сэргээн засах                   93, 104               9, 14               
үйлчилгээ                       93, 149, 199, 254     14, 7, 7, 12        
салбар бүлэг                    95                    13                  
нийслэл                         95, 149               10, 35              
сум                             95                    11                  
эрдэм шинжилгээний ажилтан      102                   9                   
эрүүл мэндийн анхан шатны тусламж  104                   17                  
туслах багш                     104, 111              27, 12              
сэтгэл зүйч                     104, 111              31, 14              
сувилах                         104, 111              26, 16              
сургалт, дадлага                106                   6                   
хөгжлийн бэрхшээлтэй суралцагч  107, 115              9, 10               
суралцагч                       109, 119, 125, 151    3, 7, 9, 7          
                                163, 165, 167, 186    4, 4, 6, 7          
                                194, 195, 209, 216    6, 6, 9, 2          
                                219, 246, 246, 250    10, 14, 21, 3       
                                250, 250, 256         11, 33, 12          
гүнзгийрүүлсэн сургалттай ерөнхий боловсролын сургууль  117, 125              8, 3                
зохион бүтээгч                  119                   3                   
спорт                           119, 169              2, 13               
бүх нийтийн ерөнхий боловсрол   123, 135              14, 4               
агуулах                         123, 217              20, 2               
үйл ажиллагаа                   127, 175, 179, 195    5, 21, 15, 2        
                                198, 209, 219, 221    2, 4, 18, 3         
                                250, 256              6, 25               
нэмэгдэл                        135, 135              13, 30              
зөвлөл                          135, 175, 175, 179    27, 8, 11, 14       
                                181, 183, 183, 185    10, 2, 6, 9         
                                194, 209, 219, 246    3, 7, 5, 10         
байгалийн болон нийтийг хамарсан гамшиг  149                   9                   
мэргэжлийн сургалт              149, 156, 157         25, 11, 11          
санал                           149, 185              38, 10              
мэргэжлийн байгууллага          168                   15                  
арга хэмжээ                     169, 225              14, 14              
зөвлөх                          179, 237, 250         11, 10, 31          
сонгогч                         193, 199              3, 29               
аж ахуйн нэгж                   196                   4                   
гэрээ                           196                   11                  
хэлцэл                          196                   12                  
барилга байгууламж              199                   2                   
тоног төхөөрөмж                 199                   11                  
нийтийн өмч                     199                   13                  
нээлт                           199, 219              28, 25              
түрээслүүлэх                    199                   33                  
хяналт тавих                    204, 223, 225, 227    11, 21, 17, 12      
дүрэм                           205, 246              6, 7                
хангагч                         205, 207, 216, 219    20, 4, 9, 16        
                                221, 223, 241, 252    17, 17, 32, 10      
мэргэшил                        207, 241              13, 10              
төсөв                           209, 209              2, 19               
хөрөнгө                         209                   20                  
үр                              209, 214, 219, 221    23, 4, 22, 7        
мэдээ                           211                   7                   
хөдөлмөрийн эрүүл ахуй          216                   4                   
аюул                            216, 223, 252, 256    7, 14, 7, 17        
удирдамж@@                      221                   16                  
хүнс                            223                   5                   
ус                              223                   8                   
гэмт хэрэг                      225                   5                   
ажлын баримт                    249                   2                   
туслагч                         250                   32                  
эрүүл мэнд                      253, 256              4, 15               
хариуцагч                       257                   8                   
хуулийн этгээд                  263                   5                   
