File: MNCLW00413.txt
Search Method: Trie (MWE + Single-Word)
Total runtime: 0.000567s
Found terms: 145

Term                            Line                  Word Place          

хүү                             6, 7                  2, 2                
нийгмийн даатгалын сан          8, 11, 12, 15         1, 5, 4, 4          
                                87                    4                   
төсв                            8, 11, 11, 12         6, 10, 15, 9        
                                13, 13, 13, 15        6, 11, 14, 9        
                                16, 46, 51, 52        132, 2, 8, 8        
орлог                           11, 15, 16, 16        13, 15, 2, 125      
                                16, 18, 41, 48        138, 1, 2, 2        
орлого                          11, 15, 16, 16        13, 15, 2, 125      
                                16, 18, 41, 48        138, 1, 2, 2        
төсөв                           11, 51, 52            17, 15, 15          
нийгмийн даатгал                13, 16, 29            19, 74, 4           
сан                             13, 14, 16, 16        3, 4, 80, 128       
                                31, 44, 51, 51        3, 1, 5, 35         
                                51, 51, 51, 52        40, 49, 54, 5       
                                61, 64, 67, 70        4, 4, 8, 4          
                                88, 88                5, 7                
этгээд                          13                    26                  
төсвийн орлого                  14                    7                   
төсвийн орлог                   14                    7                   
зарлага                         14, 51, 51, 54        9, 20, 80, 1        
                                84                    2                   
зарлг                           14, 51, 51, 54        9, 20, 80, 1        
                                84                    2                   
зарлаг                          14, 51, 51, 54        9, 20, 80, 1        
                                84                    2                   
зарлиг                          14, 51, 51, 54        9, 20, 80, 1        
                                84                    2                   
төсвийн ерөнхийлөн захирагч     15, 51, 52            11, 10, 10          
эрүүл мэндийн даатгалын шимтгэл  16, 31                83, 6               
хөдөлмөрийн гэрээ               16, 37                103, 2              
санхүүгийн дэмжлг               16, 46                134, 4              
санхүүгийн дэмжлэг              16, 46                134, 4              
хүн                             16, 21, 51, 58        8, 1, 26, 1         
нэгж                            16, 23                37, 3               
байгууллаг                      16, 16, 23, 27        38, 47, 4, 2        
байгууллага                     16, 16, 23, 27        38, 47, 4, 2        
даатгуулагч                     16, 16, 16, 33        90, 98, 120, 3      
                                35, 39                5, 10               
осол                            16, 39                112, 2              
мэргэжл                         16, 39, 51, 67        113, 3, 45, 4       
эрүүл мэндийн даатгалын сан     51, 73                57, 2               
үйлдвэрлэлийн осол              51, 67                43, 2               
шүүхийн шийдвэр                 51, 76                63, 2               
үйл ажиллагаа                   51, 79                70, 2               
тэтгэвр                         51, 61                33, 2               
тэтгэмж                         51, 64                38, 2               
төлбөр                          51, 76                67, 6               
хөрөнг                          51, 82, 87, 88        76, 2, 7, 21        
хөрөнгө                         51, 82, 87, 88        76, 2, 7, 21        
төсөл, арга хэмжээ              87                    13                  
хөрөнгө оруулалт                87                    11                  
барилга байгууламж              87                    16                  
газр                            88                    9                   
