File: MNCLW00722.txt
Search Method: Trie (MWE + Single-Word)
Total runtime: 0.007676s
Found terms: 334

Term                            Line                  Word Place          

төрийн ордон                    5                     1                   
хүний дархлал хомсдолын вирусын халдвар, дархлалын олдмол хомсдолоос сэргийлэх  6, 12, 23, 24         1, 5, 1, 1          
                                26, 33, 40, 45        3, 9, 10, 10        
                                46, 52, 61, 66        5, 4, 3, 3          
                                73, 75, 76, 83        4, 15, 4, 5         
                                104                   11                  
нийтлэх                         9, 10                 1, 1                
нутгийн өөрөө удирдах байгууллага  12, 23, 24, 46        17, 13, 13, 22      
                                77                    13                  
эрүүл мэндийн байгууллага       12, 59, 65, 67        24, 11, 6, 13       
                                100                   15                  
аж ахуйн нэгж                   12, 42, 45, 77        30, 23, 26, 23      
                                103, 104              9, 7                
үйл ажиллагаа                   12, 29, 37, 45        22, 10, 11, 19      
                                45, 105               41, 5               
эмнэлгийн мэргэжилтэн           12                    27                  
талууд                          12, 26, 28, 33        14, 12, 10, 18      
                                39, 40, 52, 61        15, 19, 13, 12      
                                66, 67, 68, 73        12, 11, 12, 13      
                                75, 76, 77, 83        8, 13, 10, 14       
                                100, 104              14, 20              
тал                             12, 26, 28, 33        14, 12, 10, 18      
                                39, 40, 52, 61        15, 19, 13, 12      
                                66, 67, 68, 73        12, 11, 12, 13      
                                75, 76, 77, 83        8, 13, 10, 14       
                                100, 104              14, 20              
иргэн                           12, 62, 73, 76        29, 46, 3, 3        
                                95                    4                   
байгууллага                     12, 32, 33, 38        33, 6, 8, 7         
                                40, 42, 44, 45        9, 26, 6, 4         
                                51, 52, 62, 77        5, 3, 44, 22        
                                82, 83, 103, 104      6, 4, 5, 3          
                                105                   35                  
гүйцэтгэгч                      12                    34                  
халдвар                         12, 13, 14, 20        39, 7, 5, 5         
                                20, 27, 28, 29        15, 5, 5, 5         
                                34, 35, 37, 39        5, 5, 5, 5          
                                41, 42, 45, 53        5, 5, 36, 5         
                                53, 55, 57, 58        13, 21, 9, 10       
                                58, 62, 64, 64        12, 5, 3, 5         
                                67, 68, 70, 71        5, 5, 5, 5          
                                74, 74, 77, 78        5, 12, 5, 5         
                                79, 79, 84, 85        5, 10, 8, 6         
                                87, 88, 89, 92        5, 5, 5, 7          
                                93, 93, 94, 95        9, 23, 5, 10        
                                96, 97, 98, 99        10, 5, 7, 5         
                                100, 102              5, 5                
хүн                             12, 18, 19, 36        47, 7, 10, 7        
                                36, 38, 43, 53        18, 15, 7, 19       
                                62, 62, 70, 71        20, 37, 13, 13      
                                78, 87, 93, 94        11, 13, 15, 11      
                                95, 96, 97, 98        16, 18, 13, 13      
                                99, 105, 108          11, 18, 4           
дархлалын олдмол хомсдол        13, 14, 20, 27        8, 6, 6, 6          
                                28, 29, 34, 37        6, 6, 6, 6          
                                41, 42, 45, 53        6, 6, 37, 6         
                                67, 68, 74, 75        6, 6, 6, 5          
                                77, 79, 89            6, 13, 6            
мөрдөгч                         15                    17                  
тодорхойлолт                    16                    6                   
хэрэглэгч                       17, 62                3, 38               
хүний дархлал хомсдолын вирус   19, 20, 55, 57        5, 11, 17, 5        
                                58, 62, 84, 85        6, 14, 4, 2         
                                93, 93, 95, 96        5, 19, 6, 6         
хүний дархлал хомсдолын  вирус  19, 20, 55, 57        5, 11, 17, 5        
                                58, 62, 84, 85        6, 14, 4, 2         
                                93, 93, 95, 96        5, 19, 6, 6         
газар                           25, 26, 46, 96        4, 2, 20, 30        
зохион байгуулагч               27, 29, 34, 41        14, 15, 19, 17      
                                42, 46, 54, 77        17, 32, 12, 26      
хяналт тавих                    27, 41, 46            16, 20, 35          
арга хэмжээ                     28, 43, 45, 53        25, 23, 50, 26      
                                58                    20                  
ажил                            31, 34, 41, 42        7, 18, 14, 12       
                                54, 57, 58, 84        11, 3, 3, 2         
                                87, 96                37, 24              
захиргаа                        32, 33, 38, 40        4, 6, 5, 7          
шийдвэр                         34, 46                16, 27              
мэдээ                           35                    12                  
мэдээлэл                        35, 62, 71, 75        13, 42, 15, 12      
                                88, 95, 100, 103      21, 18, 20, 4       
                                104                   2                   
хариуцагч                       35                    15                  
эмнэлгийн тусламж, үйлчилгээ    36, 53, 64, 70        29, 20, 16, 14      
гэрлэлт                         36                    12                  
журам                           36, 38, 39, 67        33, 23, 18, 17      
төрийн бус байгууллага          37, 45, 103, 104      17, 29, 6, 4        
                                105                   9                   
мэргэжил                        37                    20                  
салбар                          41, 42                15, 21              
төрийн байгууллага              42                    14                  
ажилгүй                         42, 87, 104           20, 32, 24          
хангагч                         43, 84                9, 22               
ажилгүй иргэн                   45                    24                  
цус, цусан бүтээгдэхүүн         55, 62                2, 22               
донор                           55, 62, 101           7, 21, 9            
эмнэлэг                         55                    22                  
мэргэжилтэн                     57, 58, 60, 61        2, 2, 4, 2          
                                66                    2                   
даруй                           58                    23                  
халдварын сэжигтэй              62                    18                  
ажилтан                         62, 65, 88            45, 12, 12          
үйлчлүүлэгч                     68                    13                  
санал                           68                    14                  
этгээд                          69, 74, 105           2, 17, 29           
тохиолдол                       79, 95                12, 22              
монгол улсын нутаг дэвсгэр      81                    8                   
дамжин өнгөрөгч                 81                    15                  
гадаадын иргэн                  81                    17                  
харьяалалгүй хүн                81                    19                  
нэгж                            82, 83                5, 3                
хөдөлмөрийн аюулгүй байдал, эрүүл ахуй  84, 97                16, 18              
хөтөлбөр                        84                    13                  
хөдөлмөрийн нөхцөл              87                    24                  
хүний эрх хамгаалагч            92                    13                  
байнга оршин суугч              96                    27                  
үр                              101                   4                   
зохиогч                         104                   21                  
итгэмжлэл                       105                   30                  
гомдол                          105                   36                  
шинжээч                         107                   10                  
хуулийн этгээд                  108                   5                   
