File: MNCLW00287.txt
Search Method: Trie (MWE + Single-Word)
Total runtime: 0.002127s
Found terms: 158

Term                            Line                  Word Place          

орлого                          10, 12, 12, 12        6, 2, 7, 10         
                                12, 12, 12, 12        51, 60, 64, 69      
                                12, 12, 12, 12        75, 80, 84, 89      
                                12, 13, 16, 20        94, 2, 4, 2         
                                47, 55, 59, 63        4, 3, 3, 4          
                                67, 71, 74, 78        5, 4, 3, 4          
                                81                    4                   
албан татвар                    12, 12, 12, 12        5, 11, 17, 22       
                                12, 12, 12, 16        29, 34, 39, 2       
                                20, 24, 28, 32        3, 4, 3, 5          
                                36, 40                3, 3                
нийгмийн даатгал                12, 44                43, 2               
газрын тос                      12, 63                67, 2               
төсвийн байгууллага             12, 67                72, 2               
гадаадын тусламж                12, 81                92, 2               
түлш                            12, 32                28, 4               
хураамж                         12, 44                46, 5               
хувьцаа                         12, 51                54, 2               
хөрөнгө                         12, 74                83, 2               
үндэсний аюулгүй байдал         84, 102, 125, 151     47, 2, 47, 2        
хөрөнгө оруулалт                84, 89, 125, 132      9, 2, 9, 2          
батлан хамгаалах                84, 98, 125, 145      34, 2, 34, 2        
зарлага                         84, 85, 125, 126      2, 2, 2, 2          
сан                             84, 84, 87, 120       6, 108, 3, 4        
                                125, 125, 129, 178    6, 108, 3, 4        
үйлчилгээ                       84, 96, 125, 142      30, 4, 30, 4        
төсөв                           84, 84, 84, 84        44, 51, 57, 64      
                                84, 84, 84, 84        72, 78, 84, 90      
                                84, 84, 100, 102      95, 103, 5, 6       
                                104, 106, 108, 110    5, 6, 7, 5          
                                112, 114, 116, 118    5, 5, 4, 7          
                                125, 125, 125, 125    44, 51, 57, 64      
                                125, 125, 125, 125    72, 78, 84, 90      
                                125, 125, 148, 151    95, 103, 5, 6       
                                154, 157, 160, 163    5, 6, 7, 5          
                                166, 169, 172, 175    5, 5, 4, 7          
                                184                   3                   
зөвлөл                          84, 84, 102, 110      50, 77, 5, 4        
                                125, 125, 151, 163    50, 77, 5, 4        
прокурор                        84, 116, 125, 172     93, 2, 93, 2        
байгууллага                     84, 116, 125, 172     94, 3, 94, 3        
аюул                            84, 118, 125, 175     99, 3, 99, 3        
хангагч                         84, 118, 125, 175     101, 5, 101, 5      
газар                           84, 118, 125, 175     102, 6, 102, 6      
тэтгэвэр                        84, 120, 125, 178     106, 2, 106, 2      
шалгагч                         124                   8                   
мөрдөгч                         228                   10                  
