File: MNCLW00655.txt
Search Method: Aho-Corasick
Total runtime: 0.042076s
Found terms: 3261

Term                            Line                  Word Place          

үнэт цаасны зах зээл            6, 15, 74, 253        1, 5, 20, 20        
                                490, 515, 637, 707    20, 7, 4, 17        
                                740, 741, 793, 794    1, 1, 1, 1          
                                797, 798, 829, 882    1, 1, 3, 1          
                                883, 885, 886, 988    1, 3, 38, 32        
                                1000, 1001, 1036      1, 1, 10            
нийтлэх                         10, 11, 21, 22        1, 1, 8, 11         
                                23, 288, 289, 350     13, 6, 9, 1         
                                351, 980, 992, 1042   1, 6, 10, 12        
үнэт цаасны зах зээлд оролцогч  13, 14, 68, 806       5, 5, 5, 13         
                                810, 840, 988, 991    11, 5, 14, 5        
үйл ажиллагаа                   13, 14, 20, 23        10, 10, 17, 17      
                                30, 31, 40, 45        11, 15, 15, 8       
                                46, 46, 47, 47        4, 32, 4, 28        
                                59, 73, 155, 167      8, 14, 16, 4        
                                172, 211, 239, 239    19, 5, 7, 11        
                                252, 263, 276, 281    7, 7, 12, 21        
                                297, 300, 306, 310    2, 6, 9, 21         
                                319, 341, 346, 347    2, 15, 2, 2         
                                352, 353, 353, 374    4, 2, 6, 5          
                                376, 377, 378, 380    5, 5, 6, 5          
                                382, 385, 386, 387    5, 13, 4, 4         
                                394, 395, 398, 398    2, 2, 4, 8          
                                399, 400, 401, 418    4, 6, 2, 2          
                                419, 427, 428, 429    2, 6, 2, 2          
                                431, 434, 435, 435    18, 8, 5, 22        
                                439, 439, 443, 445    5, 10, 10, 8        
                                466, 468, 481, 482    3, 3, 32, 13        
                                484, 485, 486, 487    8, 5, 10, 5         
                                488, 489, 490, 513    3, 2, 6, 2          
                                519, 524, 525, 528    3, 2, 2, 26         
                                537, 542, 545, 554    34, 13, 7, 6        
                                556, 557, 564, 576    19, 5, 5, 5         
                                576, 577, 578, 579    17, 4, 8, 32        
                                580, 581, 581, 584    8, 6, 11, 7         
                                585, 586, 590, 591    22, 5, 5, 4         
                                593, 594, 606, 607    2, 2, 2, 8          
                                608, 608, 609, 612    33, 40, 6, 19       
                                620, 624, 628, 629    6, 6, 8, 6          
                                631, 632, 633, 633    14, 7, 5, 9         
                                633, 636, 637, 638    18, 2, 21, 2        
                                639, 640, 640, 640    7, 5, 9, 18         
                                648, 650, 651, 651    5, 7, 18, 24        
                                652, 653, 653, 654    5, 5, 14, 5         
                                654, 655, 656, 656    19, 5, 5, 27        
                                657, 658, 660, 661    5, 5, 4, 21         
                                662, 665, 666, 667    2, 2, 2, 2          
                                668, 669, 670, 684    2, 7, 28, 10        
                                685, 686, 688, 689    8, 2, 9, 9          
                                690, 694, 695, 705    7, 2, 5, 7          
                                706, 707, 708, 709    20, 5, 5, 6         
                                710, 711, 712, 712    4, 3, 2, 15         
                                713, 713, 714, 714    5, 16, 2, 13        
                                715, 715, 716, 717    2, 10, 5, 7         
                                718, 718, 724, 746    7, 22, 6, 3         
                                754, 759, 768, 775    6, 4, 4, 3          
                                785, 786, 802, 813    9, 2, 5, 4          
                                816, 819, 820, 821    3, 6, 4, 13         
                                822, 829, 842, 857    5, 12, 7, 3         
                                859, 861, 870, 877    2, 2, 2, 5          
                                886, 892, 894, 895    27, 2, 2, 7         
                                897, 899, 911, 912    3, 7, 4, 2          
                                913, 920, 923, 931    7, 5, 2, 15         
                                932, 942, 943, 944    3, 15, 6, 6         
                                945, 950, 956, 957    7, 2, 6, 6          
                                960, 961, 1013, 1015  5, 5, 5, 24         
                                1026, 1050, 1056, 1069  43, 16, 3, 3        
                                1077, 1083            12, 26              
хяналт тавих                    13, 14, 403, 404      13, 13, 14, 8       
                                406, 701, 816, 820    9, 10, 5, 7         
                                912, 932, 1009, 1020  4, 5, 21, 17        
хөрөнгө                         13, 14, 21, 38        15, 15, 14, 11      
                                39, 44, 46, 73        9, 13, 12, 23       
                                74, 87, 138, 142      13, 4, 6, 45        
                                152, 159, 161, 165    22, 6, 6, 5         
                                169, 170, 192, 206    8, 8, 18, 25        
                                207, 226, 227, 230    15, 21, 20, 10      
                                306, 308, 310, 370    15, 18, 14, 6       
                                393, 393, 426, 442    4, 9, 7, 7          
                                480, 481, 490, 527    20, 28, 40, 2       
                                534, 534, 534, 535    5, 9, 21, 7         
                                536, 536, 537, 538    8, 15, 31, 10       
                                540, 541, 551, 556    3, 23, 14, 12       
                                562, 566, 573, 574    4, 2, 2, 6          
                                585, 585, 587, 643    7, 10, 8, 6         
                                647, 655, 657, 658    27, 22, 14, 26      
                                668, 724, 753, 814    19, 14, 4, 6        
                                851, 860, 860, 861    2, 2, 11, 7         
                                861, 1066, 1068, 1070  15, 3, 13, 5        
эрсдэлийг бууруулах             15, 636, 637, 648     10, 25, 11, 12      
                                843, 897              6, 6                
үр                              15, 46, 57, 470       15, 27, 21, 10      
                                555, 724, 812, 842    13, 28, 6, 12       
                                857, 936              7, 4                
хангагч                         15, 128, 128, 219     18, 33, 53, 23      
                                267, 269, 278, 376    7, 11, 40, 16       
                                390, 393, 397, 426    11, 13, 5, 10       
                                428, 437, 441, 442    13, 11, 7, 10       
                                443, 444, 481, 486    14, 10, 10, 19      
                                635, 637, 666, 696    4, 25, 24, 8        
                                702, 707, 833, 842    19, 15, 3, 15       
                                845, 869, 886, 981    9, 5, 45, 8         
                                1009, 1066            17, 7               
зах зээл                        16, 17, 23, 29        5, 3, 3, 3          
                                30, 31, 31, 32        2, 3, 44, 4         
                                33, 192, 264, 328     4, 14, 10, 12       
                                328, 481, 562, 742    18, 6, 14, 6        
                                748, 801, 804, 805    6, 3, 5, 3          
                                806, 810, 811, 822    3, 3, 3, 3          
                                823, 843, 845, 853    3, 3, 3, 3          
                                890, 985, 986, 997    3, 1, 1, 15         
                                998, 1020, 1022, 1029  5, 3, 3, 3          
иргэн                           17, 60, 516, 790      13, 36, 4, 31       
                                998, 1015             12, 8               
компани                         17, 60, 64, 66        15, 7, 20, 8        
                                69, 70, 71, 80        7, 9, 10, 2         
                                94, 109, 110, 216     3, 5, 5, 12         
                                267, 270, 270, 271    8, 12, 34, 6        
                                272, 273, 300, 307    10, 5, 3, 10        
                                308, 313, 314, 317    16, 1, 1, 14        
                                318, 319, 321, 322    15, 14, 4, 4        
                                322, 327, 335, 340    12, 12, 5, 2        
                                341, 343, 378, 382    10, 11, 30, 18      
                                384, 574, 751, 752    12, 18, 8, 9        
                                876, 879, 879, 1005   4, 4, 10, 4         
                                1011, 1016            4, 4                
мөрдөгч                         18, 256, 277, 300     17, 37, 13, 9       
                                388, 528, 810, 819    11, 29, 17, 8       
                                853, 918, 1006, 1099  12, 15, 20, 12      
үйлчлэгч                        19                    4                   
нийтэд санал болгох             20, 32, 101, 118      5, 12, 3, 2         
                                119, 121, 122, 131    7, 3, 3, 5          
                                142, 142, 146, 147    10, 19, 11, 5       
                                163, 168, 193, 195    13, 4, 3, 3         
                                205, 210, 212, 227    5, 57, 3, 9         
                                257, 267, 268, 269    21, 9, 2, 2         
                                270, 270, 562, 592    2, 24, 7, 11        
                                597, 600, 670, 818    4, 4, 7, 5          
үнэт цаас                       20, 21, 29, 32        3, 16, 6, 10        
                                33, 33, 34, 37        7, 13, 4, 4         
                                37, 37, 40, 40        25, 36, 11, 24      
                                40, 42, 43, 43        31, 2, 5, 11        
                                49, 49, 50, 53        9, 14, 11, 5        
                                54, 55, 55, 56        12, 5, 14, 4        
                                56, 57, 57, 58        12, 14, 18, 12      
                                59, 79, 86, 89        4, 5, 3, 8          
                                90, 91, 102, 104      3, 3, 8, 6          
                                104, 105, 105, 106    9, 14, 16, 4        
                                106, 107, 107, 107    8, 8, 27, 33        
                                118, 118, 121, 122    6, 10, 9, 13        
                                122, 128, 131, 132    22, 8, 3, 5         
                                139, 139, 141, 142    4, 21, 23, 14       
                                142, 142, 142, 145    23, 32, 40, 7       
                                146, 147, 150, 151    9, 3, 20, 9         
                                152, 152, 152, 152    5, 19, 34, 37       
                                152, 159, 163, 164    41, 15, 5, 5        
                                166, 166, 168, 190    3, 7, 2, 9          
                                192, 204, 206, 206    10, 5, 12, 14       
                                207, 208, 209, 210    6, 9, 5, 9          
                                210, 210, 210, 210    13, 27, 39, 55      
                                212, 213, 218, 218    10, 18, 5, 16       
                                218, 219, 219, 220    18, 6, 29, 6        
                                221, 221, 221, 221    5, 7, 20, 22        
                                222, 223, 223, 226    3, 2, 4, 15         
                                226, 227, 228, 230    22, 22, 7, 5        
                                231, 231, 231, 231    2, 14, 16, 24       
                                232, 239, 242, 243    12, 4, 8, 10        
                                245, 254, 259, 260    2, 5, 2, 2          
                                263, 265, 272, 273    18, 2, 13, 8        
                                276, 277, 278, 278    19, 9, 13, 31       
                                279, 281, 281, 287    8, 10, 14, 5        
                                311, 337, 382, 384    4, 5, 16, 10        
                                385, 407, 435, 450    9, 3, 16, 9         
                                527, 527, 528, 534    8, 20, 10, 6        
                                534, 534, 535, 535    10, 22, 8, 14       
                                535, 536, 536, 538    22, 9, 25, 6        
                                539, 541, 542, 542    16, 4, 3, 7         
                                544, 544, 546, 550    6, 12, 4, 2         
                                551, 551, 553, 561    6, 10, 6, 12        
                                562, 579, 579, 580    20, 13, 27, 3       
                                585, 585, 587, 587    3, 18, 5, 12        
                                588, 592, 592, 592    15, 9, 18, 21       
                                592, 596, 597, 598    28, 5, 8, 4         
                                600, 600, 601, 608    7, 13, 3, 8         
                                612, 612, 612, 612    11, 15, 33, 37      
                                613, 613, 613, 614    11, 19, 25, 7       
                                614, 616, 616, 617    15, 3, 17, 11       
                                617, 617, 618, 618    14, 27, 11, 14      
                                618, 619, 622, 625    27, 7, 7, 16        
                                626, 626, 628, 628    4, 10, 2, 4         
                                629, 630, 636, 637    17, 6, 16, 17       
                                641, 641, 642, 645    6, 12, 8, 3         
                                647, 647, 649, 651    12, 23, 10, 11      
                                651, 653, 654, 655    20, 19, 13, 14      
                                656, 656, 656, 657    13, 19, 24, 18      
                                657, 657, 658, 659    23, 28, 20, 5       
                                659, 661, 661, 662    7, 6, 9, 5          
                                665, 668, 670, 670    10, 15, 19, 24      
                                673, 680, 681, 682    4, 3, 7, 3          
                                687, 690, 691, 703    4, 3, 7, 10         
                                703, 703, 714, 745    14, 18, 9, 10       
                                747, 749, 757, 757    11, 6, 7, 9         
                                770, 770, 771, 771    13, 16, 2, 5        
                                771, 773, 777, 777    16, 6, 7, 13        
                                777, 778, 779, 782    19, 14, 14, 2       
                                818, 818, 818, 818    12, 15, 32, 39      
                                824, 850, 886, 886    3, 10, 53, 58       
                                920, 956, 957, 963    10, 1, 1, 2         
                                964, 972, 973, 975    9, 9, 15, 8         
                                977, 979, 988, 989    26, 4, 8, 10        
                                989, 990, 990, 995    29, 2, 31, 7        
                                995, 997, 1022, 1022  10, 4, 17, 30       
                                1026, 1029, 1045, 1049  28, 19, 21, 15      
                                1050                  11                  
төлбөр                          20, 37, 152, 163      11, 11, 24, 30      
                                209, 220, 228, 238    17, 16, 11, 16      
                                334, 361, 403, 425    12, 4, 7, 9         
                                434, 435, 535, 536    4, 19, 17, 28       
                                575, 575, 630, 634    8, 12, 8, 13        
                                635, 635, 637, 639    5, 10, 20, 6        
                                640, 640, 641, 643    4, 8, 11, 13        
                                646, 647, 647, 648    4, 4, 15, 4         
                                648, 648, 648, 649    11, 15, 24, 4       
                                649, 657, 687, 690    6, 31, 13, 5        
                                713, 715, 726, 743    15, 9, 14, 14       
                                1021, 1033            23, 6               
гүйцэтгэгч                      20, 29, 144, 176      13, 21, 11, 3       
                                177, 186, 190, 240    8, 5, 16, 13        
                                261, 392, 517, 530    16, 12, 6, 15       
                                531, 535, 579, 635    23, 19, 11, 6       
                                643, 644, 646, 647    19, 8, 14, 8        
                                648, 649, 694, 790    16, 17, 12, 7       
                                968                   10                  
зохицуулалт                     20, 34, 35, 74        16, 11, 11, 24      
                                79, 93, 107, 252      3, 11, 3, 30        
                                278, 278, 337, 346    23, 41, 9, 1        
                                347, 350, 351, 372    1, 2, 2, 2          
                                400, 414, 418, 419    5, 4, 1, 1          
                                431, 439, 484, 490    17, 4, 7, 5         
                                524, 525, 616, 691    1, 1, 5, 11         
                                717, 718, 737, 768    6, 4, 20, 3         
                                793, 794, 797, 798    5, 5, 7, 7          
                                804, 805, 886, 1077   9, 7, 9, 6          
үнэт цаас гаргагч               21, 24, 32, 44        3, 3, 7, 7          
                                76, 77, 107, 107      1, 1, 14, 22        
                                109, 110, 113, 116    15, 15, 6, 4        
                                122, 141, 143, 191    6, 19, 27, 9        
                                191, 197, 201, 202    22, 7, 3, 3         
                                210, 210, 211, 212    22, 78, 28, 6       
                                213, 256, 265, 271    10, 2, 11, 9        
                                275, 279, 285, 289    10, 3, 3, 5         
                                305, 562, 743, 745    11, 11, 6, 7        
                                749, 766, 1003, 1014  10, 8, 28, 16       
                                1021, 1083, 1089, 1090  13, 5, 6, 6         
санхүүгийн хэрэгсэл             22, 29, 31, 34        6, 10, 32, 7        
                                34, 35, 35, 36        17, 2, 17, 8        
                                38, 39, 42, 79        40, 25, 8, 8        
                                88, 89, 93, 95        5, 13, 7, 7         
                                98, 99, 252, 263      19, 5, 36, 26       
                                283, 284, 286, 286    4, 12, 2, 11        
                                287, 616, 617, 618    2, 10, 20, 20       
                                670, 685, 697, 699    5, 5, 8, 2          
                                762, 818, 972, 973    13, 19, 14, 19      
                                975, 995              12, 16              
үүсмэл                          22, 29, 34, 38        5, 9, 6, 39         
                                39, 88, 95, 284       24, 4, 6, 11        
                                286, 589, 670, 685    10, 15, 4, 4        
                                697, 762, 818, 995    7, 12, 18, 15       
мэргэжлийн хөрөнгө оруулалтын үйл ажиллагаа  23, 284               6, 21               
өрийн удирдлага                 24, 109, 110          9, 24, 24           
газар                           24, 82, 109, 110      2, 2, 2, 2          
                                114, 114, 119, 139    2, 12, 2, 2         
                                155, 195, 197, 301    8, 2, 2, 2          
                                324, 324              11, 20              
тодорхойлолт                    27, 174, 219, 425     6, 19, 28, 22       
                                1021                  8                   
хэрэглэгч                       28                    3                   
биржийн бус зах зээл            29                    30                  
зохицуулалттай зах зээл         29                    26                  
төлбөр тооцоо                   29, 450, 528, 842     19, 12, 13, 4       
үйлчилгээ                       29, 126, 168, 370     23, 2, 16, 8        
                                371, 389, 405, 408    7, 2, 7, 2          
                                414, 455, 479, 496    5, 2, 9, 2          
                                499, 514, 527, 529    2, 7, 15, 11        
                                532, 565, 575, 592    5, 11, 6, 16        
                                595, 603, 604, 606    2, 7, 2, 8          
                                631, 661, 677, 697    6, 17, 6, 14        
                                704, 708, 826, 1045   5, 17, 9, 26        
тусгай зөвшөөрөл                31, 59, 74, 374       18, 11, 17, 8       
                                377, 402, 418, 419    8, 5, 7, 7          
                                421, 434, 435, 437    5, 11, 8, 15        
                                445, 447, 458, 461    18, 5, 5, 5         
                                463, 469, 471, 478    7, 3, 10, 2         
                                479, 480, 480, 481    10, 5, 25, 13       
                                482, 482, 488, 489    9, 17, 17, 17       
                                556, 574, 576, 593    22, 21, 8, 5        
                                593, 594, 594, 603    15, 9, 21, 14       
                                612, 652, 724, 728    22, 8, 3, 4         
                                784, 813, 813, 895    3, 6, 11, 19        
                                903, 1009, 1026, 1059  2, 13, 58, 12       
этгээд                          31, 41, 45, 49        21, 13, 2, 25       
                                50, 61, 61, 64        16, 2, 5, 5         
                                65, 68, 72, 102       2, 2, 17, 13        
                                144, 168, 193, 209    9, 19, 2, 15        
                                215, 282, 294, 317    8, 5, 2, 12         
                                320, 322, 342, 343    12, 26, 5, 5        
                                384, 387, 403, 404    6, 2, 2, 2          
                                407, 410, 411, 412    2, 2, 2, 2          
                                413, 414, 415, 424    2, 2, 2, 2          
                                439, 480, 496, 504    2, 9, 5, 15         
                                518, 536, 581, 620    28, 22, 9, 10       
                                623, 624, 625, 629    13, 10, 13, 10      
                                631, 656, 665, 665    18, 31, 6, 16       
                                666, 668, 724, 725    6, 6, 2, 2          
                                726, 728, 729, 730    4, 2, 2, 2          
                                731, 733, 735, 736    5, 2, 2, 2          
                                743, 767, 768, 768    16, 4, 7, 13        
                                774, 784, 785, 791    2, 2, 2, 25         
                                806, 813, 815, 816    18, 2, 2, 2         
                                817, 835, 844, 846    2, 18, 2, 2         
                                864, 865, 867, 868    5, 4, 2, 4          
                                869, 874, 875, 875    6, 2, 2, 13         
                                876, 877, 879, 946    2, 2, 2, 10         
                                966, 968, 969, 981    2, 17, 5, 4         
                                994, 997, 1003, 1004  11, 24, 40, 5       
                                1007, 1010, 1013, 1029  16, 2, 4, 18        
                                1032, 1032, 1046, 1051  2, 11, 2, 14        
                                1062, 1063, 1064, 1066  2, 2, 2, 2          
                                1068, 1069, 1070, 1074  2, 2, 2, 2          
                                1077                  15                  
шуудан                          31, 969, 969          35, 8, 10           
гэрээ                           31, 38, 39, 39        39, 2, 2, 22        
                                161, 208, 475, 475    19, 22, 12, 18      
                                476, 529, 532, 532    21, 16, 9, 21       
                                533, 533, 589, 634    2, 9, 19, 8         
                                634, 636, 665, 670    14, 21, 17, 14      
                                674, 728, 761, 815    4, 16, 10, 6        
                                829, 831, 968         31, 10, 4           
зам                             32, 206, 598, 643     15, 29, 7, 12       
                                988, 989, 993         22, 27, 8           
опцион гэрээ                    35                    6                   
фьючерсийн гэрээ                35                    9                   
эд хөрөнгө                      37, 37, 213, 480      18, 20, 30, 17      
                                533, 687              23, 11              
хүү                             37, 62, 62, 62        13, 8, 11, 16       
                                163                   31                  
тал                             38, 38, 38, 39        21, 25, 33, 4       
                                39, 160, 169, 174     20, 7, 9, 15        
                                192, 210, 210, 212    27, 11, 88, 28      
                                222, 260, 260, 278    18, 9, 26, 26       
                                323, 336, 389, 415    5, 5, 9, 6          
                                532, 532, 533, 579    7, 17, 15, 21       
                                603, 604, 634, 648    26, 5, 7, 17        
                                665, 749, 760, 770    12, 25, 9, 19       
                                771, 773, 773, 809    13, 13, 18, 8       
                                831, 834, 895, 895    6, 21, 12, 30       
                                938, 940, 993, 993    13, 9, 4, 11        
                                994, 1025             9, 13               
талууд                          38, 38, 38, 39        21, 25, 33, 4       
                                39, 160, 169, 174     20, 7, 9, 15        
                                192, 210, 210, 212    27, 11, 88, 28      
                                222, 260, 260, 278    18, 9, 26, 26       
                                323, 336, 389, 415    5, 5, 9, 6          
                                532, 532, 533, 579    7, 17, 15, 21       
                                603, 604, 634, 648    26, 5, 7, 17        
                                665, 749, 760, 770    12, 25, 9, 19       
                                771, 773, 773, 809    13, 13, 18, 8       
                                831, 834, 895, 895    6, 21, 12, 30       
                                938, 940, 993, 993    13, 9, 4, 11        
                                994, 1025             9, 13               
суурь үнэт цаас                 40, 236, 237, 237     8, 6, 4, 19         
                                238, 238, 240, 240    3, 7, 4, 20         
                                241, 244, 245, 249    3, 10, 10, 14       
                                252, 253, 253, 255    20, 9, 14, 5        
                                259, 259, 260, 260    8, 18, 5, 27        
хадгаламжийн бичиг              40, 41, 239, 241      4, 10, 20, 15       
                                243, 244, 245, 247    3, 2, 15, 3         
                                248, 251, 252, 252    3, 5, 3, 25         
                                256, 256, 257, 257    21, 27, 3, 9        
                                259, 261, 262, 263    5, 17, 5, 3         
                                263, 264, 265         22, 3, 7            
кастодиан                       40                    14                  
байгууллага                     40, 129, 142, 173     18, 16, 50, 5       
                                284, 286, 291, 319    17, 19, 8, 5        
                                435, 450, 482, 528    25, 15, 32, 16      
                                534, 537, 551, 556    15, 39, 19, 25      
                                613, 624, 635, 636    15, 24, 11, 11      
                                637, 637, 641, 643    2, 24, 2, 8         
                                645, 647, 648, 662    7, 17, 2, 9         
                                666, 694, 694, 694    8, 9, 11, 16        
                                725, 747, 771, 775    11, 8, 10, 2        
                                788, 790, 799, 800    7, 18, 10, 8        
                                804, 805, 811, 825    11, 10, 12, 6       
                                828, 829, 830, 831    8, 21, 8, 3         
                                834, 835, 838, 886    6, 7, 7, 56         
                                886, 893, 895, 899    62, 8, 28, 16       
                                920, 920, 920, 929    8, 14, 22, 11       
                                931, 938, 977, 979    12, 9, 30, 8        
                                1003, 1015, 1035, 1043  11, 17, 14, 2       
                                1045, 1064            33, 8               
баталгаажуулах                  42, 54, 240, 644      7, 16, 19, 10       
баримт бичгийн бүрдэл           43                    26                  
танилцуулга                     43, 43, 125, 142      3, 25, 3, 17        
                                143, 144, 149, 150    3, 3, 5, 4          
                                152, 153, 154, 172    3, 3, 3, 3          
                                174, 255, 295, 596    3, 26, 3, 3         
                                744, 782, 1037        3, 6, 7             
захиалагч                       43, 87, 531, 989      7, 20, 19, 37       
                                990                   11                  
журам                           43, 50, 53, 54        18, 9, 12, 10       
                                104, 107, 109, 110    17, 30, 12, 12      
                                113, 114, 116, 119    9, 10, 8, 19        
                                119, 127, 133, 147    24, 3, 7, 14        
                                147, 152, 153, 163    19, 44, 8, 19       
                                163, 163, 166, 177    24, 34, 12, 6       
                                186, 204, 221, 222    3, 15, 31, 15       
                                257, 257, 259, 260    12, 31, 29, 19      
                                268, 273, 277, 280    9, 15, 15, 6        
                                284, 286, 297, 303    19, 16, 10, 14      
                                305, 309, 322, 330    19, 9, 17, 6        
                                331, 341, 342, 343    5, 3, 17, 25        
                                388, 389, 401, 402    4, 11, 10, 13       
                                402, 403, 404, 406    24, 16, 10, 11      
                                407, 408, 409, 410    9, 6, 6, 11         
                                411, 415, 430, 431    8, 14, 3, 31        
                                450, 479, 499, 519    4, 30, 4, 5         
                                519, 521, 528, 529    9, 11, 25, 18       
                                538, 539, 542, 549    20, 12, 22, 18      
                                550, 552, 553, 558    16, 13, 15, 6       
                                576, 577, 590, 606    20, 17, 9, 5        
                                620, 621, 624, 638    26, 8, 14, 4        
                                667, 671, 672, 673    5, 5, 6, 7          
                                674, 675, 676, 678    7, 6, 5, 8          
                                679, 683, 687, 688    4, 4, 2, 6          
                                698, 699, 700, 700    4, 9, 10, 17        
                                701, 709, 745, 745    5, 8, 5, 13         
                                747, 775, 775, 810    15, 9, 13, 21       
                                819, 821, 822, 864    10, 15, 7, 13       
                                867, 877, 890, 895    5, 8, 20, 3         
                                905, 908, 909, 910    11, 7, 5, 11        
                                912, 913, 914, 915    11, 9, 13, 23       
                                917, 917, 918, 922    5, 13, 10, 6        
                                938, 940, 941, 942    11, 6, 6, 7         
                                946, 947, 954, 977    16, 15, 25, 15      
                                980, 982, 997, 1009   3, 9, 11, 12        
                                1014, 1020, 1022, 1026  12, 15, 26, 41      
                                1029, 1078, 1083, 1088  33, 10, 28, 4       
                                1089, 1090, 1091, 1092  16, 16, 8, 8        
зохицуулалттай этгээд           44, 56, 168, 206      10, 18, 11, 6       
                                212, 213, 378, 378    18, 25, 9, 32       
                                380, 382, 405, 737    8, 8, 5, 9          
                                737, 738, 819, 850    30, 5, 4, 7         
                                866, 867, 887, 903    2, 11, 4, 5         
                                1003, 1005, 1009, 1012  26, 6, 2, 3         
                                1014, 1015, 1017, 1021  13, 22, 3, 16       
                                1026, 1032, 1044, 1049  25, 13, 4, 12       
                                1050, 1059, 1067, 1072  9, 10, 4, 3         
                                1083, 1089, 1090      3, 4, 4             
оролцогч                        44, 69, 70, 71        5, 5, 5, 5          
                                72, 336, 369, 370     5, 4, 5, 5          
                                371, 634, 691, 703    5, 6, 10, 13        
                                773, 826, 989, 1036   17, 5, 5, 14        
эрх бүхий хуулийн этгээд        45, 208, 239, 252     11, 18, 15, 10      
                                284, 376, 385, 533    7, 8, 16, 31        
                                613, 636, 654, 655    6, 5, 8, 8          
                                656, 657, 658, 690    8, 8, 8, 10         
                                707, 708, 712, 713    8, 8, 5, 8          
                                714, 715              5, 5                
хөрөнгө оруулалт                46, 46, 46, 47        2, 7, 29, 2         
                                356, 389, 578, 579    3, 5, 5, 29         
                                580, 712, 801         5, 12, 13           
санхүүгийн байгууллага          46, 425               19, 12              
бусад этгээд                    46, 47, 67, 391       23, 56, 8, 4        
                                393, 425, 536, 817    7, 15, 23, 19       
                                990                   4                   
банк                            46, 47, 47, 98        17, 24, 25, 7       
                                425, 431, 431, 431    11, 4, 8, 26        
                                662                   4                   
мэргэжил                        46, 168, 499, 513     25, 15, 8, 13       
                                530, 579, 581, 592    12, 22, 5, 15       
                                870, 871, 886, 897    6, 4, 26, 2         
                                911                   7                   
мэргэжлийн хөрөнгө оруулалтын үйл ажиллагаа эрхлэгч  47, 47, 589           8, 45, 4            
хөрөнгө оруулалтын төрөлжсөн банк  47                    15                  
хөрөнгө оруулалтын сан          47, 74, 365, 557      19, 6, 2, 21        
                                566                   15                  
дилерийн үйл ажиллагаа          47, 284, 531, 543     32, 3, 3, 5         
                                544, 544, 593, 594    14, 18, 11, 5       
эрх бүхий этгээд                47, 47, 263           36, 51, 10          
тэтгэвэр                        47                    22                  
сан                             47, 73, 73, 84        23, 3, 24, 3        
                                404, 554, 557, 558    4, 5, 3, 3          
                                560, 564, 577, 614    3, 3, 3, 5          
                                615, 636, 659, 820    5, 29, 11, 3        
хүсэлт                          49, 107, 123, 128     22, 11, 12, 12      
                                128, 130, 134, 135    56, 7, 7, 3         
                                141, 145, 181, 190    27, 21, 3, 3        
                                193, 219, 249, 420    14, 32, 18, 6       
                                431, 449, 450, 456    22, 4, 23, 16       
                                457, 462, 463, 492    6, 4, 11, 5         
                                498, 647, 656, 790    4, 20, 22, 24       
                                836, 837, 838, 1003   5, 5, 15, 16        
                                1015, 1084            20, 6               
санал                           50, 50, 53, 60        2, 17, 2, 9         
                                60, 64, 87, 101       27, 10, 6, 8        
                                102, 113, 116, 117    2, 4, 2, 7          
                                118, 123, 132, 139    15, 4, 8, 8         
                                141, 145, 146, 150    4, 10, 16, 23       
                                163, 164, 204, 206    2, 2, 8, 30         
                                208, 209, 210, 216    12, 8, 6, 2         
                                216, 218, 226, 231    15, 2, 8, 5         
                                231, 245, 253, 257    27, 22, 28, 14      
                                259, 259, 315, 316    22, 26, 7, 5        
                                316, 322, 325, 327    7, 10, 3, 7         
                                328, 328, 341, 341    6, 25, 5, 8         
                                342, 343, 490, 515    26, 33, 59, 17      
                                518, 545, 547, 549    15, 12, 4, 11       
                                550, 561, 596, 599    7, 6, 7, 4          
                                659, 809, 821, 826    2, 9, 11, 13        
                                826, 890, 890, 895    16, 13, 22, 24      
                                928, 939, 973, 1026   18, 25, 24, 63      
                                1045, 1072, 1076      30, 6, 10           
мэдээлэл                        50, 135, 136, 137     20, 2, 7, 3         
                                143, 143, 152, 154    9, 18, 57, 6        
                                158, 158, 159, 172    12, 21, 31, 5       
                                172, 174, 179, 180    25, 18, 6, 14       
                                181, 189, 210, 210    7, 12, 17, 34       
                                260, 297, 298, 303    13, 7, 12, 9        
                                304, 305, 309, 319    7, 21, 7, 13        
                                322, 323, 344, 390    23, 11, 6, 8        
                                392, 406, 415, 415    16, 3, 8, 11        
                                425, 425, 430, 453    7, 27, 8, 3         
                                453, 579, 608, 608    15, 6, 14, 26       
                                614, 614, 615, 616    24, 30, 8, 21       
                                617, 618, 620, 623    31, 31, 16, 7       
                                624, 625, 645, 679    21, 23, 2, 10       
                                680, 683, 703, 708    8, 10, 22, 23       
                                740, 741, 742, 743    5, 5, 8, 12         
                                744, 747, 748, 757    5, 19, 8, 15        
                                758, 763, 764, 765    8, 15, 13, 8        
                                766, 767, 768, 769    5, 5, 11, 11        
                                770, 771, 773, 774    22, 21, 20, 6       
                                776, 777, 779, 780    5, 18, 17, 4        
                                781, 787, 788, 789    7, 5, 12, 5         
                                790, 791, 791, 791    37, 5, 17, 23       
                                825, 829, 837, 837    13, 7, 3, 13        
                                838, 848, 854, 867    13, 13, 7, 16       
                                873, 875, 878, 879    6, 15, 7, 15        
                                893, 899, 962, 963    6, 19, 4, 10        
                                965, 969, 971, 972    4, 7, 2, 2          
                                973, 974, 975, 976    2, 6, 2, 4          
                                978, 981, 982, 1003   2, 2, 5, 19         
                                1004, 1006, 1007, 1015  8, 7, 12, 19        
                                1051, 1075            4, 4                
нийтэд санал болгохыг зөвшөөрсөн үнэт цаасны бүртгэл  53, 210, 211          17, 64, 8           
хуулийн этгээд                  55, 59, 60, 63        22, 14, 37, 9       
                                64, 68, 69, 70        22, 12, 10, 12      
                                72, 74, 122, 157      11, 25, 9, 13       
                                172, 172, 274, 275    22, 38, 4, 6        
                                276, 278, 281, 324    6, 5, 8, 13         
                                418, 419, 421, 431    5, 5, 9, 15         
                                434, 435, 445, 454    16, 13, 5, 2        
                                467, 475, 476, 479    2, 8, 10, 24        
                                481, 482, 483, 486    18, 6, 10, 14       
                                487, 488, 489, 491    8, 6, 5, 4          
                                497, 498, 501, 513    5, 2, 4, 5          
                                557, 557, 574, 593    10, 24, 24, 18      
                                594, 603, 612, 612    15, 18, 25, 30      
                                628, 628, 652, 653    14, 19, 12, 8       
                                691, 718, 790, 814    12, 10, 32, 13      
                                876, 885, 886, 904    11, 15, 10, 4       
                                1015, 1096            9, 5                
бенефициар өмчлөгч              56, 250               15, 7               
хөрөнгийн бирж                  58, 104, 142, 145     5, 3, 2, 17         
                                146, 155, 188, 210    4, 18, 3, 83        
                                219, 219, 222, 252    16, 25, 19, 17      
                                253, 265, 267, 272    26, 27, 3, 7        
                                272, 274, 276, 276    24, 8, 3, 16        
                                279, 280, 296, 298    15, 9, 26, 21       
                                303, 319, 320, 328    17, 26, 31, 23      
                                385, 434, 450, 528    7, 19, 6, 8         
                                549, 617, 618, 694    15, 3, 3, 17        
                                697, 700, 747, 749    10, 5, 2, 27        
                                765, 886, 977         4, 51, 11           
холбогдох этгээд                60, 67, 157, 162      20, 4, 24, 4        
                                305, 317, 318, 320    16, 6, 7, 7         
                                342, 343, 415, 614    8, 8, 4, 21         
                                731, 764, 779, 848    6, 10, 10, 3        
                                876, 967, 968, 975    18, 15, 20, 5       
                                1003, 1005, 1021, 1032  32, 8, 20, 17       
                                1036, 1044            16, 8               
хувьцаа                         60, 60, 64, 80        3, 12, 13, 3        
                                80, 84, 87, 94        5, 4, 11, 4         
                                152, 157, 157, 158    10, 6, 29, 16       
                                166, 198, 199, 199    9, 2, 9, 13         
                                216, 226, 295, 310    13, 11, 13, 11      
                                310, 313, 314, 315    27, 2, 2, 4         
                                316, 317, 317, 317    2, 2, 10, 15        
                                317, 318, 318, 319    19, 2, 12, 15       
                                320, 320, 321, 322    2, 15, 5, 5         
                                322, 323, 325, 325    8, 2, 7, 11         
                                327, 328, 328, 329    4, 3, 11, 4         
                                330, 334, 341, 342    2, 2, 11, 25        
                                343, 344, 378, 378    32, 4, 11, 16       
                                378, 425, 431, 566    36, 4, 9, 6         
                                690, 730, 751, 751    14, 14, 3, 11       
                                755, 760, 762, 764    4, 4, 10, 6         
                                821, 1032             2, 3                
хүн                             62, 62, 63, 397       2, 5, 2, 6          
                                871, 1096             2, 4                
ачаа                            62                    21                  
эрх бүхий албан тушаалтан       63, 143, 152, 158     3, 33, 15, 7        
                                213, 294, 308, 310    21, 3, 10, 6        
                                410, 454, 691, 762    3, 4, 3, 4          
                                875, 876, 947, 967    3, 21, 5, 8         
ажил олгогч                     65                    3                   
ажилтан                         65, 491, 911, 967     7, 7, 3, 12         
                                1074                  10                  
нөхөрлөл                        69, 70                8, 10               
охин компани                    71                    7                   
хөрөнгө оруулалтын менежментийн компани  73, 574               5, 11               
удирдлага                       73, 74, 152, 167      9, 14, 12, 10       
                                335, 429, 572, 572    6, 11, 2, 11        
                                573, 653, 750, 844    3, 10, 4, 5         
                                877, 913, 919, 932    16, 4, 6, 2         
                                935, 936, 1068, 1068  2, 2, 3, 5          
менежментийн компани            74, 575, 576          3, 3, 3             
өрийн хэрэгсэл                  81, 82, 87, 114       2, 8, 13, 7         
                                119, 163, 195, 199    11, 25, 6, 11       
                                266, 267, 268, 269    4, 12, 6, 6         
                                270, 270              6, 28               
нийслэл                         82, 90, 91, 109       4, 2, 2, 4          
                                110, 114, 119, 147    4, 4, 4, 2          
                                201, 202, 301         2, 2, 4             
нэгж эрх                        84, 558, 569          5, 8, 2             
вексель                         96                    4                   
санхүүгийн зохицуулах хороо     102                   16                  
монгол улсын нутаг дэвсгэр      103, 104              3, 11               
шийдвэр                         105, 128, 129, 129    5, 45, 5, 23        
                                131, 141, 143, 152    14, 12, 31, 50      
                                192, 229, 265, 291    20, 11, 17, 5       
                                298, 311, 390, 471    4, 2, 5, 9          
                                471, 478, 483, 504    17, 9, 15, 12       
                                504, 505, 505, 505    17, 10, 18, 20      
                                506, 507, 647, 755    8, 3, 37, 7         
                                760, 784, 806, 826    8, 9, 12, 25        
                                933, 939, 1045, 1045  8, 15, 5, 14        
                                1046, 1056, 1068, 1076  20, 9, 7, 13        
                                1084, 1084            12, 21              
тохиолдол                       105, 109, 110, 129    12, 23, 23, 22      
                                132, 143, 151, 191    4, 24, 13, 8        
                                194, 210, 212, 223    2, 49, 30, 25       
                                226, 227, 228, 231    7, 8, 3, 22         
                                245, 245, 274, 287    8, 21, 11, 14       
                                295, 320, 391, 402    8, 24, 13, 18       
                                431, 437, 447, 456    25, 12, 4, 7        
                                461, 479, 479, 482    3, 4, 14, 16        
                                493, 497, 502, 541    4, 4, 6, 16         
                                550, 580, 589, 603    11, 2, 11, 25       
                                630, 647, 648, 649    16, 11, 29, 9       
                                694, 718, 779, 824    14, 14, 3, 2        
                                826, 848, 850, 855    19, 9, 3, 11        
                                906, 907, 947, 954    7, 15, 17, 8        
                                974, 1026, 1029, 1045  12, 24, 16, 7       
                                1061, 1065, 1091, 1092  2, 10, 10, 10       
биржийн арилжаа                 106                   2                   
мэдүүлэг                        107                   19                  
зөвшөөрөл                       107, 118, 131, 142    21, 17, 8, 29       
                                191, 191, 219, 219    17, 32, 9, 15       
                                223, 242, 257, 261    33, 5, 26, 20       
                                276, 287, 378, 380    9, 12, 15, 17       
                                420, 422, 436, 445    4, 6, 4, 2          
                                446, 447, 451, 456    4, 7, 2, 2          
                                456, 458, 460, 463    13, 2, 4, 2         
                                464, 470, 475, 476    2, 4, 2, 2          
                                477, 479, 482, 542    4, 2, 2, 16         
                                629, 768, 791, 817    21, 2, 26, 15       
                                818, 819, 837, 838    26, 12, 11, 21      
                                887, 1007             2, 14               
засгийн газрын үнэт цаас        109, 110, 232         18, 18, 7           
дүрэм                           109, 110, 277, 388    11, 11, 14, 3       
                                399, 401, 401, 528    7, 5, 9, 24         
                                539, 678, 700, 745    11, 7, 9, 4         
                                747, 775, 819, 877    14, 8, 9, 7         
                                890, 895, 905, 908    19, 2, 10, 6        
                                909, 911, 917, 917    4, 10, 4, 12        
                                918, 922, 938, 940    9, 5, 10, 5         
                                941, 942, 947, 989    5, 6, 14, 20        
                                1009, 1014            11, 11              
заавар                          116, 401, 408, 412    9, 12, 7, 7         
                                892                   12                  
үнэт цаасны бүртгэгч            123, 128, 132, 138    7, 37, 11, 2        
                                139, 141, 145, 146    11, 7, 13, 19       
                                204, 216, 257, 629    11, 5, 17, 13       
үнэт цаасны танилцуулга         128, 171, 173, 178    13, 2, 14, 3        
                                189, 190, 191, 191    6, 4, 13, 28        
                                192, 192, 193, 194    6, 30, 7, 3         
                                199, 207, 209, 227    5, 3, 11, 12        
                                230, 278              12, 10              
ажил                            128, 129, 221, 265    23, 26, 15, 20      
                                298, 319, 320, 428    16, 21, 26, 5       
                                478, 482, 492, 514    13, 22, 6, 6        
                                565, 601, 646, 749    10, 7, 10, 20       
                                871, 935, 936, 974    9, 8, 3, 3          
                                1032                  20                  
бүрдэл                          128                   54                  
баримт бичиг                    129, 134, 184, 298    8, 10, 8, 10        
                                725, 726, 874         7, 9, 6             
үнэлгээ                         129, 370, 488, 490    12, 7, 2, 41        
                                814                   7                   
мэргэжилтэн                     129, 174, 510, 511    17, 8, 1, 1         
                                513, 521, 886, 892    8, 4, 19, 7         
                                947                   9                   
дүгнэлт                         129, 152, 160, 172    18, 46, 11, 43      
                                173, 174, 175, 176    11, 10, 2, 2        
                                177, 178, 178, 179    2, 2, 13, 2         
                                180, 185, 190, 222    8, 2, 21, 21        
                                516, 735, 736, 783    11, 25, 25, 8       
                                939, 1037, 1045, 1056  26, 5, 31, 8        
тайлбар                         129, 772, 783, 946    19, 10, 6, 14       
                                1021, 1021, 1051      7, 26, 27           
хариуцагч                       130, 143, 144, 211    9, 38, 17, 31       
                                394, 533, 586, 623    8, 37, 27, 14       
                                655, 766, 1037        27, 12, 17          
зар сурталчилгаа                139, 407              25, 6               
ажилгүй                         144, 1021, 1043       12, 3, 9            
хөрөнгө оруулагч                152, 779, 1044, 1083  48, 4, 10, 8        
                                1089, 1090            9, 9                
зохиогч                         152, 158, 653, 670    13, 5, 12, 22       
                                752, 763, 775, 913    10, 2, 6, 5         
                                919                   7                   
өр                              152, 425              23, 20              
эрсдэл                          152, 167, 278, 707    31, 8, 36, 31       
агуулах                         152, 179, 185, 333    58, 7, 3, 6         
                                614, 615, 856         31, 9, 6            
холбоо                          155, 490              11, 39              
хуулийн этгээдийн улсын бүртгэл  156                   4                   
регистрийн дугаар               156                   9                   
улсын бүртгэлийн дугаар         157                   18                  
биет бус хөрөнгө                159                   27                  
өөрийн хөрөнгө                  159, 270, 270, 533    22, 13, 35, 35      
                                544                   4                   
зарлаг                          159, 616, 617, 618    9, 14, 24, 24       
                                928, 928              10, 31              
санхүүгийн тайлан               160, 173, 296, 785    4, 7, 11, 12        
                                1066                  10                  
аудитын байгууллага             160, 296, 728, 733    8, 6, 13, 4         
хэлцэл                          161, 238, 476, 589    20, 17, 22, 20      
                                636, 665, 670, 724    22, 18, 15, 10      
                                761, 773, 858, 989    11, 10, 3, 22       
                                989, 990              38, 28              
үнэлгээний тайлан               170                   9                   
аудитын үйл ажиллагаа           172, 489              34, 13              
шинжээч                         174, 190, 212, 1035   7, 33, 22, 7        
                                1095                  10                  
нотлох баримт                   175                   6                   
овог                            180, 324              2, 3                
ерөнхий нягтлан бодогч          190                   18                  
гарын үсэг зурах                190                   34                  
зөвлөл                          190, 505, 506, 507    14, 17, 2, 2        
                                516, 517, 517, 518    10, 4, 9, 2         
                                519, 520, 924, 925    2, 2, 2, 2          
                                928, 928, 929, 930    9, 22, 18, 2        
                                953, 1082, 1083, 1084  13, 5, 24, 3        
хуульч                          190, 487, 487, 490    23, 16, 22, 28      
аудитор                         190, 732, 737         28, 3, 25           
андеррайтерийн үйл ажиллагаа    208, 592, 594, 603    14, 38, 17, 10      
мэдэгдэл                        210, 992, 993         77, 6, 6            
төрийн байгууллага              212, 890              35, 11              
мэдээ                           212, 292, 389, 412    29, 5, 14, 4        
                                539, 629, 973, 1021   6, 23, 6, 5         
даруй                           212, 298, 299, 391    38, 7, 16, 15       
                                532, 533, 737, 938    32, 17, 33, 25      
                                1065                  15                  
хохирогч                        215                   7                   
нэхэмжлэл                       215, 304, 310, 483    10, 9, 31, 19       
                                824, 1046             14, 22              
хөрөнгийн биржийн бүртгэл       218                   9                   
зээл                            220, 425, 541, 566    8, 19, 13, 23       
                                566, 569, 648, 862    26, 4, 9, 2         
                                915, 987              2, 4                
үнэт цаасны анхдагч зах зээл    223, 225, 229, 229    15, 11, 2, 16       
үнэт цаасны хоёрдогч зах зээл   223                   26                  
төсөл                           227, 295              16, 5               
номиналь эзэмшигч               240, 778              23, 19              
нийтийн мэдээлэл                257                   28                  
үнэт цаасны өмчлөх эрхийн бүртгэл  261, 608, 608, 620    11, 17, 35, 11      
                                631                   9                   
гуравдагч этгээд                270, 270              19, 39              
стандарт                        286, 396, 499, 815    13, 8, 5, 8         
гишүүн                          293, 517, 518, 520    9, 12, 3, 7         
                                876, 879, 886, 887    6, 6, 35, 12        
                                892, 893, 895, 899    19, 7, 6, 6         
                                899, 917, 918, 920    20, 7, 11, 25       
                                921, 924, 925, 928    2, 3, 3, 2          
                                928, 928, 928, 929    13, 23, 27, 2       
                                933, 935, 938, 939    2, 12, 6, 9         
                                953, 954, 1012, 1017  16, 10, 6, 6        
сонгогч                         294, 487, 728, 924    9, 17, 15, 4        
                                925                   4                   
хуурч мэхлэх                    306, 308, 988, 991    2, 20, 20, 17       
нөлөө бүхий хувьцаа эзэмшигч    308, 876, 967         4, 14, 4            
цахим хуудас                    319, 320, 344, 749    32, 37, 9, 31       
                                757, 979              16, 11              
нэгж                            325                   10                  
зөвлөх                          327, 504, 935, 1083   15, 38, 7, 20       
                                1087                  6                   
арга хэмжээ                     335, 474, 477, 530    9, 6, 13, 28        
                                897, 914, 915, 947    8, 9, 19, 20        
                                953                   5                   
төлөөлөгчийн газар              380, 413              13, 4               
салбар                          380, 413, 518         12, 3, 22           
харилцагч                       390, 391, 392, 476    10, 14, 4, 12       
                                479, 479, 480, 481    7, 15, 10, 20       
                                529, 530, 530, 531    4, 3, 24, 12        
                                531, 532, 532, 533    17, 3, 30, 21       
                                534, 535, 536, 536    3, 5, 6, 16         
                                537, 537, 538, 538    10, 41, 3, 14       
                                538, 539, 539, 541    22, 4, 28, 12       
                                541, 579, 585, 586    19, 12, 2, 13       
                                586, 586, 588, 589    15, 24, 14, 2       
                                601, 657, 658, 666    2, 34, 17, 10       
                                666, 668, 708, 724    14, 12, 16, 13      
                                730, 769, 770, 771    17, 12, 23, 22      
                                772, 774, 774, 775    12, 3, 8, 15        
                                815, 823, 988, 989    3, 5, 19, 6         
                                991, 1036, 1044, 1046  10, 18, 12, 6       
                                1066, 1070, 1083, 1089  4, 4, 10, 11        
                                1090                  11                  
тусгаарлах                      393, 480, 1022, 1066  10, 22, 32, 13      
зохион байгуулагч               395, 491, 601, 672    6, 15, 8, 4         
                                677, 687, 694, 702    4, 7, 6, 11         
                                914, 915, 1050        11, 21, 20          
шалгуур үзүүлэлт                403                   11                  
хураамж                         405, 575, 826, 826    8, 13, 10, 21       
                                910, 926              6, 6                
тохиромжтой этгээд              410, 425, 440, 454    8, 23, 6, 9         
                                817, 852, 869, 873    8, 6, 7, 2          
архивын баримт                  411                   3                   
тайлан                          412, 746, 783, 786    5, 5, 7, 5          
                                935, 944              9, 8                
өргөдөл                         421, 437, 874         15, 5, 4            
мэргэшил                        427, 516, 517, 517    2, 9, 3, 8          
                                871, 914              5, 4                
тоног төхөөрөмж                 428, 443, 994         8, 4, 4             
зөвшөөрөл эзэмшигч              449, 462              2, 2                
зохицуулах байгууллага          450, 490, 515, 528    20, 26, 15, 21      
                                785, 819, 850, 882    5, 2, 5, 7          
                                883, 884, 885, 886    7, 4, 9, 6          
                                887, 888, 889, 899    10, 4, 2, 2         
                                900, 901, 902, 906    2, 4, 7, 10         
                                907, 907, 908, 909    11, 17, 4, 2        
                                913, 917, 919, 920    2, 2, 4, 17         
                                929, 937, 938, 939    7, 4, 2, 6          
                                939, 940, 942, 943    19, 2, 12, 4        
                                944, 945, 946, 947    2, 2, 2, 2          
                                954, 954, 954         2, 15, 20           
тусгай зөвшөөрөл эзэмшигч       456                   8                   
их хэмжээний хохирол            465                   2                   
хөрөнгийн үнэлгээ хийх          488                   14                  
мэргэжлийн байгууллага          490, 491, 518, 826    42, 12, 13, 6       
                                1043                  5                   
мэргэжлийн сургалт              491                   9                   
гомдол                          504, 505, 892, 912    39, 6, 23, 7        
мэргэшлийн түвшин               514                   9                   
мэргэжлийн холбоо               515, 886              11, 49              
захиргааны байгууллага          518, 801              7, 10               
брокерийн үйл ажиллагаа         526, 527, 527, 533    5, 22, 26, 27       
                                593, 625              7, 8                
гэрээний стандарт нөхцөл        529, 606              13, 10              
итгэмжлэл                       536, 824              20, 12              
мөнгөн хадгаламж                537                   32                  
зуучлагч                        542                   12                  
нэхэмжлэгч                      552, 998              14, 16              
сангийн хөрөнгө                 555, 555, 556, 556    3, 11, 3, 16        
                                565, 572, 575         13, 8, 14           
нээлт                           561, 682, 866, 964    20, 7, 10, 2        
                                974                   7                   
хувийн ашиг сонирхол            572                   4                   
сангийн хөрөнгийн удирдлага     574                   3                   
хөрөнгө оруулалтын шийдвэр      582, 823              3, 8                
хамтран ажиллах гэрээ           603                   27                  
мэдээллийн сан                  608                   22                  
төлбөр авагч                    622                   16                  
зөвлөмж                         637, 840, 848, 892    16, 11, 2, 13       
худалдагч                       641, 642              14, 3               
батлан даалт                    648                   20                  
бусад оролцогч                  651                   5                   
бүтээгдэхүүн                    685                   2                   
тушаал                          691, 730, 817, 870    16, 6, 22, 5        
                                871, 871, 974         11, 26, 2           
бараа бүтээгдэхүүн              697                   4                   
хөдөлгөөн                       724                   15                  
орлого                          724, 998              27, 10              
хуулбарлах                      726                   15                  
санхүүгийн тайлангийн аудит     735, 736, 738         19, 19, 8           
хураагч                         753                   7                   
төлөөлөн удирдах зөвлөлийн хараат бус гишүүн  763                   8                   
олон улсын байгууллага          788, 790, 825, 828    9, 20, 8, 10        
                                829, 830, 834, 835    23, 10, 8, 9        
                                838, 1003             9, 13               
байгууллагын нууц               791                   12                  
захиргаа                        799, 800              8, 6                
төсөв                           832, 890              3, 21               
мэдээлэл ашиглах                834, 970, 997, 998    17, 4, 2, 2         
нийтлэг журам                   886, 892              32, 5               
шалгагч                         895, 1049, 1084       9, 2, 9             
урьдчилан сэргийлэх             915                   10                  
гүйцэтгэх удирдлага             931                   2                   
дотоод мэдээлэл                 960, 961, 963, 964    1, 1, 11, 20        
                                966, 968, 969, 973    3, 13, 17, 3        
                                974, 975, 977, 977    14, 15, 9, 20       
                                997                   8                   
хяналт шалгалт                  1000, 1001, 1012, 1017  5, 5, 23, 23        
                                1026, 1036, 1037, 1043  10, 38, 2, 7        
                                1047, 1049, 1050, 1052  5, 4, 2, 11         
                                1054                  8                   
зөрчил шалган шийдвэрлэх        1022, 1026, 1029      20, 35, 27          
гэр бүлийн гишүүн               1036                  28                  
удирдамж@@                      1047, 1049, 1049      7, 6, 11            
онцгой нөхцөл байдал үүссэн     1061, 1065            3, 6                
хэлэлцээр                       1089, 1090            2, 2                
