File: MNCLW00494.txt
Search Method: Aho-Corasick
Total runtime: 0.009452s
Found terms: 919

Term                            Line                  Word Place          

нийтлэх                         10, 12, 204, 205      3, 1, 4, 7          
                                206, 208, 210, 211    20, 20, 6, 41       
                                212, 212, 214         6, 33, 38           
олон улсын гэрээ байгуулах      14, 38, 40, 42        9, 4, 4, 18         
                                43, 44, 44, 70        13, 14, 29, 1       
                                71, 72, 73, 75        8, 5, 12, 10        
                                87, 88, 93, 94        1, 4, 8, 10         
                                98, 109, 115, 141     14, 7, 37, 5        
                                261                   18                  
гэрээнд нэгдэн орох             14, 79, 80, 81        22, 8, 7, 12        
                                82, 83, 84, 85        10, 56, 45, 7       
                                100, 101, 105, 141    8, 12, 19, 11       
тайлбар                         14, 85, 129, 136      25, 23, 11, 55      
                                137, 151, 152, 153    7, 4, 14, 7         
                                154, 154, 154, 155    6, 14, 18, 10       
                                156, 157, 157, 211    7, 9, 23, 1         
                                240, 240, 246         5, 8, 17            
мөрдөгч                         17, 35, 264           17, 13, 12          
тодорхойлолт                    18                    7                   
хэрэглэгч                       19, 140, 244, 245     3, 6, 8, 17         
                                246, 247              13, 16              
олон улсын гэрээ                20, 26, 45, 50        3, 3, 4, 5          
                                55, 57, 58, 59        7, 17, 19, 27       
                                60, 61, 63, 65        11, 8, 8, 27        
                                67, 76, 105, 128      11, 3, 23, 12       
                                134, 135, 136, 136    23, 11, 8, 39       
                                189, 190, 212, 253    19, 13, 16, 7       
олон улсын байгууллага          20, 23, 25, 34        23, 22, 12, 33      
                                50, 58, 65, 115       11, 3, 3, 16        
                                131, 139, 145, 150    31, 31, 30, 28      
                                152, 154, 257         48, 29, 33          
газар                           20, 20, 23, 23        12, 21, 11, 20      
                                25, 27, 33, 35        8, 18, 4, 22        
                                36, 37, 41, 41        11, 4, 14, 18       
                                42, 43, 43, 44        6, 4, 11, 13        
                                44, 44, 54, 64        23, 27, 16, 10      
                                72, 73, 75, 77        59, 32, 2, 52       
                                80, 81, 82, 84        36, 23, 2, 29       
                                89, 90, 92, 94        19, 20, 45, 2       
                                98, 99, 99, 101       2, 6, 56, 2         
                                101, 103, 105, 107    29, 26, 2, 32       
                                112, 120, 120, 123    6, 42, 59, 11       
                                126, 127, 128, 134    2, 2, 36, 2         
                                134, 136, 136, 136    33, 2, 18, 49       
                                136, 137, 137, 138    71, 2, 18, 2        
                                138, 144, 147, 148    27, 12, 8, 8        
                                149, 149, 150, 152    7, 17, 15, 5        
                                152, 155, 156, 157    36, 34, 41, 28      
                                161, 161, 168, 169    5, 23, 37, 2        
                                171, 176, 177, 178    44, 25, 2, 9        
                                182, 188, 189, 194    41, 22, 48, 49      
                                197, 198, 200, 201    26, 50, 66, 22      
                                201, 202, 208, 208    34, 34, 2, 15       
                                209, 209, 212, 212    32, 35, 12, 14      
                                212, 212, 222, 235    36, 39, 17, 8       
                                256, 262              4, 8                
тал                             20, 28, 28, 29        48, 9, 12, 22       
                                46, 46, 47, 47        11, 16, 12, 37      
                                48, 74, 74, 74        5, 9, 32, 35        
                                74, 89, 90, 91        40, 8, 9, 5         
                                92, 92, 99, 99        10, 29, 37, 40      
                                116, 131, 135, 139    7, 40, 16, 40       
                                145, 147, 154, 155    18, 37, 27, 9       
                                161, 168, 170, 170    43, 22, 10, 13      
                                170, 171, 171, 186    18, 18, 21, 15      
                                186, 187, 187, 194    18, 23, 26, 23      
                                194, 196, 196, 198    26, 19, 22, 26      
                                198, 200, 200, 218    29, 10, 13, 5       
                                218, 221, 228, 228    8, 7, 8, 13         
                                228, 238, 246, 247    16, 4, 14, 17       
                                257                   31                  
талууд                          20, 28, 28, 29        48, 9, 12, 22       
                                46, 46, 47, 47        11, 16, 12, 37      
                                48, 74, 74, 74        5, 9, 32, 35        
                                74, 89, 90, 91        40, 8, 9, 5         
                                92, 92, 99, 99        10, 29, 37, 40      
                                116, 131, 135, 139    7, 40, 16, 40       
                                145, 147, 154, 155    18, 37, 27, 9       
                                161, 168, 170, 170    43, 22, 10, 13      
                                170, 171, 171, 186    18, 18, 21, 15      
                                186, 187, 187, 194    18, 23, 26, 23      
                                194, 196, 196, 198    26, 19, 22, 26      
                                198, 200, 200, 218    29, 10, 13, 5       
                                218, 221, 228, 228    8, 7, 8, 13         
                                228, 238, 246, 247    16, 4, 14, 17       
                                257                   31                  
гарын үсэг зурах                21, 23, 27, 83        11, 35, 23, 9       
                                83, 84, 84, 87        17, 9, 17, 8        
                                88, 89, 90, 93        12, 14, 15, 13      
                                95, 100, 102, 103     14, 14, 15, 6       
                                103, 107, 107, 108    14, 18, 45, 27      
                                109, 113, 116, 126    17, 18, 19, 3       
                                127, 134, 136, 136    3, 18, 3, 25        
                                136, 144, 149, 209    33, 14, 19, 14      
                                210, 210, 211, 211    21, 33, 12, 24      
                                217, 222, 223, 235    16, 4, 4, 4         
                                262                   4                   
итгэмжлэл                       21                    3                   
зөвшөөрөл                       21, 35, 77, 154       22, 25, 47, 32      
                                262                   21                  
гүйцэтгэгч                      21, 145, 150, 262     29, 37, 35, 24      
байгууллага                     21, 25, 31, 31        33, 3, 28, 45       
                                34, 34, 34, 34        16, 20, 31, 37      
                                36, 44, 47, 49        5, 4, 26, 24        
                                49, 50, 51, 51        35, 33, 15, 33      
                                72, 72, 73, 74        43, 51, 27, 19      
                                74, 76, 85, 91        25, 15, 35, 24      
                                91, 96, 99, 108       32, 26, 23, 16      
                                115, 130, 131, 131    35, 17, 15, 27      
                                138, 139, 139, 143    17, 15, 27, 18      
                                145, 147, 148, 149    8, 18, 18, 29       
                                150, 152, 155, 156    8, 24, 21, 18       
                                156, 159, 161, 161    29, 18, 18, 28      
                                161, 162, 162, 166    54, 16, 24, 18      
                                167, 167, 168, 170    18, 29, 15, 33      
                                172, 174, 175, 176    26, 30, 8, 12       
                                176, 177, 177, 178    20, 21, 26, 24      
                                179, 180, 182, 182    20, 26, 8, 27       
                                182, 190, 194, 194    36, 37, 18, 37      
                                198, 198, 200, 200    21, 40, 53, 61      
                                209, 214, 216, 217    30, 8, 13, 14       
                                217, 225, 228, 232    46, 23, 21, 8       
                                247, 250, 252, 254    11, 17, 35, 7       
                                254, 257, 261, 262    25, 17, 61, 20      
гэрээ                           23, 35, 36, 50        3, 5, 7, 25         
                                97, 101, 132, 166     3, 16, 3, 3         
                                219, 220, 238, 249    3, 3, 3, 3          
                                252, 254, 261         3, 17, 3            
зохиогч                         25, 132               17, 19              
мэдэгдэл                        26                    27                  
чадамж                          27                    33                  
үр                              27, 99                34, 44              
төсөл                           28, 28, 29, 35        6, 31, 28, 20       
                                70, 72, 74, 74        7, 16, 10, 39       
                                74, 75, 77, 77        46, 22, 27, 38      
                                84, 89, 90, 91        31, 7, 8, 4         
                                92, 92, 94, 95        9, 30, 23, 4        
                                98, 99, 101, 115      24, 50, 31, 47      
                                116, 116, 120, 134    6, 11, 44, 35       
                                136, 136, 218, 218    20, 51, 10, 15      
хангагч                         30, 170, 179          10, 21, 23          
төрийн бус байгууллага          31                    39                  
захиргааны байгууллага          31, 34, 34, 241       36, 6, 26, 10       
хариуцагч                       31, 34, 74, 145       11, 14, 20, 36      
                                150, 182, 217, 250    34, 18, 9, 11       
                                261                   55                  
захиргаа                        31, 31, 34, 44        26, 43, 2, 2        
                                49, 49, 50, 51        22, 33, 31, 13      
                                51, 72, 72, 73        31, 41, 49, 25      
                                74, 76, 85, 91        17, 13, 33, 22      
                                91, 96, 108, 130      30, 24, 14, 15      
                                131, 131, 138, 139    13, 25, 15, 13      
                                139, 143, 145, 147    25, 16, 6, 16       
                                148, 149, 150, 152    16, 27, 6, 22       
                                155, 156, 156, 159    19, 16, 27, 16      
                                161, 162, 162, 166    52, 14, 22, 16      
                                167, 168, 170, 172    16, 13, 31, 24      
                                174, 175, 176, 176    28, 6, 10, 18       
                                177, 178, 179, 182    19, 22, 18, 6       
                                182, 182, 190, 194    25, 34, 35, 16      
                                194, 198, 198, 200    35, 19, 38, 51      
                                200, 209, 214, 216    59, 28, 6, 11       
                                217, 217, 225, 232    12, 44, 21, 6       
                                247, 250, 252, 257    9, 15, 33, 15       
                                261, 262              59, 18              
үйлчлэгч                        32, 33, 114, 191      5, 17, 16, 15       
                                214                   19                  
ажилгүй                         34                    12                  
шуудан                          34                    13                  
шүүгч                           34, 244, 245, 246     17, 7, 3, 4         
шүүх                            34, 244, 245, 246     17, 7, 3, 4         
монгол улсын нутаг дэвсгэр      35                    7                   
журам                           36, 54, 59, 72        9, 8, 6, 56         
                                75, 80, 81, 82        39, 33, 20, 28      
                                92, 94, 98, 99        35, 31, 44, 53      
                                105, 116, 120, 122    51, 46, 53, 15      
                                134, 155, 156, 161    37, 31, 34, 56      
                                178, 194, 198, 209    26, 42, 43, 41      
                                225, 245, 250         30, 15, 22          
хуулийн этгээд                  37, 53, 181           6, 6, 14            
иргэн                           37, 53, 181           8, 5, 13            
хэлцэл                          37                    17                  
үндэсний аюулгүй байдал         39                    12                  
эрх бүхий этгээд                40                    9                   
орчуулагч                       45, 49, 50, 51        9, 27, 36, 22       
                                52, 54, 77, 126       16, 4, 29, 45       
                                127, 152, 175, 179    54, 38, 19, 21      
                                180, 180, 210, 211    15, 19, 18, 9       
                                229, 261              10, 36              
сонгогч                         46                    17                  
тохиолдол                       49, 101, 123, 200     6, 21, 5, 20        
санхүүгийн байгууллага          50, 58, 65            20, 12, 12          
банк                            50, 58, 65            19, 11, 11          
зээл                            50, 58                23, 15              
баталгаажуулах                  52, 54, 261           19, 7, 39           
үйлчилгээ                       54                    9                   
гишүүн                          54, 112, 144, 149     17, 7, 13, 18       
аюул                            57                    6                   
хүн                             57, 214               13, 17              
этгээд                          60                    6                   
хөрөнгө оруулалт                61                    5                   
ерөнхий гэрээ                   62                    8                   
салбар                          62, 167, 174          3, 23, 35           
зохицуулалт                     63, 65, 67, 121       4, 25, 9, 12        
                                123, 135, 140, 141    14, 24, 5, 31       
                                141, 152, 154, 159    37, 43, 36, 25      
                                186, 187, 191, 196    11, 19, 7, 12       
                                200                   26                  
албан татвар                    65                    21                  
хураамж                         67                    6                   
санал                           70, 71, 72, 73        5, 12, 9, 16        
                                75, 76, 76, 77        14, 21, 26, 24      
                                79, 80, 81, 82        11, 10, 15, 13      
                                83, 84, 85, 85        59, 48, 10, 41      
                                92, 94, 98, 99        24, 14, 18, 16      
                                101, 105, 107, 113    15, 22, 29, 11      
                                119, 120, 136, 141    10, 28, 58, 14      
                                154, 155, 156, 162    8, 28, 10, 5        
                                168, 171, 182, 194    30, 38, 37, 7       
                                198, 200, 201, 201    10, 42, 23, 39      
                                249, 251              31, 15              
үзэглэх                         72, 75, 94, 98        15, 21, 22, 23      
                                115, 218              50, 14              
бэлэн байдал                    77                    9                   
хуулийн төсөл                   77, 83, 83, 83        33, 31, 37, 39      
                                105, 120, 122, 126    37, 36, 7, 17       
                                126, 127, 127, 127    19, 17, 23, 25      
                                128, 128, 132, 249    18, 33, 7, 35       
                                250                   5                   
шинжээч                         77, 96, 189, 190      5, 13, 45, 25       
тогтоол                         84, 101, 103, 120     30, 30, 27, 43      
                                128, 134, 134, 136    39, 34, 50, 19      
                                136, 136, 137, 138    50, 72, 19, 28      
                                147, 148, 152, 202    9, 9, 37, 35        
                                208, 208, 222         12, 16, 18          
шийдвэр                         87, 88, 89, 90        11, 15, 17, 18      
                                93, 94, 99, 100       16, 35, 7, 17       
                                101, 107, 113, 157    34, 33, 13, 12      
                                157, 177, 188, 188    26, 12, 9, 20       
                                197, 202, 220, 239    10, 26, 10, 27      
                                239, 240, 257         31, 11, 8           
төсөв                           96, 99, 212           10, 27, 40          
чуулганы хуралдаан              98, 105, 122, 122     35, 43, 12, 20      
дүгнэлт                         99, 107, 113          17, 30, 12          
бүрэн эрхийн итгэмжлэл          106, 108, 109, 115    4, 30, 4, 8         
                                116, 221              51, 8               
захирамж                        107, 108              37, 7               
төлөөлөгчийн газар              115                   24                  
шугам                           131, 139              29, 29              
тэмдэглэл                       134, 136, 219, 222    54, 76, 9, 7        
                                227                   13                  
агуулах                         135, 233              25, 7               
ажил                            145, 150, 182         35, 33, 17          
арга хэмжээ                     152, 261              52, 14              
батламж жуух бичиг              153, 226              15, 7               
үүрэг гүйцэтгэгч                158                   6                   
хяналт тавих                    164, 165, 168, 169    8, 11, 16, 11       
                                170                   34                  
цахим хуудас                    166, 213, 241         23, 21, 14          
зөвлөмж                         168, 179, 180, 181    23, 12, 18, 8       
                                247                   18                  
зохион байгуулагч               169, 261              14, 16              
хандив                          172                   9                   
тайлан                          173, 174, 181, 182    10, 14, 7, 15       
                                261                   31                  
төрийн байгууллага              174                   41                  
гэрээний гол нөхцөл             189, 190              40, 20              
олон улсын гэрээний үйлчлэлийг түр зогсоох  201, 202, 239         13, 20, 21          
мэдээлэл                        206, 213, 233         18, 18, 6           
нийтлэг журам                   208                   17                  
сан                             213                   14                  
ачаа                            214                   20                  
баримт бичиг                    217, 220, 224, 225    35, 7, 7, 12        
                                226, 230              13, 7               
хэвлэмэл хуудас                 261                   44                  
захиалагч                       261                   49                  
