File: MNCLW00616.txt
Search Method: Trie (MWE + Single-Word)
Total runtime: 0.003645s
Found terms: 190

Term                            Line                  Word Place          

орчны бүс                       6, 8, 8, 9            5, 9, 12, 7         
                                10, 11, 12, 13        5, 7, 38, 14        
                                16, 31, 31, 32        4, 26, 34, 9        
                                34, 36, 38, 46        11, 5, 22, 6        
                                47, 48, 50, 52        13, 8, 6, 6         
                                52, 63, 66, 69        16, 7, 12, 16       
                                77, 78, 79            7, 3, 6             
газар                           6, 8, 9, 10           3, 7, 5, 3          
                                10, 11, 12, 12        17, 5, 19, 36       
                                18, 20, 21, 21        14, 11, 3, 13       
                                23, 23, 25, 26        4, 13, 19, 9        
                                28, 29, 31, 32        6, 6, 7, 12         
                                33, 33, 36, 46        7, 11, 22, 3        
                                47, 50, 52, 68        3, 3, 5, 8          
                                69                    14                  
үйл ажиллагаа                   8, 69, 74, 77         14, 10, 28, 5       
байгалийн цогцолборт газар      12, 14                4, 12               
урьдчилан сэргийлэх             12                    16                  
иргэн                           12, 13, 23, 31        22, 3, 11, 23       
                                31, 35, 36, 38        39, 8, 12, 14       
                                40, 42, 52, 54        3, 2, 10, 8         
                                58, 61                13, 2               
баталгаажуулах                  12                    28                  
байгалийн нөөц газар            13                    9                   
дурсгалт газар                  13                    12                  
дархан цаазат газар             14                    4                   
ачаа                            18                    6                   
амьтан                          19, 20, 33, 68        5, 5, 14, 5         
                                71                    6                   
зам                             19, 71                11, 8               
орлого                          23, 55, 56, 57        8, 8, 12, 2         
                                58                    6                   
хүн                             25, 82                3, 4                
мал                             25                    7                   
ус                              25, 33                12, 12              
захиргаа                        31, 31, 32, 34        10, 13, 2, 2        
                                35, 35, 36, 43        17, 22, 18, 2       
                                66, 75                5, 5                
сум                             31, 32, 34, 36        15, 4, 17, 10       
мэдээлэл                        31, 33, 50            24, 3, 13           
тал                             31                    31                  
талууд                          31                    31                  
санал                           31, 34, 35, 47        33, 15, 5, 10       
                                48, 75                17, 6               
ой                              33                    15                  
ургамал                         33, 68                16, 6               
зөвлөх                          34, 48, 66            9, 16, 6            
байгууллага                     35, 35, 36, 54        19, 24, 20, 4       
                                74, 77, 79            34, 20, 5           
шийдвэр                         36, 80                15, 6               
зөвлөл                          37, 38, 38            5, 24, 26           
гишүүн                          39                    5                   
төрийн бус байгууллага          44                    6                   
хяналт тавих                    46, 49, 77            13, 11, 21          
зөвлөмж                         47                    11                  
төсөл                           47, 55, 61            12, 5, 13           
туслагч                         48                    15                  
сангийн хөрөнгө                 49                    3                   
зохион байгуулагч               49                    7                   
ажил                            49, 55, 70            6, 6, 2             
нийтэд түгээх                   50                    15                  
сан                             51, 52, 52, 58        5, 18, 20, 7        
                                59                    3                   
аж ахуйн нэгж                   54, 74, 79            5, 31, 2            
хандив                          54                    9                   
үйлчилгээ                       55, 61                7, 8                
этгээд                          56                    7                   
төлбөр                          56                    11                  
аюул                            64                    2                   
гамшиг                          64                    3                   
арга хэмжээ                     68, 69, 70, 71        15, 21, 8, 11       
дамжин өнгөрөгч                 71                    3                   
үнэлгээ                         73, 74, 75            7, 45, 2            
ашигт малтмал эрэх              74                    12                  
усан сан                        74                    21                  
дүгнэлт                         75, 75                3, 7                
захиргааны байгууллага          78                    14                  
журам                           79                    20                  
шүүх                            79                    22                  
шүүгч                           79                    22                  
хуулийн этгээд                  82                    5                   
