File: MNCLW00444.txt
Search Method: Trie (MWE + Single-Word)
Total runtime: 0.012144s
Found terms: 631

Term                            Line                  Word Place          

нөхөрлөл                        6, 16, 20, 21         1, 5, 10, 10        
                                29, 32, 39, 41        1, 6, 1, 14         
                                63, 63, 64, 64        3, 5, 3, 5          
                                69, 70, 75, 76        14, 14, 30, 30      
                                89, 90, 102, 103      33, 33, 20, 20      
                                106, 119, 121, 128    1, 2, 7, 6          
                                136, 138, 147, 149    2, 5, 3, 1          
                                152, 153, 154, 155    8, 17, 6, 8         
                                156, 156, 173, 174    6, 9, 3, 2          
                                176, 177, 179, 182    6, 7, 7, 3          
                                183, 189, 190, 199    4, 5, 7, 5          
                                201, 204, 208, 208    5, 18, 4, 24        
                                208, 211, 212, 213    29, 8, 28, 6        
                                214, 215, 216, 216    8, 6, 6, 12         
                                218, 219, 219, 220    7, 12, 22, 12       
                                221, 228, 229, 230    7, 3, 5, 3          
                                230, 231, 232, 232    18, 4, 7, 19        
                                234, 235, 236, 237    3, 3, 5, 3          
                                250, 253, 255, 263    6, 5, 4, 5          
                                267, 268, 269, 270    6, 18, 5, 7         
                                270, 271, 272, 272    11, 25, 4, 6        
                                273, 274, 274, 276    5, 3, 13, 12        
                                277, 278, 278, 279    5, 6, 13, 6         
                                280, 286, 288, 289    12, 21, 9, 10       
                                290, 290, 291, 291    13, 16, 5, 9        
компани                         7, 8, 146, 223        4, 4, 3, 3          
                                225                   1                   
нийтлэх                         12, 14, 87, 88        3, 1, 10, 10        
удирдлага                       16, 128, 172, 253     10, 7, 4, 6         
                                261, 264              8, 2                
зохиогч                         16, 19, 23, 42        11, 18, 5, 8        
                                105, 106, 257         4, 19, 2            
тайлан                          16, 132               17, 3               
тодорхойлолт                    17, 116               6, 33               
хэрэглэгч                       18, 154, 213, 234     3, 14, 14, 11       
гэрээ                           19, 20, 55, 55        3, 11, 3, 5         
                                56, 56, 75, 76        3, 5, 7, 7          
                                79, 80, 169, 260      6, 6, 2, 10         
этгээд                          19, 21, 275           7, 6, 5             
үйлчилгээ                       19, 32, 75, 76        23, 4, 12, 12       
                                112, 159, 164, 195    4, 3, 12, 3         
                                244, 283              13, 4               
баримт бичиг                    20, 63, 64, 91        3, 16, 16, 10       
                                92                    10                  
байгууллага                     20, 21, 32, 35        8, 14, 15, 7        
                                35, 35, 39, 44        14, 19, 10, 9       
                                60, 61, 63, 64        8, 8, 9, 9          
                                67, 68, 69, 70        4, 4, 2, 2          
                                71, 72, 89, 90        2, 2, 2, 2          
                                93, 94, 99, 100       2, 2, 11, 2         
                                100, 102, 103, 127    28, 6, 6, 6         
                                135, 136, 136, 169    6, 4, 14, 9         
                                208, 220, 250, 254    39, 30, 21, 4       
                                276                   8                   
шийдвэр                         20, 89, 90, 109       9, 31, 31, 8        
                                123, 123, 127, 131    12, 15, 4, 5        
                                175, 175, 198, 220    7, 10, 3, 10        
                                265, 265, 276, 286    10, 17, 9, 24       
                                287                   5                   
төсөл                           20                    12                  
хөрөнгө                         21, 60, 61, 162       4, 5, 5, 6          
                                184, 199, 201, 203    5, 12, 19, 4        
                                204, 205, 205, 205    19, 8, 16, 25       
                                206, 208, 212, 212    21, 7, 11, 25       
                                218, 219, 221, 230    2, 2, 2, 24         
                                230, 230, 243, 251    35, 39, 6, 5        
                                252, 268, 274, 275    10, 9, 17, 11       
                                278, 278, 283, 290    7, 14, 10, 24       
                                291                   15                  
хүн                             21, 145               9, 4                
гишүүн                          21, 24, 25, 63        15, 2, 2, 6         
                                64, 109, 111, 121     6, 6, 7, 3          
                                121, 132, 134, 138    11, 5, 8, 6         
                                152, 153, 154, 155    4, 4, 2, 4          
                                156, 175, 176, 177    2, 4, 5, 5          
                                177, 178, 178, 179    11, 5, 13, 6        
                                179, 180, 183, 183    12, 4, 2, 5         
                                184, 188, 190, 190    8, 7, 3, 11         
                                197, 198, 201, 204    14, 2, 11, 5        
                                204, 205, 205, 206    20, 6, 14, 9        
                                206, 208, 211, 212    19, 3, 4, 8         
                                212, 213, 214, 215    20, 2, 4, 2         
                                215, 216, 216, 217    19, 2, 11, 12       
                                218, 219, 220, 221    6, 6, 9, 6          
                                230, 230, 250, 252    20, 32, 3, 7        
                                254, 255, 255, 263    7, 2, 6, 3          
                                265, 265, 267, 268    8, 12, 2, 2         
                                269, 270, 271, 271    6, 10, 2, 26        
                                272, 273, 274, 276    7, 7, 14, 13        
                                277, 277, 278, 279    15, 30, 28, 4       
                                280, 281, 281, 282    8, 2, 4, 2          
                                286, 286, 287, 288    12, 16, 3, 2        
                                288                   4                   
журам                           32, 46, 73, 74        10, 32, 4, 4        
                                79, 80, 102, 103      4, 4, 14, 14        
                                106, 133, 134, 137    16, 6, 6, 23        
                                233, 245, 247, 261    26, 4, 10, 16       
                                262                   7                   
зөвшөөрөл                       32, 35, 35, 63        16, 9, 17, 15       
                                64, 112, 230, 289     15, 9, 8, 7         
үйл ажиллагаа                   39, 46, 63, 64        2, 21, 12, 12       
                                75, 76, 81, 82        19, 19, 2, 2        
                                93, 94, 116, 116      3, 3, 15, 18        
                                123, 137, 159, 176    18, 9, 5, 9         
                                177, 179, 181, 182    8, 8, 2, 4          
                                208, 218, 220, 230    31, 8, 20, 5        
                                230, 231, 231, 232    29, 6, 13, 3        
                                233, 235, 239, 244    13, 6, 2, 2         
                                251, 252, 259, 268    8, 17, 3, 5         
                                268, 271, 276, 277    23, 21, 2, 2        
                                277, 277, 278, 289    10, 18, 25, 4       
иргэн                           39, 167, 230, 231     18, 4, 14, 19       
                                240                   10                  
аж ахуйн нэгж                   42, 233               11, 4               
улсын бүртгэлд бүртгэсэн        44, 69, 70            10, 19, 19          
газар                           44, 96, 97, 97        4, 5, 4, 10         
                                99, 100, 102, 103     4, 25, 3, 3         
                                158, 233, 238, 240    6, 23, 6, 14        
                                241                   13                  
монгол улсын нутаг дэвсгэр      46                    17                  
хуулийн этгээдийн улсын бүртгэл  46, 106               25, 9               
хуулийн этгээд                  46, 116, 145, 231     11, 3, 5, 20        
                                250                   16                  
төлөөлөгчийн газар              46                    15                  
салбар                          46, 146               14, 4               
мөрдөгч                         46                    40                  
агуулах                         49, 50                6, 6                
дүрэм                           57, 58                4, 4                
үл хөдлөх эд хөрөнгийн улсын бүртгэлийн гэрчилгээ  60, 61                12, 12              
талууд                          60, 61, 87, 88        6, 6, 2, 2          
                                89, 90, 141, 179      23, 23, 9, 10       
                                251, 251, 272         13, 25, 12          
тал                             60, 61, 87, 88        6, 6, 2, 2          
                                89, 90, 141, 179      23, 23, 9, 10       
                                251, 251, 272         13, 25, 12          
мэргэжил                        63, 64, 230, 231      11, 11, 4, 12       
                                232, 233, 235, 251    2, 12, 5, 7         
                                252, 268, 268, 268    16, 4, 10, 22       
                                271, 283, 289         8, 3, 3             
хангагч                         69, 70, 280           11, 11, 4           
ажил                            69, 70, 127, 271      15, 15, 13, 14      
гэрчилгээ                       69, 70                22, 22              
улсын бүртгэл                   75, 76, 116, 136      31, 31, 38, 5       
ажилгүй                         75, 76                17, 17              
тохиолдол                       75, 76, 116, 208      29, 29, 29, 23      
                                220, 220, 231, 250    7, 26, 11, 9        
                                275, 280, 290         3, 5, 20            
чадамж                          83, 84                6, 6                
мэдээлэл                        87, 88, 272, 290      8, 8, 15, 27        
гомдол                          89, 90, 93, 94        35, 35, 6, 6        
                                198, 287              10, 12              
захиргаа                        97                    7                   
мэдэгдэл                        100                   9                   
тэмдэглэл                       100                   21                  
санал                           111, 175, 184, 185    8, 6, 11, 6         
                                188, 197, 206, 264    8, 15, 12, 5        
                                265, 269, 281         14, 11, 7           
улсын бүртгэлийн байгууллага    116                   35                  
комисс                          126, 127, 128, 128    5, 10, 3, 14        
                                130, 137, 138         3, 3, 3             
гүйцэтгэгч                      127, 137, 268         15, 5, 26           
үүрэг гүйцэтгэгч                130                   5                   
төлбөр                          133, 140, 141, 204    2, 20, 10, 14       
                                205, 206, 206         2, 4, 32            
эд хөрөнгө                      134, 153, 153, 181    2, 8, 13, 7         
                                205, 205, 206, 206    12, 21, 2, 28       
                                212                   15                  
хариуцагч                       137, 153, 175, 190    25, 16, 15, 14      
                                212, 212, 230, 265    18, 27, 42, 22      
                                274, 280              12, 19              
шүүх                            138                   10                  
шүүгч                           138                   10                  
харилцагч                       140, 141, 204, 206    9, 8, 13, 31        
нэхэмжлэл                       141                   14                  
шинжээч                         144, 251              10, 18              
бүх гишүүд нь бүрэн хариуцлагатай нөхөрлөл  151, 153, 220         1, 18, 13           
эрх бүхий этгээд                160                   3                   
иргэний бүртгэлийн дугаар       160, 241              9, 15               
овог                            160, 167, 240, 241    6, 2, 5, 6          
үл хөдлөх эд хөрөнгө            162, 243              15, 15              
улсын бүртгэлийн дугаар         162, 243              19, 19              
үнэлгээ                         162, 164, 205, 243    8, 8, 35, 8         
                                244, 251, 251         9, 12, 16           
өргөдөл                         169                   12                  
хяналт тавих                    177, 277              12, 12              
бараа                           208                   12                  
зарим гишүүд нь бүрэн хариуцлагатай нөхөрлөл  210, 212              1, 29               
сонгогч                         231                   26                  
хөрөнгө оруулалт                233                   2                   
зам                             233                   8                   
хуульч                          233                   11                  
зах зээл                        251                   19                  
үр                              252                   19                  
хэлцэл                          260                   8                   
гүйцэтгэх удирдлага             261                   2                   
хэрэг гүйцэтгэгч                261                   6                   
төрийн бус байгууллага          271                   9                   
тушаал                          271                   16                  
хүсэлт                          272                   2                   
өөрийн хөрөнгө                  274                   10                  
бусад этгээд                    277                   8                   
арга хэмжээ                     277                   27                  
мэдээ                           277, 277              21, 22              
тайлбар                         286                   18                  
үйлчлүүлэгч                     290                   26                  
