File: MNCLW00065.txt
Search Method: Trie (MWE + Single-Word)
Total runtime: 0.019332s
Found terms: 663

Term                            Line                  Word Place          

мөнгөн хадгаламж                6, 11, 11, 12         3, 6, 22, 5         
                                13, 13, 18, 22        3, 27, 10, 11       
                                23, 33, 34, 99        11, 5, 3, 3         
нийтлэх                         8, 9                  1, 1                
хадгаламжийн даатгалын сан      11, 94, 95            31, 1, 1            
зах зээл                        11, 35                13, 2               
үйл ажиллагаа                   11, 13, 19, 21        34, 33, 49, 22      
                                34, 37, 40, 41        12, 7, 7, 3         
                                94, 95, 141, 202      4, 4, 6, 4          
                                205, 206, 208, 209    2, 2, 4, 3          
                                214, 263, 265, 267    7, 4, 3, 31         
                                282, 283, 283, 293    4, 3, 11, 2         
                                296, 296, 311, 318    21, 28, 5, 5        
                                322                   4                   
банк                            11, 13, 13, 13        5, 17, 20, 22       
                                19, 19, 19, 21        10, 32, 38, 3       
                                21, 21, 28, 28        29, 30, 4, 10       
                                31, 31, 31, 36        4, 10, 24, 10       
                                37, 40, 41, 43        13, 13, 2, 7        
                                67, 68, 69, 69        6, 9, 5, 10         
                                99, 104, 106, 115     13, 5, 2, 7         
                                140, 141, 153, 154    5, 5, 2, 6          
                                154, 155, 156, 158    19, 5, 6, 12        
                                159, 161, 161, 166    4, 23, 32, 17       
                                172, 173, 174, 176    7, 4, 9, 8          
                                184, 184, 184, 186    4, 10, 22, 14       
                                186, 190, 190, 213    28, 15, 17, 6       
                                217, 218, 236, 309    17, 11, 11, 10      
                                315, 333, 334, 335    25, 8, 11, 3        
                                337, 339, 339         9, 6, 11            
хангагч                         11, 35, 205, 206      17, 6, 7, 7         
                                239, 299, 333, 338    8, 10, 6, 18        
журам                           11, 18, 33, 34        25, 13, 8, 6        
                                66, 121, 130, 135     7, 8, 6, 16         
                                169, 171, 175, 223    5, 9, 10, 7         
                                250, 281, 336, 338    4, 4, 7, 14         
эрх бүхий хуулийн этгээд        13                    23                  
иргэн                           13                    14                  
хөрөнгө                         13, 19, 22, 23        30, 17, 16, 16      
                                27, 31, 31, 74        18, 27, 34, 6       
                                100, 101, 104, 108    6, 5, 7, 15         
                                112, 113, 119, 123    5, 3, 18, 6         
                                140, 147, 190, 212    8, 2, 16, 2         
шилжүүлэг                       13                    31                  
зээл                            13, 70, 71, 80        32, 19, 8, 5        
                                85, 105, 106, 118     40, 8, 12, 5        
                                221                   13                  
мөрдөгч                         15, 263, 345          17, 21, 12          
тодорхойлолт                    16                    6                   
хэрэглэгч                       17, 200               3, 10               
даатгалын үйл ажиллагаа         18, 19, 219           14, 2, 2            
хуулийн этгээд                  18, 21, 214, 248      23, 8, 13, 7        
                                342                   5                   
даатгалын нөхөн төлбөр          19, 36, 55, 76        28, 5, 14, 10       
                                77, 78, 87, 89        41, 41, 25, 5       
                                90, 91, 114, 119      18, 6, 3, 13        
                                163, 164, 165, 166    5, 23, 4, 10        
                                168, 170, 174, 178    4, 4, 5, 7          
                                179, 180, 180, 182    8, 3, 18, 3         
                                184, 186, 189, 190    25, 10, 6, 10       
                                211, 285, 338         7, 3, 5             
даатгалын тохиолдол             19, 51, 85, 87        22, 8, 22, 3        
                                155, 164, 166, 168    11, 2, 4, 12        
                                174, 178, 219         10, 3, 7            
санхүүгийн дэмжлэг              19, 48, 56, 115       45, 9, 5, 14        
                                119, 119, 121, 221    5, 27, 5, 14        
                                285                   11                  
монгол улсын нутаг дэвсгэр      21                    18                  
гадаадын хөрөнгө оруулалт       21                    26                  
зөвшөөрөл                       21                    16                  
салбар                          21, 244, 339          31, 4, 12           
сан                             27, 66, 96, 97        3, 9, 5, 3          
                                97, 100, 101, 123     5, 3, 2, 4          
тохиолдол                       28, 43, 50, 55        2, 2, 4, 2          
                                56, 68, 76, 77        8, 2, 2, 2          
                                77, 78, 78, 83        40, 2, 40, 2        
                                90, 104, 119, 148     14, 2, 26, 9        
                                154, 184, 211, 252    10, 17, 2, 2        
                                275, 302, 304, 315    8, 13, 14, 4        
шийдвэр                         28, 51, 53, 77        15, 5, 10, 37       
                                78, 148, 164, 165     37, 13, 28, 19      
                                252, 259, 274, 274    22, 7, 8, 12        
                                276, 285, 290, 291    3, 15, 7, 7         
этгээд                          30, 60, 63, 76        16, 11, 2, 9        
                                231, 248, 304, 315    11, 15, 21, 18      
                                317                   12                  
өөрийн хөрөнгө                  31                    25                  
тусгай зөвшөөрөл                37, 40, 41, 46        10, 10, 6, 3        
                                141                   9                   
даатгагч                        37, 40, 59, 63        15, 22, 4, 5        
даатгалын хураамж               40, 102, 132, 133     25, 2, 2, 2         
                                134, 135, 135, 155    4, 3, 14, 6         
                                288, 310              2, 2                
хадгаламжийн даатгалын үйл ажиллагаа  42, 43, 196           9, 3, 8             
гэрчилгээ                       42                    16                  
төлбөр                          44, 56, 70, 82        3, 12, 6, 5         
                                84, 85, 108, 108      5, 3, 2, 14         
                                132, 133, 148, 154    5, 5, 3, 8          
                                169, 172, 173, 175    3, 5, 3, 3          
                                248                   10                  
терроризм                       60, 77, 78            4, 18, 18           
санхүүгийн хэрэгсэл             61                    8                   
захиргааны байгууллага          65                    8                   
байгууллага                     65, 129, 161, 230     2, 6, 14, 4         
                                233, 289              8, 2                
тэтгэвэр                        66                    3                   
холбогдох этгээд                67, 247               7, 8                
санхүүгийн тайлангийн аудит     68                    10                  
аудитын байгууллага             68, 322               16, 20              
аудитор                         68                    14                  
хяналт шалгалт                  69, 80, 161, 219      2, 8, 29, 15        
                                225                   8                   
үйлчилгээ                       69                    11                  
хүү                             71, 72, 72, 85        7, 10, 14, 20       
                                85, 118, 161          41, 11, 34          
статистикийн мэдээлэл           72                    2                   
мөнгө угаах                     77, 78                15, 15              
хадгаламжийн даатгалын корпораци  83, 97, 153, 154      5, 8, 10, 11        
                                193, 194              1, 1                
валют                           83, 168, 201          15, 2, 5            
нотлох баримт                   90                    10                  
хамтарсан данс                  90, 91                15, 3               
бусад этгээд                    91, 328, 329          13, 6, 4            
удирдлага                       97, 193, 194          7, 5, 5             
газар                           99, 105, 124, 126     15, 2, 2, 17        
                                221, 236, 236, 249    12, 8, 25, 20       
                                252, 293, 322, 325    19, 18, 32, 22      
төсөв                           100, 283              2, 5                
хөрөнгө оруулалт                103, 122, 130, 130    2, 4, 4, 9          
                                283                   6                   
орлого                          103, 104, 327         5, 9, 6             
олон улсын байгууллага          105, 126              4, 7                
санхүүгийн байгууллага          106, 126, 246, 247    6, 21, 2, 2         
үйл ажиллагааны зардал          117                   4                   
төлбөр төлөгч                   118, 311              12, 3               
өр                              118, 240              10, 9               
аюул                            123                   7                   
үнэт цаас                       124, 125, 126         7, 2, 23            
хүн                             126, 242, 322, 342    5, 6, 18, 4         
үнэлгээ                         126, 161              12, 31              
гишүүн                          129, 147, 231, 232    7, 3, 9, 7          
                                234, 236, 236, 238    16, 9, 31, 8        
                                239, 249, 250, 252    5, 21, 7, 5         
                                260, 262, 263, 267    6, 3, 3, 14         
                                267, 268, 268, 270    23, 11, 22, 5       
                                271, 273, 274, 275    4, 11, 5, 5         
                                277, 277, 315, 317    15, 32, 7, 3        
заавар                          130, 281              7, 5                
хураамж                         135, 136, 136, 137    6, 5, 9, 2          
                                138, 139, 140, 141    2, 2, 2, 3          
                                142, 142, 145, 146    2, 27, 2, 15        
                                147, 148, 149, 151    20, 11, 2, 2        
                                151, 154, 154, 156    20, 7, 26, 8        
                                157, 158, 210         4, 9, 2             
нэхэмжлэгч                      145, 190              8, 24               
сангийн хөрөнгө                 148, 221              5, 6                
хүсэлт                          153, 154, 219, 220    3, 30, 18, 11       
                                253, 270, 335         4, 12, 2            
ажил                            153, 164, 166, 252    13, 13, 19, 24      
                                253, 262, 301, 302    2, 5, 13, 10        
                                305, 315, 317, 317    5, 15, 9, 24        
харилцах данс                   154, 202              22, 9               
мэдээлэл                        160, 165, 171, 217    8, 26, 5, 16        
                                218, 227, 309, 314    10, 4, 9, 4         
                                315, 333, 334, 335    36, 5, 10, 11       
                                336, 337, 338, 339    5, 6, 10, 5         
захиргаа                        161, 233              12, 6               
санал                           161, 268, 274, 275    15, 12, 7, 6        
                                275, 277              11, 29              
мэдэгдэл                        164                   7                   
нийтийн мэдээлэл                165, 205, 206         12, 9, 9            
талууд                          165, 170, 259, 290    10, 9, 4, 6         
тал                             165, 170, 259, 290    10, 9, 4, 6         
гүйцэтгэгч                      168, 237, 249, 250    8, 2, 6, 9          
                                255, 267, 270, 284    6, 15, 8, 2         
                                295, 296, 297, 299    4, 2, 4, 2          
                                300, 301, 302, 302    2, 2, 7, 15         
                                304, 305, 313, 315    16, 2, 2, 16        
                                317, 323              10, 6               
зарлаг                          168, 270              18, 20              
агуулах                         171                   6                   
сонгогч                         174, 175, 284, 289    22, 8, 4, 3         
                                297, 297, 322         7, 11, 14           
гэрээ                           176, 284              9, 8                
гуравдагч этгээд                179, 179, 315         3, 14, 29           
зохиогч                         193, 194              6, 6                
төрийн өмчит хуулийн этгээд     196                   20                  
хэвлэмэл хуудас                 200                   8                   
дотоод аудит                    203, 291              2, 2                
ажилгүй                         203, 255, 256         14, 5, 2            
тайлан                          217, 309, 318, 324    14, 7, 8, 8         
                                327, 327, 327, 336    3, 4, 8, 2          
санхүүгийн тайлан               218, 321, 337         2, 2, 3             
дүгнэлт                         218, 255, 322, 324    6, 11, 24, 10       
                                327                   11                  
магадлал                        219                   9                   
банкны эрх хүлээн авах          220                   3                   
хяналт тавих                    223, 281, 282, 283    11, 8, 9, 13        
                                310, 311              5, 7                
бэлэн байдал                    227                   11                  
шалгагч                         227, 308, 315         16, 6, 11           
нэр дэвшигч                     234                   8                   
тушаал                          236, 244, 245         28, 10, 10          
батлан даалт                    240                   2                   
хувьцаа                         247                   4                   
ажилтан                         250, 272, 315, 317    12, 5, 9, 5         
тогтоол                         250, 276              18, 4               
эмнэлэг                         255                   10                  
хувийн ашиг сонирхол            263                   10                  
ашиг сонирхлын зөрчил           263, 277              14, 6               
урьдчилан сэргийлэх             263                   17                  
үүрэг гүйцэтгэгч                267                   20                  
мэргэжил                        272                   6                   
гарын үсэг зурах                273, 274              12, 15              
тэмдэглэл                       273                   5                   
дүрэм                           280, 296              2, 6                
төсөл                           280                   7                   
үр                              293                   4                   
зохион байгуулагч               296                   31                  
нээлт                           297                   6                   
мэдээ                           309, 315, 315, 333    8, 23, 35, 4        
                                334, 336, 337         9, 4, 5             
арга хэмжээ                     312                   12                  
харилцагч                       315                   27                  
хариуцагч                       323, 337              8, 10               
зарлага                         327                   7                   
төрийн байгууллага              328, 329              4, 2                
зар сурталчилгаа                339                   7                   
шинжээч                         341                   10                  
