File: MNCLW00632.txt
Search Method: Aho-Corasick
Total runtime: 0.005760s
Found terms: 398

Term                            Line                  Word Place          

нийтлэх                         8, 9                  1, 1                
монгол улсын нутаг дэвсгэр      11, 24, 154           5, 32, 9            
улс төрийн хэлмэгдүүлэлт        11, 124, 125          23, 1, 1            
үр                              11, 124, 125          27, 5, 5            
хэрэглэгч                       16, 32                3, 15               
гэмт хэрэг                      17                    17                  
шуудан                          17                    21                  
төрийн бус байгууллага          18                    41                  
эрүүл мэнд                      18                    67                  
эд хөрөнгө                      18, 65, 77, 77        73, 31, 15, 18      
хүн                             18, 29, 65, 83        5, 12, 43, 15       
                                113, 115, 116, 129    9, 12, 20, 19       
                                130, 137, 151         19, 22, 4           
аюул                            18                    18                  
этгээд                          18, 44, 44, 52        19, 9, 14, 10       
                                56, 56, 57, 59        10, 25, 45, 11      
                                59, 61, 65, 69        25, 27, 61, 7       
                                69, 77, 81, 87        15, 12, 11, 7       
                                96, 97, 135           13, 12, 34          
шүүгч                           18, 24, 27, 32        33, 7, 3, 3         
                                33, 34, 46, 52        3, 3, 5, 24         
                                56, 57, 71, 86        3, 39, 5, 33        
                                90, 139               27, 5               
шүүх                            18, 24, 27, 32        33, 7, 3, 3         
                                33, 34, 46, 52        3, 3, 5, 24         
                                56, 57, 71, 86        3, 39, 5, 33        
                                90, 139               27, 5               
шийдвэр                         18, 25, 25, 27        44, 48, 54, 7       
                                31, 39, 46, 48        11, 22, 13, 12      
                                48, 48, 54, 55        15, 32, 7, 8        
                                56, 57, 61, 61        39, 59, 7, 23       
                                61, 69, 90, 91        35, 20, 35, 6       
                                95, 98, 99, 122       15, 16, 34, 18      
                                122, 137, 139         25, 28, 10          
мөрдөгч                         18, 52, 57, 63        46, 17, 5, 8        
                                65, 67                6, 6                
зам                             18                    64                  
сан                             18, 65, 120, 122      72, 23, 13, 21      
                                122, 148              23, 8               
гишүүн                          19, 44, 146           3, 22, 21           
үйлчлэгч                        23                    4                   
мөрдөн байцаагч                 24                    9                   
хэрэг бүртгэгч                  24                    11                  
үйл ажиллагаа                   24, 54, 149           16, 30, 4           
гадаадын иргэн                  24                    44                  
харьяалалгүй хүн                24                    46                  
прокурор                        24, 38, 47, 52        8, 17, 15, 27       
                                59, 63, 65, 67        3, 46, 50, 52       
                                71, 90                8, 33               
байгууллага                     24, 25, 25, 27        13, 47, 53, 6       
                                45, 48, 55, 69        5, 34, 6, 22        
                                90, 95, 98, 122       24, 14, 15, 35      
                                135, 137, 137, 139    13, 19, 27, 9       
                                143, 145              14, 23              
иргэн                           24, 24, 25, 25        19, 43, 11, 36      
                                27, 54, 57, 63        15, 20, 19, 26      
                                67, 87, 87, 93        32, 29, 39, 6       
                                99, 99                13, 31              
журам                           24, 31, 39, 51        23, 28, 31, 6       
                                52, 54, 77, 91        41, 36, 28, 27      
                                120                   12                  
төсөв                           25                    52                  
орлог                           27, 31, 139           5, 3, 8             
газар                           27, 32, 47, 52        40, 18, 16, 28      
                                52, 59, 63, 63        31, 4, 15, 47       
                                63, 65, 65, 67        52, 51, 56, 16      
                                67, 67, 71, 90        53, 58, 9, 34       
                                135, 137              21, 12              
нэхэмжлэгч                      27, 80, 81, 87        45, 5, 12, 5        
комисс                          31, 39, 44, 46        6, 7, 33, 8         
                                57, 63, 67, 71        27, 34, 40, 18      
                                113, 144, 144, 144    44, 18, 23, 31      
                                145, 146, 149         2, 2, 2             
тогтоол                         32, 38, 59, 63        19, 18, 40, 22      
                                65                    13                  
захиргааны байгууллага          39, 48, 54            20, 10, 24          
ажил                            39, 44, 48, 54        23, 28, 19, 10      
                                57, 61, 63, 67        22, 10, 29, 35      
                                71, 91, 91, 113       13, 7, 21, 37       
                                144, 148              13, 5               
тушаал                          39, 48, 54, 61        25, 21, 12, 12      
                                91                    9                   
гомдол                          41, 42, 44, 45        4, 4, 12, 3         
                                46, 47, 48, 49        18, 12, 30, 3       
                                49, 52, 54, 54        19, 13, 16, 34      
                                56, 57, 57, 59        35, 33, 55, 36      
                                59, 59, 61, 63        44, 50, 31, 40      
                                67, 121, 122, 122     46, 6, 8, 36        
                                159                   11                  
хууль ёсны төлөөлөгч            44                    23                  
гэр бүл                         44                    18                  
зохион байгуулагч               44, 57, 63, 67        30, 24, 31, 37      
                                71, 113, 144          15, 39, 15          
салбар                          44, 57, 63, 67        37, 30, 37, 43      
                                113, 144, 148         43, 30, 13          
захиргаа                        48, 54, 61, 61        14, 6, 6, 22        
                                91                    5                   
шалгагч                         52, 65                18, 5               
анхан шатны шүүх                54, 61, 90            17, 19, 28          
талууд                          54, 65, 97, 121       32, 44, 19, 5       
                                135                   25                  
тал                             54, 65, 97, 121       32, 44, 19, 5       
                                135                   25                  
тохиолдол                       57, 63, 67            18, 25, 31          
өргөдөл                         57, 63, 67            32, 39, 45          
санал                           57, 63, 67, 71        34, 41, 47, 10      
прокурорын шийдвэр              59                    48                  
архив                           63, 65, 65            10, 8, 18           
хураагч                         65                    33                  
илтгэл                          65                    39                  
бараа                           83, 87, 102, 106      3, 25, 22, 12       
                                134, 135, 135, 139    6, 6, 18, 16        
ачаа                            85                    20                  
нэхэмжлэл                       87, 87, 89, 90        14, 21, 5, 15       
                                90, 91                17, 16              
хангагч                         87, 141, 142          16, 8, 8            
эрх бүхий этгээд                90                    7                   
овог                            96, 127               14, 6               
бусад этгээд                    98                    26                  
баримт бичиг                    98                    28                  
гэр бүлийн гишүүн               102, 102              11, 25              
хорих ял                        102, 106              15, 6               
орон сууц                       104, 139, 139, 139    6, 23, 31, 36       
                                139                   49                  
шүүхийн шийдвэр                 111, 113, 115, 116    10, 5, 42, 14       
улсын  төсөв                    113                   32                  
улсын төсөв                     113                   32                  
хяналт тавих                    113, 143, 144, 145    45, 12, 38, 11      
сум                             113, 115, 144         13, 22, 32          
нийслэл                         113, 122, 139, 144    42, 10, 44, 26      
                                144, 148              29, 12              
байнга оршин суугч              115, 139              19, 40              
орлого                          116                   35                  
хүсэлт                          117                   22                  
хураамж                         118                   7                   
тайлан                          119, 120              12, 10              
мэдээлэл                        127                   17                  
төлбөр                          127                   22                  
албаны нууц                     129, 130              15, 15              
байгууллагын нууц               129, 130              17, 17              
сууц                            138                   4                   
гэрээ                           139, 139              22, 51              
орон нутгийн төсөв              148                   15                  
үндэсний аюулгүй байдал         149                   6                   
зөвлөх                          149                   9                   
хуулийн этгээд                  151                   5                   
