File: MNCLW00257.txt
Search Method: Aho-Corasick
Total runtime: 0.000692s
Found terms: 70

Term                            Line                  Word Place          

төрийн ордон                    5                     1                   
сан                             6, 11, 12, 13         3, 7, 5, 3          
                                13, 13, 15, 16        20, 25, 3, 3        
                                17, 18, 20, 20        5, 5, 46, 80        
                                37, 45, 53, 60        1, 26, 8, 1         
нийтлэх                         8, 9                  1, 1                
орлого                          11, 17, 18, 20        13, 16, 16, 2       
                                20, 23, 47            88, 1, 2            
төсөв                           11, 50, 51            17, 12, 12          
мөрдөгч                         13, 70                29, 14              
журам                           13                    30                  
төсвийн орлого                  15, 16                6, 6                
зарлага                         15, 16, 53, 53        8, 8, 2, 27         
                                56, 67                1, 2                
төсвийн ерөнхийлөн захирагч     17, 18, 50, 51        10, 10, 7, 7        
төрийн өмчийн оролцоотой хуулийн этгээд  20, 34                28, 8               
ашиглалтын тусгай зөвшөөрөл     20, 34                24, 4               
нөөц ашигласны төлбөр           20, 45                69, 15              
ашигт малтмал                   20, 20, 20, 34        21, 55, 67, 1       
                                45, 45                1, 13               
зохицуулалт                     20, 30                17, 4               
газар                           20, 20, 20, 30        18, 37, 52, 5       
                                34, 41                17, 3               
хувьцаа                         20, 34                41, 21              
үүсмэл                          20, 45                60, 6               
хүсэлт                          53, 65                17, 2               
