File: MNCLW00019.txt
Search Method: Trie (MWE + Single-Word)
Total runtime: 0.026237s
Found terms: 1033

Term                            Line                  Word Place          

төрийн ордон                    5                     1                   
нийтлэх                         10, 11                1, 1                
гадаадын иргэн                  13, 15, 27, 27        9, 15, 5, 14        
                                37, 41, 42, 237       11, 8, 14, 11       
                                248, 263, 286         6, 8, 23            
харьяалалгүй хүн                13, 21, 26, 37        11, 3, 3, 13        
                                41, 42, 55, 248       10, 16, 3, 8        
иргэн                           13, 20, 21, 22        7, 3, 2, 3          
                                24, 25, 25, 26        7, 3, 17, 2         
                                38, 41, 42, 43        9, 6, 12, 18        
                                46, 47, 48, 49        3, 3, 5, 3          
                                50, 55, 59, 124       3, 2, 3, 36         
                                160, 161, 176, 178    12, 29, 20, 9       
                                181, 182, 183, 184    12, 9, 3, 5         
                                187, 187, 191, 193    3, 13, 24, 3        
                                194, 223, 241, 251    3, 25, 12, 2        
                                256, 262, 333         12, 2, 10           
зөвшөөрөл                       15, 22, 27, 60        12, 16, 3, 18       
                                62, 63, 71, 72        4, 2, 4, 2          
                                81, 82, 84, 85        4, 12, 2, 2         
                                85, 85, 92, 93        22, 26, 20, 4       
                                100, 101, 103, 104    2, 2, 4, 2          
                                110, 111, 112, 113    16, 2, 4, 8         
                                117, 118, 120, 121    2, 2, 2, 8          
                                125, 162, 181, 227    2, 19, 17, 10       
                                233, 234, 237, 237    13, 15, 16, 31      
                                238, 239, 240, 241    9, 5, 18, 3         
                                241, 242, 243, 246    22, 3, 5, 6         
                                253, 254, 260, 260    9, 16, 5, 15        
                                262, 264, 265, 266    4, 7, 5, 14         
                                268, 274, 274, 277    3, 12, 17, 7        
                                278, 282, 286, 286    12, 8, 13, 18       
                                304                   6                   
мөрдөгч                         17, 136, 335          19, 7, 12           
үйлчлэгч                        18, 19                4, 5                
дадлагажих                      20, 37, 38, 43        8, 9, 14, 14        
зуучлагч                        22, 38, 41, 64        9, 4, 18, 4         
                                74, 85, 88, 95        4, 21, 11, 4        
                                100, 115, 123, 124    6, 4, 6, 37         
                                131, 134, 153, 174    20, 9, 4, 2         
гадаадад хувийн хэргээр зорчих  25, 25                4, 18               
цагаачлах                       25, 25                8, 22               
монгол улсын нутаг дэвсгэр      26, 293               5, 5                
гүйцэтгэх ажил                  26                    9                   
хөдөлмөрийн харилцаа            26                    15                  
үйлчилгээ                       26, 41, 41, 51        12, 2, 34, 6        
                                67, 67, 92, 92        2, 10, 14, 21       
                                106, 128, 142, 152    2, 2, 2, 4          
                                177, 205, 227, 237    13, 4, 7, 25        
                                237, 243              32, 7               
хөдөлгөөн                       28                    9                   
зах зээл                        31, 86, 215           2, 5, 26            
хүн                             32, 52, 52, 65        2, 3, 27, 18        
                                123, 332              5, 4                
зохион байгуулагч               33, 161, 174, 183     8, 35, 4, 20        
ажилгүй                         34, 270               3, 4                
сонгогч                         34, 239, 241          5, 11, 7            
тодорхойлолт                    35, 75, 76, 77        6, 9, 6, 4          
                                97, 98, 99, 231       7, 6, 4, 5          
хэрэглэгч                       36                    3                   
ажилтан                         37, 43, 65, 67        2, 2, 14, 7         
                                85, 87, 89, 166       16, 13, 14, 10      
                                175, 180, 188, 195    4, 9, 4, 4          
                                200, 202, 202, 206    13, 12, 15, 23      
                                207, 210, 211, 213    12, 25, 9, 4        
                                217, 218, 220, 221    31, 11, 4, 19       
                                223, 224, 224, 225    5, 12, 22, 5        
                                226, 228, 238, 243    2, 2, 4, 2          
                                245, 246, 257, 259    2, 4, 2, 2          
                                260, 264, 265, 267    2, 4, 2, 4          
                                271, 273, 275, 276    3, 6, 2, 2          
                                277, 279, 281, 283    4, 2, 2, 2          
                                285, 287, 289, 291    2, 4, 2, 4          
                                302, 326              2, 3                
гэрээ                           38, 74, 87, 95        5, 5, 18, 5         
                                115, 131, 132, 132    5, 24, 3, 6         
                                135, 141, 143, 160    2, 15, 2, 6         
                                161, 162, 217         14, 5, 26           
тал                             38, 38, 87, 108       16, 21, 16, 26      
                                131, 133, 134, 134    28, 4, 16, 21       
                                141, 143, 153, 159    20, 7, 9, 12        
                                165, 179, 182, 288    12, 7, 10, 18       
талууд                          38, 38, 87, 108       16, 21, 16, 26      
                                131, 133, 134, 134    28, 4, 16, 21       
                                141, 143, 153, 159    20, 7, 9, 12        
                                165, 179, 182, 288    12, 7, 10, 18       
байгууллага                     38, 49, 52, 56        24, 24, 25, 3       
                                57, 60, 67, 82        2, 7, 11, 7         
                                88, 89, 89, 90        26, 21, 44, 7       
                                90, 92, 94, 104       46, 7, 28, 11       
                                108, 109, 110, 113    7, 19, 7, 7         
                                117, 121, 133, 135    11, 7, 11, 14       
                                135, 142, 160, 161    18, 10, 4, 7        
                                161, 162, 162, 166    12, 3, 26, 12       
                                170, 178, 179, 181    5, 24, 17, 25       
                                182, 186, 191, 191    19, 34, 8, 16       
                                199, 203, 208, 210    4, 16, 3, 15        
                                215, 221, 222, 223    18, 7, 5, 39        
                                228, 235, 255, 268    15, 18, 10, 10      
                                279, 294, 298, 311    10, 17, 27, 20      
                                312, 313, 314, 319    12, 17, 13, 15      
                                319, 319, 321, 321    31, 43, 7, 22       
                                322                   7                   
ажил                            39, 88, 89, 90        3, 16, 34, 20       
                                124, 141, 180, 189    34, 16, 2, 7        
                                195, 196, 197, 201    5, 7, 4, 4          
                                209, 212, 216, 217    4, 7, 15, 14        
                                217, 217, 217, 221    19, 23, 36, 12      
                                222, 222, 223, 223    6, 9, 9, 19         
                                224, 224, 226, 226    8, 17, 4, 14        
                                227, 233, 235, 236    6, 8, 5, 10         
                                241, 242, 247, 254    5, 6, 9, 10         
                                256, 257, 260, 265    2, 15, 10, 7        
                                265, 265, 271, 276    10, 14, 2, 4        
                                280, 281, 282, 294    6, 3, 10, 29        
                                320, 326              13, 4               
гүйцэтгэгч                      39, 196, 198, 199     15, 10, 7, 10       
                                270                   6                   
зуучлах үйлчилгээ               40, 42, 48, 49        3, 3, 9, 9          
                                50, 59, 65, 70        7, 7, 11, 7         
                                86, 87, 89            12, 9, 11           
хуулийн этгээд                  40, 51, 52, 54        10, 8, 28, 4        
                                55, 63, 70, 89        6, 7, 11, 5         
                                332                   5                   
тусгай зөвшөөрөл                41, 49, 49, 59        27, 12, 15, 11      
                                60, 82, 87, 88        8, 8, 28, 4         
                                90, 94, 94, 101       8, 5, 14, 8         
                                102, 108, 108, 110    15, 16, 19, 8       
                                113, 115, 119, 121    19, 8, 6, 9         
18 нас хүрсэн                   42                    7                   
гадаадад хөдөлмөр эрхлэхэд зуучлах гэрээ  44                    5                   
захиргаа                        49, 59, 60, 82        22, 15, 5, 5        
                                88, 89, 90, 92        24, 42, 5, 5        
                                94, 104, 108, 109     26, 9, 5, 17        
                                110, 113, 121, 133    5, 5, 5, 9          
                                135, 161, 162, 179    12, 5, 24, 15       
                                182, 191, 191, 215    17, 6, 14, 16       
                                311, 312, 319, 321    18, 10, 13, 5       
                                322                   5                   
этгээд                          50, 65, 66, 68        10, 2, 2, 2         
                                73, 269, 333          2, 2, 15            
гэмт хэрэг                      52, 65, 66            11, 26, 4           
хөрөнгө оруулалт                54                    2                   
журам                           59, 87, 92, 106       10, 36, 26, 3       
                                122, 136, 237, 243    8, 5, 37, 8         
                                245, 302, 314         12, 17, 18          
газар                           59, 70, 86, 92        25, 21, 2, 31       
                                158, 190, 203, 204    10, 18, 2, 4        
                                212, 214, 216, 216    24, 23, 5, 25       
                                218, 218, 219, 219    23, 28, 2, 22       
                                237, 243, 245, 295    42, 13, 20, 2       
                                295, 296, 296, 302    29, 5, 17, 19       
                                314, 319              20, 8               
гишүүн                          59, 65, 70, 92        26, 8, 22, 32       
                                158, 199, 216, 237    11, 9, 6, 43        
                                243, 245              14, 21              
хангагч                         63, 67, 75, 87        6, 15, 6, 23        
                                131, 148, 176, 179    32, 8, 23, 19       
                                191, 217, 218, 219    37, 25, 13, 18      
                                223, 229, 256, 275    22, 6, 9, 13        
                                288, 325              27, 8               
гүйцэтгэх удирдлага             65                    9                   
хүн худалдаалах                 65                    16                  
шүүхийн шийдвэр                 65, 66                38, 19              
зөвлөл                          65, 89, 199, 215      7, 19, 7, 23        
                                223, 319              43, 34              
төлбөр                          65, 66, 97, 122       41, 22, 4, 21       
                                159, 293, 293, 302    5, 3, 27, 9         
өр                              65, 66, 76, 77        42, 23, 4, 2        
                                97, 98, 99            5, 4, 2             
стандарт                        67                    13                  
өөрийн хөрөнгө                  68, 70                3, 13               
зөвшөөрөл эзэмшигч              70, 87, 88, 89        2, 2, 2, 2          
                                94, 105, 109          2, 2, 2             
баримт бичиг                    71, 85, 145, 260      7, 37, 8, 18        
улсын бүртгэлийн гэрчилгээ      73                    3                   
дүрэм                           73                    6                   
тайлан                          78, 96, 107, 107      9, 4, 4, 8          
                                250, 329              10, 15              
хураамж                         79, 122, 159, 230     3, 22, 6, 2         
хуулийн этгээдийн нэр           85, 241               11, 16              
хүлээн авагч улс                85, 90, 131, 181      17, 42, 3, 20       
                                186                   17                  
регистрийн дугаар               85                    14                  
гэрчилгээ                       85, 186, 210, 227     3, 14, 21, 3        
шийдвэр                         85, 90, 97, 104       24, 16, 2, 12       
                                117, 218, 219, 255    4, 29, 23, 3        
                                279, 296, 322         11, 18, 25          
салбар                          86, 200, 202, 203     11, 9, 9, 15        
                                212, 214, 223, 298    14, 14, 42, 17      
                                298                   19                  
хүсэлт                          87, 102, 105, 119     32, 11, 4, 9        
                                119, 187, 221, 225    15, 14, 21, 8       
                                265, 268, 328         9, 14, 11           
тохиолдол                       88, 110, 153, 161     15, 14, 15, 19      
                                170, 178, 180, 186    2, 17, 8, 21        
                                187, 218, 268, 276    12, 5, 8, 12        
                                278, 295, 298, 304    14, 27, 12, 8       
эрх бүхий этгээд                89                    8                   
тусгай зөвшөөрөл эзэмшигч       89, 111               52, 11              
хариуцагч                       89, 89, 90, 111       13, 55, 29, 14      
                                149, 153, 159, 161    6, 19, 13, 23       
                                173, 174, 174, 186    6, 3, 12, 26        
                                217, 225, 233, 237    4, 16, 4, 4         
                                239, 240, 247, 254    23, 4, 4, 4         
                                274, 276, 278, 286    4, 30, 4, 4         
                                286, 289, 290, 311    27, 14, 11, 9       
                                313, 319, 320, 328    16, 19, 4, 4        
                                329                   11                  
үр                              89, 100, 111          50, 11, 9           
иргэний улсын бүртгэл           90                    25                  
захиргааны байгууллага          90, 161, 173, 174     31, 25, 8, 14       
                                186, 217, 225, 233    28, 8, 18, 6        
                                237, 239, 240, 247    6, 25, 6, 6         
                                254, 274, 276, 278    6, 6, 32, 6         
                                282, 286, 286, 290    6, 6, 29, 13        
                                311, 319, 320, 328    11, 21, 6, 6        
                                329                   13                  
төлөөлөгчийн газар              90, 176, 200, 202     39, 14, 10, 10      
мэдээлэл                        90, 128, 131, 135     48, 6, 30, 7        
                                141, 148, 165, 166    22, 7, 20, 18       
                                170, 172, 177, 179    6, 3, 17, 18        
                                182, 221, 222, 229    12, 17, 11, 8       
                                240, 241, 286, 288    12, 25, 22, 26      
                                312, 313, 313, 314    3, 5, 8, 15         
систем                          92, 92, 92, 237       9, 19, 24, 9        
                                237, 237              30, 35              
үйл ажиллагаа                   100, 107, 116, 118    9, 11, 4, 8         
                                118, 133, 138, 161    12, 2, 13, 33       
                                183, 190, 212, 214    16, 5, 12, 12       
                                293, 298, 324, 327    9, 20, 19, 9        
мэдэгдэл                        108, 272              27, 9               
тайлбар                         109, 125              8, 8                
хуурч мэхлэх                    122                   16                  
мансууруулах эм, сэтгэцэд нөлөөт бодис үйлдвэрлэх  124                   15                  
хөдөлмөрийн аюулгүй байдал, эрүүл ахуй  124, 258              27, 7               
тэсэрч дэлбэрэх бодис           124                   3                   
нотлох баримт                   125, 228              9, 6                
төрийн байгууллага              128, 203, 322         8, 3, 18            
мэдээ                           128, 141, 281         5, 21, 6            
баталгаажуулах                  131, 185              33, 6               
хөдөлмөр эрхлэлтийн нөхцөл      134, 165              12, 6               
ажил олгогч                     134, 153, 239, 275    17, 11, 7, 6        
                                276, 289, 293         13, 12, 13          
санал                           134, 142, 143, 181    2, 6, 8, 28         
                                215, 218              24, 25              
олон улсын гэрээ                141                   11                  
хөдөлмөрийн нөхцөл              141, 177, 257, 320    18, 7, 13, 22       
мэргэшил                        145, 187, 187, 204    5, 6, 19, 7         
                                206, 212              19, 6               
зуучлуулагч                     153                   16                  
дэнчин                          159                   7                   
хэлэлцээр                       161                   15                  
мэргэжлийн сургалт              162                   8                   
суралцагч                       162                   14                  
мэргэжил                        162, 186, 208, 210    15, 11, 5, 23       
                                223, 228, 235, 256    13, 3, 12, 5        
                                294                   24                  
ерөнхий мэдээлэл                165, 288              13, 19              
хөдөлмөрийн аюулгүй байдал      166                   4                   
төрийн бус байгууллага          166, 184, 200, 202    14, 8, 6, 6         
                                324, 325, 328, 329    23, 3, 13, 4        
нийгмийн даатгал                167                   3                   
арга хэмжээ                     167, 168, 171         7, 5, 9             
эрсдэл                          168, 218              2, 2                
холбоо                          170, 184              3, 6                
хөтөлбөр                        173, 183, 189, 191    2, 13, 23, 34       
                                219, 290, 295         13, 7, 12           
хяналт тавих                    174, 223, 290, 311    16, 48, 17, 21      
                                318, 319, 322, 324    6, 51, 23, 28       
аюул                            178, 314              20, 11              
танилцуулга                     179                   9                   
хөдөлмөрийн гэрээ               180, 234, 239, 265    5, 8, 12, 12        
                                279                   14                  
төсөл                           183, 189, 191, 219    12, 22, 33, 12      
                                295                   11                  
сан                             184, 190, 190, 311    7, 10, 20, 2        
                                312, 313, 313, 314    2, 2, 7, 2          
                                314                   5                   
монгол ажилтан                  189, 310              5, 8                
жижиг, дунд үйлдвэрийг хөгжүүлэх сан  190                   11                  
гадаад ажилтан                  196, 214, 216, 217    5, 5, 11, 38        
                                218, 219, 224, 233    47, 24, 26, 10      
                                234, 234, 237, 239    6, 11, 17, 9        
                                240, 241, 247, 249    14, 8, 11, 6        
                                253, 254, 258, 259    5, 12, 18, 11       
                                266, 268, 274, 276    7, 5, 8, 19         
                                278, 286, 288, 292    8, 9, 9, 5          
                                293, 294, 295, 296    16, 8, 24, 11       
                                298, 300, 310, 320    28, 5, 10, 8        
                                320                   17                  
туслагч                         196                   11                  
тушаал                          197, 201, 209         3, 3, 3             
хөрөнгө оруулалтын компани      198                   2                   
гадаадын хөрөнгө оруулагч       198                   9                   
хөрөнгө                         198, 219              13, 10              
нэгж                            199                   3                   
эрүүл мэнд                      203, 294              11, 13              
спорт                           203, 208, 294         14, 2, 16           
мэргэжилтэн                     203, 204, 208         18, 8, 8            
эмнэлгийн мэргэжилтэн           205                   6                   
бүтээн байгуулалт               206, 295              3, 22               
эрдэм шинжилгээний байгууллага  207                   9                   
боловсролын байгууллага         207                   15                  
багш                            207, 208, 294         18, 6, 25           
дасгалжуулагч                   208, 294              7, 26               
мэргэжлийн боловсрол            210                   7                   
хөгжлийн бодлого                215                   10                  
ажилгүй иргэн                   217                   17                  
гамшгийн хор уршгийг арилгах    218                   41                  
шугам                           219, 295              3, 3                
хөнгөлөлт                       219, 295              6, 6                
зээл                            219, 295              7, 7                
уригч                           220, 233, 237, 246    7, 12, 15, 5        
                                247                   13                  
сул орон тоо                    221                   8                   
мэдээллийн нэгдсэн сан          222                   15                  
даруй                           222                   20                  
мэдээллийн сан                  224, 283, 307, 308    6, 3, 6, 6          
                                309, 310, 313, 313    7, 5, 14, 19        
үнэлгээ                         235                   15                  
овог                            241                   10                  
агуулах                         241                   26                  
хувийн баримт бичиг             259                   13                  
монгол улсын хил                276                   21                  
ажлын байрны төлбөр             291, 292, 294, 295    5, 7, 31, 30        
                                296, 298, 300, 302    13, 30, 10, 3       
                                304                   9                   
эрдэм шинжилгээний ажилтан      294                   21                  
ачаа                            295                   16                  
төрийн өмчит хуулийн этгээд     296                   7                   
дунд хугацааны хөгжлийн бодлого  298                   4                   
аж ахуйн нэгж                   298                   24                  
ашигт малтмал                   298                   13                  
газрын тос                      298                   15                  
удирдлага                       307, 308              5, 5                
цахим мэдээлэл                  310                   14                  
бүрдэл                          314                   3                   
ашиглалт                        314                   8                   
хяналт шалгалт                  320, 321              31, 11              
удирдамж@@                      321                   14                  
захиргааны үйл ажиллагаа        322                   20                  
шинжээч                         331                   11                  
