File: MNCLW00835.txt
Search Method: Trie (MWE + Single-Word)
Total runtime: 0.027788s
Found terms: 1323

Term                            Line                  Word Place          

төрийн ордон                    6, 7                  1, 1                
эрүүл мэндийн даатгал           8, 9, 56, 69          1, 1, 33, 7         
                                99, 99, 104, 116      13, 20, 6, 12       
                                268, 268, 309, 401    17, 35, 7, 15       
                                402, 407, 408, 415    15, 12, 12, 2       
                                416, 420, 421, 462    2, 12, 12, 7        
                                580, 591, 599, 604    15, 22, 35, 2       
                                624, 625              1, 1                
нийтлэх                         13, 14                1, 1                
эрүүл мэндийн тусламж, үйлчилгээ үзүүлэгч байгууллага  16, 42, 43, 95        48, 9, 9, 10        
                                99, 103, 189, 207     6, 10, 7, 15        
                                208, 223, 224, 235    15, 33, 33, 3       
                                235, 363, 440, 443    21, 28, 3, 19       
                                559, 613, 619         11, 10, 24          
эрүүл мэндийн даатгалын байгууллага  16, 28, 42, 43        43, 8, 4, 4         
                                51, 62, 99, 104       18, 8, 2, 15        
                                121, 207, 208, 217    2, 2, 2, 24         
                                218, 223, 224, 232    24, 28, 28, 23      
                                244, 250, 265, 266    18, 19, 1, 1        
                                320, 325, 407, 408    6, 6, 20, 20        
                                413, 413, 414, 414    11, 22, 11, 22      
                                420, 421, 427, 427    20, 20, 11, 22      
                                428, 428, 430, 435    11, 22, 4, 2        
                                470, 471, 485, 485    13, 13, 4, 17       
                                488, 536, 551, 552    8, 10, 10, 10       
                                591, 594, 594, 594    2, 6, 17, 27        
                                599, 609, 613, 616    2, 2, 5, 2          
                                619, 647              20, 4               
сангийн хөрөнгө                 16, 302, 303, 549     39, 5, 5, 4         
журам                           16, 23, 58, 59        8, 11, 6, 16        
                                60, 61, 62, 68        27, 15, 4, 6        
                                69, 72, 130, 194      4, 17, 10, 34       
                                217, 218, 302, 303    23, 23, 12, 12      
                                306, 311, 312, 339    11, 11, 15, 9       
                                340, 358, 359, 363    9, 9, 9, 38         
                                422, 423, 443, 450    15, 15, 41, 17      
                                464, 465, 466, 467    13, 17, 11, 5       
                                476, 477, 516, 519    9, 9, 16, 21        
                                582, 583, 622, 635    46, 46, 11, 13      
иргэн                           16, 16, 23, 24        16, 55, 6, 27       
                                35, 36, 56, 59        11, 17, 8, 3        
                                65, 72, 80, 84        25, 5, 4, 6         
                                90, 500, 532, 657     6, 15, 5, 8         
даатгагч                        16, 35, 59, 60        20, 8, 17, 28       
                                61, 65, 77, 104       16, 31, 5, 3        
                                310, 311, 342, 572    3, 3, 3, 4          
                                616, 663              10, 3               
даатгуулагч                     16, 25, 36, 37        26, 12, 6, 15       
                                38, 51, 51, 69        15, 4, 22, 12       
                                69, 70, 75, 76        21, 12, 1, 1        
                                112, 112, 113, 113    7, 25, 7, 25        
                                128, 128, 129, 129    1, 7, 1, 7          
                                131, 132, 133, 136    5, 5, 9, 11         
                                140, 140, 141, 144    5, 7, 6, 6          
                                145, 148, 149, 150    5, 5, 5, 5          
                                151, 152, 153, 189    5, 5, 5, 20         
                                200, 216, 217, 218    13, 18, 17, 17      
                                223, 224, 232, 235    6, 6, 9, 33         
                                243, 249, 250, 256    12, 9, 6, 21        
                                257, 260, 310, 333    21, 13, 10, 20      
                                334, 348, 349, 363    20, 20, 20, 34      
                                462, 468, 499, 500    15, 16, 5, 14       
                                608, 609, 609, 616    8, 7, 10, 7         
                                619, 634, 634, 642    8, 9, 19, 27        
сан                             16, 18, 19, 24        36, 38, 38, 23      
                                36, 37, 38, 155       4, 4, 4, 4          
                                229, 250, 260, 302    4, 4, 4, 9          
                                303, 306, 306, 320    9, 4, 8, 4          
                                325, 336, 337, 353    4, 4, 4, 4          
                                354, 439, 458, 466    4, 4, 4, 4          
                                528, 529, 533, 534    6, 4, 5, 5          
                                545, 548, 578, 580    4, 6, 5, 4          
                                582, 582, 582, 583    5, 8, 36, 5         
                                583, 583, 586, 587    8, 36, 6, 4         
                                607, 609, 609, 609    4, 22, 26, 32       
                                612, 613              3, 3                
эмнэлгийн хэрэгсэл              18, 19, 165, 166      16, 16, 7, 7        
                                256, 257              9, 9                
нийгмийн даатгал                18, 19, 268, 268      21, 21, 7, 31       
                                277, 278, 293, 294    6, 6, 17, 17        
                                330, 331, 333, 334    25, 25, 24, 24      
                                336, 337, 339, 340    18, 18, 10, 10      
                                348, 349, 387, 388    24, 24, 6, 6        
                                409, 410, 413, 414    10, 10, 8, 8        
                                427, 428, 546, 663    8, 8, 21, 10        
нийгмийн халамж                 18, 19                24, 24              
хяналт шалгалт                  18, 19, 494, 497      28, 28, 20, 4       
                                642                   17                  
эм                              18, 19, 37, 38        15, 15, 29, 29      
                                168, 192, 192, 256    21, 29, 34, 8       
                                257, 262, 336, 337    8, 15, 10, 10       
                                353, 354, 466         10, 10, 7           
хүн                             18, 19, 77, 277       36, 36, 7, 19       
                                278, 279, 280, 281    19, 12, 12, 13      
                                282, 387, 388, 389    13, 19, 19, 12      
                                390, 391, 392, 533    12, 13, 13, 3       
                                534, 660              3, 4                
тодорхойлолт                    21                    6                   
хэрэглэгч                       22, 622               3, 10               
эрүүл мэндийн даатгалын шимтгэл  23, 51, 78, 115       13, 6, 3, 2         
                                116, 128, 129, 131    3, 3, 3, 6          
                                530, 531              3, 4                
эрүүл мэндийн даатгалын сан     23, 24, 25, 35        18, 6, 6, 19        
                                50, 94, 139, 149      10, 18, 4, 7        
                                192, 194, 199, 216    21, 24, 19, 13      
                                217, 218, 238, 333    12, 12, 15, 8       
                                334, 348, 349, 502    8, 8, 8, 9          
                                526, 527, 547, 578    1, 1, 9, 6          
                                579, 582, 582, 583    7, 12, 29, 12       
                                583, 588, 589, 590    29, 4, 9, 3         
                                591, 599, 612, 612    7, 6, 5, 17         
                                647                   13                  
эрүүл мэндийн тусламж, үйлчилгээ  23, 25, 37, 38        24, 14, 9, 9        
                                50, 51, 70, 71        4, 11, 7, 20        
                                94, 112, 113, 115     7, 8, 8, 8          
                                128, 129, 154, 155    9, 9, 5, 9          
                                189, 204, 205, 213    16, 1, 1, 8         
                                216, 217, 218, 223    7, 7, 7, 14         
                                224, 229, 229, 232    14, 5, 14, 10       
                                235, 238, 243, 244    28, 9, 2, 3         
                                260, 262, 312, 333    6, 7, 6, 3          
                                334, 348, 349, 450    3, 3, 3, 3          
                                450, 461, 463, 465    21, 10, 3, 3        
                                494, 536, 550, 609    3, 5, 7, 12         
                                613, 619, 627, 642    21, 15, 6, 6        
хуулийн этгээд                  23, 25, 35, 36        7, 24, 17, 18       
                                72, 657, 660          7, 9, 5             
үйл ажиллагаа                   23, 25, 56, 71        30, 20, 36, 5       
                                235, 251, 309, 325    10, 5, 11, 10       
                                325, 407, 408, 420    14, 26, 26, 26      
                                421, 439, 443, 443    26, 11, 5, 35       
                                460, 462, 476, 477    17, 10, 5, 5        
                                500, 502, 546, 612    25, 6, 11, 11       
                                612, 624, 625, 627    21, 4, 4, 14        
                                646, 647, 653         7, 8, 5             
байгууллага                     25, 28, 56, 66        4, 6, 43, 16        
                                71, 95, 99, 148       13, 4, 19, 8        
                                189, 194, 217, 218    4, 45, 38, 38       
                                223, 224, 232, 236    4, 4, 19, 8         
                                237, 239, 249, 251    6, 4, 6, 4          
                                261, 268, 272, 273    15, 4, 6, 6         
                                277, 278, 279, 280    15, 15, 9, 9        
                                281, 282, 293, 294    10, 10, 24, 24      
                                297, 302, 303, 306    4, 23, 23, 22       
                                309, 330, 331, 333    17, 32, 32, 34      
                                334, 336, 337, 339    34, 28, 28, 6       
                                339, 340, 340, 343    20, 6, 20, 32       
                                344, 348, 349, 353    32, 34, 34, 28      
                                354, 358, 358, 359    28, 6, 20, 6        
                                359, 383, 384, 387    20, 6, 6, 15        
                                388, 389, 390, 391    15, 9, 9, 10        
                                392, 401, 402, 405    10, 23, 23, 6       
                                406, 407, 408, 409    6, 4, 4, 4          
                                410, 411, 412, 419    4, 4, 4, 5          
                                420, 421, 422, 423    4, 4, 4, 4          
                                425, 426, 453, 464    4, 4, 13, 6         
                                497, 499, 500, 515    11, 31, 11, 9       
                                547, 561, 566, 571    3, 4, 4, 3          
                                588, 589, 591, 599    24, 8, 30, 43       
                                604, 627, 642, 642    10, 4, 4, 22        
                                646, 650, 653, 653    6, 4, 4, 19         
                                657                   21                  
хөрөнгө                         25, 36, 502, 536      10, 28, 13, 19      
                                547                   5                   
эрүүл мэндийн байгууллага       28, 162, 168, 192     14, 10, 14, 15      
                                192                   36                  
эмийн сан                       28, 192, 192, 207     18, 39, 42, 22      
                                208, 443              22, 16              
үйлчилгээ                       28, 37, 38, 56        4, 37, 37, 30       
                                65, 93, 103, 111      22, 8, 4, 4         
                                155, 156, 158, 159    16, 4, 3, 8         
                                160, 162, 165, 166    8, 15, 5, 5         
                                173, 173, 177, 178    11, 15, 9, 9        
                                199, 200, 215, 230    18, 6, 6, 6         
                                236, 237, 249, 330    6, 4, 4, 20         
                                331, 339, 340, 343    20, 4, 4, 20        
                                344, 358, 359, 363    20, 4, 4, 4         
                                440, 443, 464, 470    10, 26, 4, 9        
                                471, 498, 499, 551    9, 4, 15, 9         
                                552, 559, 626, 631    9, 4, 6, 4          
                                632, 634, 635         4, 4, 4             
гэрээ                           28, 42, 43, 95        12, 2, 2, 5         
                                173, 189, 206, 207    12, 5, 4, 27        
                                208, 239              27, 5               
төлбөр                          35, 37, 38, 50        28, 6, 6, 9         
                                94, 103, 111, 111     12, 8, 7, 8         
                                112, 113, 155, 194    13, 13, 6, 29       
                                200, 204, 205, 213    8, 6, 6, 23         
                                215, 216, 217, 218    8, 12, 19, 19       
                                223, 223, 224, 224    19, 49, 19, 49      
                                229, 232, 238, 250    11, 15, 14, 7       
                                260, 260, 312, 333    11, 15, 12, 13      
                                333, 334, 334, 348    22, 13, 22, 13      
                                348, 349, 349, 363    22, 13, 22, 6       
                                450, 450, 465, 465    10, 25, 8, 12       
                                470, 471, 497, 498    2, 2, 13, 7         
                                499, 533, 534, 536    12, 7, 7, 2         
                                551, 552, 609, 619    2, 2, 17, 30        
                                626, 627, 634, 635    9, 12, 7, 7         
                                642                   12                  
орлого                          36, 84, 120, 132      22, 5, 10, 16       
                                439, 458, 528, 529    6, 5, 7, 5          
                                545, 578, 579, 582    5, 12, 13, 11       
                                583, 586, 587, 591    11, 7, 6, 11        
                                612                   9                   
сэргээн засах                   37, 38, 170, 171      23, 23, 5, 5        
                                173                   9                   
хариуцагч                       37, 38, 72, 139       8, 8, 19, 8         
                                149, 155, 216, 232    13, 8, 20, 20       
                                268, 470, 471, 532    38, 4, 4, 4         
                                536, 551, 552         4, 4, 4             
эмчлэх                          37, 38, 156, 256      22, 22, 2, 3        
                                257, 262              3, 4                
сувилах                         37, 38                26, 26              
хөнгөлөлт                       37, 38, 111, 168      31, 31, 9, 23       
                                192, 192, 336, 337    25, 48, 6, 6        
                                353, 354, 466         6, 6, 9             
мэдээлэл                        51, 99, 243, 244      16, 24, 14, 15      
                                459, 459, 462, 500    4, 8, 17, 29        
                                502, 572, 609, 609    24, 7, 19, 24       
                                609, 612, 613, 619    30, 14, 29, 32      
                                622                   7                   
агуулах                         51, 612, 613          17, 15, 30          
гэрчилгээ                       51                    25                  
эрүүл мэндийн даатгалын сангаас зардлын төлбөрийг нь хариуцах эрүүл мэндийн тусламж, үйлчилгээний багц  56, 65, 330, 331      15, 7, 5, 5         
                                343, 344              5, 5                
гадаадын иргэн                  60, 61, 82            12, 6, 5            
харьяалалгүй хүн                60, 61, 82            14, 8, 7            
даатгалын үйл ажиллагаа         62, 66, 461           5, 6, 5             
тусгай зөвшөөрөл                66                    9                   
аюул                            70, 93, 443           21, 4, 28           
ажилтан                         79, 249, 413, 414     12, 7, 19, 19       
                                415, 416, 427, 428    5, 5, 19, 19        
                                485                   16                  
гишүүн                          85, 284, 285, 293     8, 6, 6, 3          
                                294, 372, 372, 373    3, 12, 24, 8        
                                380, 381, 393, 394    6, 6, 6, 6          
                                409, 410, 519, 580    16, 16, 28, 22      
мэргэжлийн сургалт              87                    5                   
суралцагч                       87                    8                   
сонгогч                         95, 207, 208, 339     16, 12, 12, 7       
                                340, 358, 359, 413    7, 7, 7, 20         
                                414, 427, 428, 443    20, 20, 20, 33      
                                613                   9                   
оролцогч                        99, 500, 642          17, 10, 28          
тал                             99, 213, 261, 284     23, 28, 12, 7       
                                285, 309, 310, 372    7, 15, 12, 19       
                                378, 393, 394, 500    3, 7, 7, 27         
                                634, 642              8, 30               
талууд                          99, 213, 261, 284     23, 28, 12, 7       
                                285, 309, 310, 372    7, 15, 12, 19       
                                378, 393, 394, 500    3, 7, 7, 27         
                                634, 642              8, 30               
шуудан                          103                   6                   
эрх бүхий хуулийн этгээд        104                   20                  
зөвлөл                          104, 104, 131, 194    10, 13, 16, 49      
                                214, 217, 218, 251    5, 44, 44, 12       
                                267, 268, 272, 273    7, 16, 9, 9         
                                275, 276, 284, 285    2, 2, 2, 2          
                                287, 288, 290, 291    2, 2, 2, 2          
                                293, 294, 296, 319    2, 2, 2, 2          
                                372, 373, 380, 380    2, 4, 2, 8          
                                381, 382, 383, 384    2, 3, 9, 9          
                                385, 386, 393, 394    2, 2, 2, 2          
                                396, 397, 398, 399    2, 2, 3, 3          
                                401, 402, 409, 410    2, 2, 7, 7          
                                453, 460, 516, 573    16, 2, 18, 2        
                                588, 604, 622, 647    2, 27, 13, 2        
гомдол                          104, 342, 463, 634    24, 8, 11, 12       
хяналт тавих                    111, 115, 320, 440    10, 15, 30, 18      
                                450, 458, 498, 642    11, 9, 10, 13       
                                653, 657              20, 11              
гэр бүл                         112, 113, 509, 514    21, 21, 25, 5       
тохиолдол                       112, 113, 192, 235    20, 20, 46, 19      
                                256, 257, 261, 372    15, 15, 8, 9        
                                499, 509, 513, 514    28, 21, 4, 4        
санал                           131, 194, 217, 218    17, 46, 39, 39      
                                251, 284, 285, 293    9, 8, 8, 25         
                                294, 302, 303, 306    25, 24, 24, 23      
                                309, 330, 331, 333    22, 33, 33, 35      
                                334, 336, 337, 339    35, 29, 29, 21      
                                340, 343, 344, 348    21, 33, 33, 35      
                                349, 353, 354, 358    35, 29, 29, 21      
                                359, 372, 372, 393    21, 14, 22, 8       
                                394, 401, 402, 409    8, 24, 24, 8        
                                410, 453, 461, 463    8, 7, 26, 10        
                                599, 622, 634         32, 14, 13          
газар                           131, 277, 278, 387    20, 2, 2, 2         
                                388, 407, 408, 409    2, 7, 7, 15         
                                410, 420, 421, 422    15, 7, 7, 9         
                                423, 476, 477, 519    9, 11, 11, 27       
                                580, 589, 590, 609    21, 16, 2, 35       
                                622                   17                  
ажил олгогч                     140, 150              8, 6                
улсын төсөв                     144, 229, 532, 536    8, 18, 6, 16        
улсын  төсөв                    144, 229, 532, 536    8, 18, 6, 16        
этгээд                          149, 231, 232, 500    12, 5, 22, 24       
                                515                   17                  
захиргаа                        152, 194, 217, 218    7, 43, 36, 36       
                                268, 277, 278, 293    23, 13, 13, 22      
                                294, 302, 303, 306    22, 21, 21, 20      
                                330, 331, 333, 334    30, 30, 32, 32      
                                336, 337, 339, 340    26, 26, 18, 18      
                                343, 344, 348, 349    30, 30, 32, 32      
                                353, 354, 358, 359    26, 26, 18, 18      
                                387, 388, 401, 402    13, 13, 21, 21      
                                453, 588, 589, 591    11, 22, 6, 28       
                                599, 604, 653         41, 8, 17           
протез                          170, 171              9, 9                
сум                             173, 268, 594         2, 34, 4            
спортын клуб                    177, 178              3, 3                
идэвхтэй хөдөлгөөн              177, 178              5, 5                
спорт                           177, 178              7, 7                
эмнэлгийн тусламж, үйлчилгээ    182                   11                  
эмнэлэг                         185, 187, 494         2, 2, 10            
урьдчилан сэргийлэх             194, 199, 468         2, 7, 6             
халдвар                         194                   9                   
зохион байгуулагч               199, 438, 443         5, 8, 43            
даатгалын гэрээ                 207, 208, 440         24, 24, 13          
шалгуур үзүүлэлт                213, 519              19, 8               
төлбөрийн арга                  213, 217, 218         21, 21, 21          
төсөв                           213                   13                  
эрүүл мэнд                      232                   5                   
хохирогч                        232                   8                   
мэргэжилтэн                     235, 504, 509, 519    2, 8, 6, 6          
хангагч                         239, 243, 372, 411    8, 15, 21, 16       
                                412, 425, 426, 439    16, 15, 15, 9       
                                450, 460, 462, 519    20, 16, 18, 10      
                                582, 583              39, 39              
тайлан                          250, 586, 591         8, 11, 13           
зах зээл                        256, 257              16, 16              
захиргааны байгууллага          268                   27                  
ажилгүй                         275, 276, 385, 386    8, 8, 8, 8          
ажил                            290, 290, 291, 291    3, 7, 3, 7          
                                293, 294, 310, 310    4, 4, 18, 21        
                                380, 398, 399, 401    24, 4, 4, 4         
                                402, 519, 573         4, 12, 10           
нэмэгдэл                        293, 293, 294, 294    9, 14, 9, 14        
                                504, 516              14, 14              
эрх бүхий этгээд                309, 460, 461         24, 5, 28           
мэргэжил                        310, 485, 642         6, 13, 23           
холбоо                          310, 642              8, 25               
шинжээч                         310, 363, 642, 659    9, 26, 26, 10       
үр                              310, 461, 498, 519    22, 14, 8, 13       
                                559                   6                   
тогтоол                         311                   12                  
зөвлөмж                         311, 363, 363, 498    13, 14, 45, 14      
                                631, 632              9, 9                
удирдамж@@                      312, 499              20, 3               
үйл ажиллагааны зардал          320, 566, 571, 573    10, 5, 8, 12        
төсвийн хүрээний мэдэгдэл       320                   16                  
төсвийн төсөл                   320, 588, 589, 590    13, 8, 13, 7        
гүйцэтгэгч                      320, 374, 458, 465    28, 7, 7, 14        
                                470, 471, 509, 546    22, 22, 9, 16       
                                619                   31                  
удирдлага                       325, 405, 406, 407    17, 8, 8, 24        
                                408, 419, 420, 421    24, 7, 24, 24       
дүгнэлт                         325, 363, 363, 498    21, 13, 44, 12      
                                599, 607              33, 15              
өргөдөл                         342, 634              7, 11               
шийдвэр                         363, 647              41, 24              
хүсэлт                          376, 380, 381         8, 18, 14           
бараа                           379                   3                   
салбар                          407, 408, 413, 414    17, 17, 6, 6        
                                415, 416, 420, 421    8, 8, 17, 17        
                                427, 428              6, 6                
нэгж                            407, 408, 420, 421    18, 18, 18, 18      
                                627, 630, 650, 650    17, 5, 8, 13        
зарлага                         439, 458, 586, 587    7, 6, 8, 7          
                                591, 594, 612         12, 2, 10           
мэдээ                           460                   13                  
нэхэмжлэгч                      465                   9                   
заавар                          467                   7                   
тайлбар                         494                   23                  
стандарт                        499                   2                   
эд хөрөнгө                      502                   42                  
авлига                          502                   17                  
мэргэшил                        504, 516, 516         11, 6, 10           
тэтгэмж                         512                   6                   
тушаал                          512, 513              8, 10               
тэтгэвэр                        513                   8                   
хүү                             541, 542              4, 4                
алданги                         543, 546              9, 8                
хураамж                         545                   9                   
нийгмийн даатгалын байгууллага  546, 650              13, 15              
хөрөнгө оруулалт                561                   5                   
зөвлөх                          591                   32                  
мэдээллийн сан                  608                   6                   
цахим карт                      608, 616, 619, 622    9, 13, 5, 4         
                                622                   8                   
үнэлгээ                         612                   25                  
мөрдөгч                         650, 669              19, 32              
аудитын байгууллага             653                   10                  
