File: MNCLW00150.txt
Search Method: Trie (MWE + Single-Word)
Total runtime: 0.001389s
Found terms: 76

Term                            Line                  Word Place          

галт зэвсэг                     6, 7, 8, 11           1, 4, 9, 7          
                                12, 15, 15, 15        14, 2, 14, 24       
                                15, 15, 15, 17        33, 43, 48, 1       
                                23, 28, 29, 30        5, 6, 8, 9          
                                31, 40, 42, 45        4, 2, 6, 4          
                                45, 46, 46, 49        24, 8, 18, 3        
                                53                    3                   
албан татвар                    6, 7, 8, 11           3, 6, 15, 4         
                                12, 13, 14, 15        16, 4, 9, 5         
                                18, 39, 40, 43        1, 4, 4, 4          
                                45, 50, 51            16, 4, 4            
этгээд                          8                     14                  
иргэн                           9, 41                 3, 3                
хуулийн этгээд                  10                    5                   
зэвсэгт хүчин                   12                    6                   
тагнуулын байгууллага           12                    10                  
ан агнуур                       15, 28                19, 1               
үзмэр                           15, 23, 41            10, 1, 2            
цуглуулга                       15, 23                11, 2               
спорт                           15, 23                12, 3               
сум                             15, 31                47, 3               
байгууллага                     41, 45, 47, 47        14, 14, 14, 26      
                                48, 49                5, 2                
гэрчилгээ                       41, 46                16, 20              
татвар төлөгч                   44, 47, 51            2, 2, 2             
журам                           45, 46                27, 11              
тохиолдол                       46                    6                   
ажил                            46                    13                  
газар                           47                    9                   
хариуцагч                       47, 47                12, 24              
мөрдөгч                         53                    15                  
