File: MNCLW00365.txt
Search Method: Aho-Corasick
Total runtime: 0.002077s
Found terms: 185

Term                            Line                  Word Place          

хүү                             5, 28                 2, 33               
төрийн ордон                    10, 10, 14, 14        7, 10, 21, 30       
                                18, 33, 43, 46        8, 13, 6, 10        
                                47, 50, 51, 67        14, 7, 20, 6        
                                70                    14                  
үйлчилгээ                       10, 18, 23, 35        19, 3, 12, 4        
                                52, 53, 54, 54        5, 3, 3, 11         
                                60, 64, 72, 81        31, 4, 13, 4        
үйл ажиллагаа                   14, 17, 38, 51        16, 25, 6, 18       
                                53, 57, 68            10, 9, 13           
байгууллаг                      14, 14, 14, 16        7, 13, 25, 6        
                                18, 38, 43, 43        7, 9, 2, 9          
                                43, 43, 49, 53        25, 30, 12, 8       
                                54, 57, 60, 67        13, 6, 33, 5        
байгууллага                     14, 14, 14, 16        7, 13, 25, 6        
                                18, 38, 43, 43        7, 9, 2, 9          
                                43, 43, 49, 53        25, 30, 12, 8       
                                54, 57, 60, 67        13, 6, 33, 5        
этгээд                          14, 85                24, 7               
газар                           17, 17, 50, 50        12, 21, 18, 21      
                                51, 54, 54, 54        5, 18, 21, 26       
                                58, 61, 71            7, 35, 17           
газр                            17, 25, 25, 25        18, 18, 21, 24      
                                27, 28, 28, 29        17, 14, 29, 12      
                                29, 29, 29, 50        33, 36, 39, 23      
                                50, 54, 61, 61        26, 23, 24, 27      
                                61, 69, 71            30, 6, 6            
журм                            23, 40, 42, 49        14, 8, 15, 7        
                                50, 51, 54, 60        10, 12, 8, 28       
                                72, 75                10, 2               
өр                              25, 31                6, 3                
санал                           25, 43, 61            26, 26, 32          
ажл                             25, 50, 50, 63        35, 2, 4, 7         
                                64, 64                9, 17               
үндэсний аюулгүй байдл          27, 28, 28            10, 7, 23           
зөвлөл                          27, 28, 28            13, 10, 26          
эвсл                            27                    25                  
чуулганы хуралдаан              28                    21                  
арга хэмжээ                     29, 31                20, 9               
бэлг                            33                    4                   
бэлэг                           33                    4                   
төрийн ордн                     37, 43, 69            10, 33, 21          
холбоо                          38, 59                14, 7               
гадуур хамгаалалт               39                    3                   
баар                            41, 58                12, 15              
ажилтан                         41, 47, 64            17, 6, 5            
саад учруулсан                  43                    13                  
тохиолдол                       43, 69, 77            21, 27, 14          
шийдвэр                         43, 60, 69            32, 43, 7           
эрх бүхий албан тушаалтн        47, 48                7, 8                
төрийн байгууллаг               47                    4                   
төрийн байгууллага              47                    4                   
зөвшөөрл                        50                    28                  
хөдөлмөрийн нөхцөл              53                    14                  
ажил                            53                    13                  
ариун цэвэр                     56                    7                   
агаар                           56                    3                   
тоног төхөөрөмж                 57                    15                  
ус                              58                    10                  
аюул                            58                    11                  
мэргэжл                         58, 60, 60            16, 5, 20           
эрчим хүч                       59                    5                   
галын аюулгүй байдл             60, 60                24, 35              
тал                             61                    12                  
талууд                          61                    12                  
жагсаал                         69, 70                10, 6               
цуглаан                         70                    7                   
барилга байгууламж              71                    8                   
засварын ажил                   71                    14                  
эд хөрөнгө                      76                    4                   
эд хөрөнг                       76                    4                   
согтууруулах ундаа              77                    15                  
улсын төсв                      81                    8                   
гэмт хэрэг                      84                    8                   
гэмт хэрг                       84                    8                   
төрийн алба                     84                    12                  
төрийн алб                      84                    12                  
тушаал                          84                    5                   
хуулийн этгээд                  85                    5                   
хүн                             85                    4                   
