File: MNCLW00617.txt
Search Method: Trie (MWE + Single-Word)
Total runtime: 0.023546s
Found terms: 1334

Term                            Line                  Word Place          

газар                           8, 12, 12, 12         3, 16, 21, 32       
                                13, 14, 20, 20        6, 3, 3, 11         
                                22, 22, 24, 25        3, 36, 6, 5         
                                34, 36, 37, 39        8, 6, 5, 8          
                                39, 40, 40, 43        22, 8, 22, 9        
                                44, 45, 46, 46        16, 4, 27, 35       
                                48, 49, 50, 50        3, 6, 3, 16         
                                51, 59, 60, 61        4, 4, 4, 2          
                                61, 61, 63, 65        8, 25, 3, 3         
                                67, 69, 71, 73        3, 3, 5, 3          
                                73, 73, 73, 75        8, 37, 42, 3        
                                75, 75, 75, 75        7, 12, 19, 30       
                                77, 79, 79, 79        5, 3, 15, 20        
                                86, 126, 127, 139     30, 2, 2, 3         
                                140, 141, 142, 152    3, 6, 6, 22         
                                168, 169, 192, 195    3, 3, 20, 14        
                                196, 197, 198, 199    14, 16, 16, 17      
                                200, 201, 201, 202    17, 2, 16, 2        
                                202, 203, 204, 209    16, 12, 12, 17      
                                209, 215, 225, 227    46, 20, 9, 53       
                                229, 230, 234, 236    3, 22, 3, 6         
                                237, 238, 239, 239    2, 2, 3, 6          
                                239, 239, 240, 240    15, 19, 3, 6        
                                240, 240, 241, 242    15, 19, 5, 2        
                                242, 243, 244, 245    5, 4, 4, 4          
                                245, 245, 246, 246    16, 19, 4, 16       
                                246, 247, 248, 250    19, 4, 4, 4         
                                251, 256, 257, 258    4, 6, 6, 3          
                                259, 260, 261, 262    4, 4, 4, 4          
                                267, 268, 270, 271    16, 16, 17, 17      
                                277, 278, 279, 279    4, 4, 4, 12         
                                279, 280, 280, 280    18, 4, 12, 18       
                                284, 285, 287, 289    19, 19, 11, 11      
                                293, 297, 303, 305    4, 3, 10, 8         
                                306, 307, 307, 308    8, 17, 27, 17       
                                308, 316, 318, 319    27, 7, 4, 4         
                                326, 326, 328, 332    3, 10, 5, 7         
                                334, 338, 338, 343    6, 3, 10, 4         
                                343, 344, 344, 345    10, 4, 10, 11       
                                346, 353, 354, 359    11, 24, 24, 4       
                                360, 361, 362, 364    4, 18, 18, 3        
                                364, 368, 380, 388    10, 4, 4, 3         
                                389, 390, 392, 392    6, 3, 3, 22         
                                393, 394, 395, 397    16, 7, 37, 9        
                                399, 399, 402, 402    6, 27, 3, 52        
                                404, 406, 407, 409    28, 4, 26, 3        
                                409, 413, 414, 416    12, 10, 2, 5        
                                418, 418, 418, 420    3, 24, 26, 4        
                                420, 420, 422, 422    6, 26, 11, 31       
                                424, 424, 444, 444    14, 19, 9, 18       
                                444, 444, 444, 446    21, 24, 27, 2       
                                450, 452, 464, 468    6, 3, 8, 6          
                                471, 473, 475, 476    31, 6, 3, 3         
                                477, 478, 483, 483    2, 2, 6, 12         
                                484, 484, 485, 486    6, 12, 4, 4         
                                486, 488, 488, 490    14, 4, 14, 3        
                                491, 492, 493, 494    3, 4, 4, 12         
                                495, 496, 497, 498    12, 9, 9, 4         
                                499, 500, 501, 502    4, 4, 4, 8          
                                503, 505, 505, 505    8, 3, 12, 16        
                                508, 509, 510, 512    4, 2, 2, 5          
                                513, 514, 516, 517    5, 3, 30, 8         
                                517, 517, 519, 525    14, 23, 3, 6        
                                526, 528, 529, 530    4, 4, 4, 4          
                                537, 538, 542, 545    18, 18, 4, 9        
нийтлэх                         10, 424               1, 8                
ургамал                         12, 22, 88, 99        13, 23, 11, 10      
                                105, 106, 122, 123    3, 3, 14, 14        
                                129, 130, 154, 162    10, 10, 7, 24       
                                197, 198, 199, 200    4, 4, 4, 4          
                                207, 225, 267, 268    14, 11, 6, 6        
                                273, 274              18, 18              
амьтан                          12, 88, 99, 109       14, 12, 11, 3       
                                110, 131, 132, 154    3, 12, 12, 8        
                                162, 197, 198, 199    25, 5, 5, 3         
                                200, 207, 209, 225    3, 15, 26, 12       
                                264, 265, 347, 348    29, 29, 12, 12      
                                349, 350              3, 3                
шинжээч                         12, 22, 86, 88        23, 16, 6, 6        
                                96, 154, 192, 195     8, 6, 4, 6          
                                196, 207, 446         6, 9, 4             
мэдээ                           12, 152               30, 12              
соёлын өв                       14                    15                  
зөвшөөрөл                       14, 102, 115, 116     20, 11, 3, 3        
                                139, 140, 141, 142    6, 6, 11, 11        
                                143, 144, 165, 176    10, 10, 12, 3       
                                176, 177, 177, 261    13, 3, 13, 15       
                                262, 287, 289, 345    15, 15, 17, 5       
                                345, 346, 346, 390    20, 5, 20, 40       
                                395, 395, 399, 402    12, 32, 18, 13      
                                404, 420, 438, 494    13, 42, 5, 27       
                                495, 506, 526, 526    27, 6, 6, 14        
                                531, 532              7, 7                
мөрдөгч                         17, 550               18, 12              
тодорхойлолт                    18                    6                   
зохион байгуулагч               20, 113, 114, 243     21, 11, 11, 12      
                                244, 247, 248, 259    12, 22, 22, 13      
                                260, 318, 319, 334    13, 13, 13, 23      
                                336, 436, 517         41, 4, 28           
үйл ажиллагаа                   20, 46, 61, 73        24, 29, 15, 14      
                                88, 97, 102, 103      16, 20, 13, 8       
                                104, 109, 110, 124    8, 12, 12, 8        
                                125, 137, 138, 147    13, 7, 7, 13        
                                148, 165, 166, 167    13, 14, 8, 8        
                                171, 172, 173, 184    4, 8, 8, 8          
                                185, 186, 187, 209    13, 10, 11, 52      
                                230, 245, 246, 261    44, 22, 22, 11      
                                262, 264, 265, 267    11, 11, 11, 10      
                                268, 342, 345, 346    10, 15, 18, 18      
                                375, 375, 376, 376    11, 20, 11, 20      
                                393, 411, 426, 494    25, 18, 5, 6        
                                495, 498, 499, 502    6, 7, 15, 22        
                                503                   22                  
ашиглалт                        20, 409, 444, 464     17, 13, 19, 2       
                                494, 495              15, 15              
байгалийн цогцолборт газар      22, 28, 29, 150       11, 2, 2, 1         
                                151, 152, 153, 154    4, 24, 4, 1         
                                184, 185, 239, 240    4, 1, 27, 27        
                                252, 253, 281, 282    12, 12, 11, 11      
                                336, 341, 342, 390    9, 7, 4, 7          
                                407                   11                  
нэн ховор амьтан                22                    20                  
бүсчлэл                         22, 293               6, 6                
дархан цаазат газар             26, 27, 84, 85        2, 2, 1, 4          
                                86, 87, 88, 124       32, 4, 1, 4         
                                125, 252, 253, 281    1, 9, 9, 8          
                                282, 341, 342, 407    8, 4, 1, 5          
байгалийн нөөц газар            30, 31, 190, 191      2, 2, 1, 4          
                                192, 193, 194, 206    22, 4, 1, 4         
                                207, 209, 254, 255    2, 2, 2, 2          
                                323, 324, 390, 407    2, 2, 12, 16        
дурсгалт газар                  32, 33, 213, 214      2, 2, 1, 4          
                                215, 216, 217, 218    22, 4, 2, 3         
                                219, 225, 228, 230    3, 3, 4, 2          
                                254, 255, 323, 324    6, 6, 5, 5          
                                326, 336, 338, 390    4, 17, 4, 15        
                                407                   19                  
орчны бүс                       36, 37, 37, 39        8, 7, 11, 10        
                                40, 250, 251, 336     10, 7, 7, 20        
иргэн                           39, 40, 57, 58        15, 15, 2, 2        
                                81, 247, 248, 301     16, 15, 15, 8       
                                303, 320, 321, 353    5, 24, 24, 33       
                                354, 361, 362, 373    33, 13, 13, 7       
                                374, 375, 376, 390    7, 15, 15, 19       
                                397, 402, 404, 407    3, 19, 19, 21       
                                411, 471, 486, 488    11, 12, 9, 9        
                                499, 516, 517         9, 7, 32            
санал                           39, 40, 75, 307       18, 18, 33, 14      
                                308, 320, 321, 402    14, 18, 18, 28      
                                434                   13                  
захиргаа                        39, 39, 40, 40        27, 33, 27, 33      
                                46, 48, 75, 75        40, 19, 24, 32      
                                139, 140, 141, 142    5, 5, 8, 8          
                                256, 257, 258, 277    11, 11, 8, 24       
                                278, 281, 282, 307    24, 15, 15, 22      
                                308, 336, 342, 342    22, 39, 8, 11       
                                364, 367, 380, 397    15, 3, 17, 12       
                                397, 399, 402, 402    19, 32, 8, 55       
                                402, 404, 407, 414    57, 33, 2, 7        
                                418, 420, 450, 452    8, 31, 11, 8        
                                471, 471, 494, 495    22, 26, 23, 23      
                                496, 497, 516, 517    15, 15, 33, 13      
                                535, 535, 536, 536    7, 10, 7, 10        
                                537, 538, 542, 542    21, 21, 15, 19      
байгууллага                     39, 39, 40, 40        29, 35, 29, 35      
                                46, 48, 57, 58        42, 21, 6, 6        
                                75, 245, 246, 247     26, 21, 21, 19      
                                248, 256, 257, 258    19, 13, 13, 10      
                                277, 278, 307, 308    26, 26, 24, 24      
                                345, 346, 353, 354    7, 7, 37, 37        
                                364, 371, 372, 375    17, 11, 11, 19      
                                376, 380, 380, 390    19, 19, 22, 23      
                                397, 397, 399, 399    7, 14, 5, 34        
                                402, 402, 404, 404    10, 23, 23, 35      
                                407, 407, 411, 414    4, 25, 15, 9        
                                418, 420, 450, 452    10, 33, 13, 10      
                                471, 471, 486, 488    16, 24, 13, 13      
                                494, 495, 499, 516    25, 25, 13, 11      
                                525, 526, 528, 535    12, 16, 9, 12       
                                536, 542              12, 17              
улсын хил хамгаалах байгууллага  45, 46                12, 2               
журам                           46, 79, 79, 113       32, 12, 25, 9       
                                114, 122, 123, 178    9, 16, 16, 6        
                                179, 261, 262, 264    6, 10, 10, 32       
                                265, 267, 268, 270    32, 9, 9, 9         
                                271, 273, 273, 274    9, 12, 23, 12       
                                274, 275, 276, 279    23, 6, 6, 16        
                                280, 291, 297, 347    16, 8, 15, 3        
                                348, 349, 350, 351    3, 23, 23, 10       
                                352, 353, 354, 361    10, 25, 25, 11      
                                362, 380, 399, 424    11, 15, 14, 11      
                                483, 483, 484, 484    10, 19, 10, 19      
хилийн бүс                      48                    37                  
орлог                           48, 48                9, 27               
шийдвэр                         48, 239, 240, 305     22, 12, 12, 20      
                                306, 310, 311, 406    20, 11, 11, 7       
                                407, 413, 414, 471    29, 8, 10, 10       
                                517                   17                  
туслагч                         48                    28                  
ажил                            50, 51, 55, 56        6, 7, 6, 6          
                                61, 77, 97, 162       28, 12, 14, 22      
                                259, 260, 261, 262    12, 12, 9, 9        
                                267, 268, 289, 318    19, 19, 15, 12      
                                319, 336, 355, 356    12, 33, 10, 10      
                                388, 402, 525, 526    9, 45, 10, 26       
                                531, 532, 533, 534    4, 4, 4, 4          
                                535, 536, 537, 538    4, 4, 4, 4          
төсөв                           50, 424, 450, 456     7, 6, 3, 7          
                                494, 495              21, 21              
хөрөнгө                         51, 475, 476          9, 16, 16           
төсвийн хөрөнгө оруулалт        52, 53                6, 6                
аялал жуулчлал                  55, 56, 61, 113       2, 2, 13, 3         
                                114, 154, 164, 165    3, 17, 4, 1         
                                275, 276, 277, 278    2, 2, 15, 15        
                                353, 354, 411, 411    3, 3, 2, 16         
үйлчилгээ                       55, 56, 61            7, 7, 29            
орлого                          55, 56, 59, 60        8, 8, 15, 15        
                                61, 67                33, 7               
аж ахуйн нэгж                   57, 58, 247, 248      3, 3, 16, 16        
                                353, 354, 361, 362    34, 34, 14, 14      
                                371, 372, 375, 376    8, 8, 16, 16        
                                390, 397, 399, 402    20, 4, 2, 20        
                                404, 407, 411, 471    20, 22, 12, 13      
                                486, 488, 499, 516    10, 10, 10, 8       
хандив                          57, 58                7, 7                
этгээд                          59, 60, 369, 370      10, 10, 20, 20      
                                383, 384, 404, 409    9, 9, 37, 8         
                                420, 434, 438         35, 4, 2            
төлбөр                          59, 60, 61, 65        14, 14, 32, 7       
                                69, 299, 477, 477     10, 13, 3, 7        
                                478, 478              3, 7                
сан                             61, 261, 262          4, 22, 22           
хураамж                         61, 67, 299, 458      21, 6, 14, 12       
                                523, 523, 531, 532    3, 10, 9, 9         
нөөц ашигласны төлбөр           63                    6                   
бэлчээр                         65                    5                   
удирдлага                       73                    17                  
зохиогч                         73, 75, 77, 245       18, 13, 6, 9        
                                246, 418, 420, 464    9, 27, 7, 9         
хүн                             73, 88, 115, 116      20, 15, 6, 6        
                                176, 177, 227, 227    6, 6, 7, 18         
                                420, 422, 422, 547    19, 5, 22, 4        
үр                              73, 79, 79, 297       23, 7, 9, 9         
гишүүн                          73, 79, 424           43, 21, 20          
нээлт                           77, 418               18, 34              
тохиолдол                       79, 141, 142, 382     34, 4, 4, 10        
                                404, 420, 450, 483    25, 23, 27, 5       
                                484, 505, 508, 519    5, 9, 10, 9         
тусгай хамгаалалттай газар нутгийн менежментийн төлөвлөгөө  81, 295, 312          3, 2, 3             
нийслэл                         81, 301, 303, 314     15, 6, 3, 5         
                                316                   2                   
ачаа                            86, 152, 284, 285     16, 15, 13, 13      
                                359, 360              6, 6                
хангагч                         86, 99, 162, 243      24, 16, 29, 14      
                                244, 250, 251, 353    14, 17, 17, 31      
                                354, 364              31, 20              
хөрс                            88, 105, 106, 137     9, 2, 2, 2          
                                138, 267, 268         2, 5, 5             
ус                              88, 137, 138, 145     10, 3, 3, 11        
                                146, 209, 349, 350    11, 49, 5, 5        
хамгаалалтын арга хэмжээ        96, 229               14, 19              
ажиглах                         97                    10                  
гамшгийн хор уршиг              99                    17                  
хөтөлбөр                        109, 110, 250, 251    15, 15, 19, 19      
рашаан                          111, 112, 225, 273    2, 2, 32, 2         
                                274, 351, 352         2, 2, 2             
зам                             113, 114, 126, 127    6, 6, 36, 36        
                                178, 179, 275, 276    8, 8, 4, 4          
                                353, 354, 492, 493    5, 5, 6, 6          
орон байр                       115, 116, 353, 354    15, 15, 9, 9        
бүтээл                          118, 119              11, 11              
эм                              122, 123, 129, 130    11, 11, 5, 5        
                                273, 274              13, 13              
хүнс                            122, 123, 129, 130    13, 13, 6, 6        
                                273, 274              14, 14              
ашигт малтмал хайх              126, 127, 209, 230    7, 7, 21, 27        
бусад газар                     126, 127              34, 34              
үйлдвэрлэл-үйлчилгээний зориулалт  129, 130, 145, 146    11, 11, 12, 12      
                                209                   15                  
хэрэглэгч                       133, 134, 379, 380    18, 18, 7, 10       
                                380, 382              14, 12              
барилга байгууламж              135, 136, 143, 144    10, 10, 6, 6        
                                176, 177, 188, 209    8, 8, 12, 12        
                                230, 355, 356         19, 7, 7            
агаар                           137, 138              4, 4                
нислэг                          141, 142              19, 19              
мал                             143, 144, 174, 175    11, 11, 4, 4        
                                209, 279, 280, 336    38, 21, 21, 29      
                                361, 362              6, 6                
гамшгийн хор уршгийг арилгах    162, 334              33, 11              
хөрсийг нөхөн сэргээх           162                   30                  
арга хэмжээ                     162, 247, 248, 270    37, 25, 25, 23      
                                271, 353, 354, 475    23, 21, 21, 12      
                                476, 537, 538         12, 14, 14          
аж ахуй эрхлэгч                 174, 175, 209         5, 5, 39            
зураг төсөл                     176, 177, 178, 179    11, 11, 3, 3        
тээврийн хэрэгсэл               178, 179              10, 10              
зогсоол                         178, 179, 353, 354    12, 12, 14, 14      
биеийн тамир                    180, 181, 353, 354    2, 2, 16, 16        
бүрдэл                          195, 196              12, 12              
биологийн нөөц                  197, 198              14, 14              
усны эх үүсвэр                  203, 204              4, 4                
усны нөөц                       203, 204, 284, 285    10, 10, 2, 2        
ажилгүй                         207                   22                  
малчин өрх                      209                   42                  
түүх, соёлын дурсгалт газар     220, 221, 227         2, 2, 2             
соёлын өвийн дурсгалт газар     222, 223, 231         4, 4, 4             
сууц                            227                   10                  
суваг                           227                   30                  
бараа                           230                   15                  
төрийн байгууллага              234, 517              6, 20               
талууд                          236, 237, 238, 242    8, 8, 8, 7          
                                303, 305, 306, 316    12, 14, 14, 9       
                                332, 409, 413, 434    9, 22, 21, 5        
                                468, 475, 476, 481    12, 10, 10, 5       
                                482, 535, 536         5, 5, 5             
тал                             236, 237, 238, 242    8, 8, 8, 7          
                                303, 305, 306, 316    12, 14, 14, 9       
                                332, 409, 413, 434    9, 22, 21, 5        
                                468, 475, 476, 481    12, 10, 10, 5       
                                482, 535, 536         5, 5, 5             
гамшиг                          247, 248, 270, 271    6, 6, 12, 12        
                                334                   8                   
аюул                            247, 248, 250, 251    8, 8, 11, 11        
                                270, 271, 284, 285    14, 14, 8, 8        
тайлан                          261, 262              18, 18              
мэдээлэл                        261, 262              19, 19              
сорьц                           264, 265, 347, 348    20, 20, 9, 9        
ой                              267, 268              2, 2                
гүйцэтгэгч                      267, 268, 349, 350    20, 20, 25, 25      
                                355, 356, 377, 378    14, 14, 4, 4        
                                382, 490, 491, 533    6, 14, 14, 10       
                                534                   10                  
мэргэжлийн байгууллага          273, 274              25, 25              
суурин газар                    277, 278              9, 9                
төсөл                           277, 278, 393, 395    21, 21, 23, 40      
                                420, 422, 422, 444    37, 13, 20, 6       
                                444, 446, 452, 462    14, 13, 11, 4       
                                466                   3                   
салбар                          281, 282              25, 25              
сонгогч                         281, 282, 287, 328    41, 41, 24, 17      
                                399, 402, 402, 404    20, 15, 36, 15      
                                404, 407, 416, 418    38, 37, 11, 15      
                                430, 436, 442, 446    2, 2, 2, 14         
                                458                   2                   
газар ашиглах                   287, 388, 389, 394    13, 5, 8, 4         
                                395, 395, 398, 399    10, 30, 4, 16       
                                402, 404, 411, 416    11, 11, 6, 7        
                                418, 420, 420, 422    11, 12, 40, 33      
                                438, 470, 471, 471    3, 4, 17, 33        
                                473, 481, 482, 486    2, 2, 2, 6          
                                488, 496, 497, 499    6, 2, 2, 6          
                                506, 508, 514, 516    4, 6, 5, 2          
                                519                   5                   
хяналт тавих                    295, 345, 346, 355    10, 22, 22, 16      
                                356, 369, 370, 371    16, 12, 12, 5       
                                372, 542, 545         5, 27, 15           
үнэлгээ                         297                   13                  
сум                             301, 303, 332, 397    5, 2, 1, 21         
                                402, 496, 497, 516    60, 17, 17, 35      
                                537, 538              23, 23              
илтгэл                          305, 306              17, 17              
орон нутгийн хамгаалалт         310, 311, 320, 321    6, 6, 9, 9          
хуулийн этгээд                  328, 392, 420, 422    15, 7, 20, 6        
                                422, 517, 547         23, 33, 5           
хариуцагч                       328, 367              9, 5                
нөхөрлөл                        328                   14                  
гэрээ                           328, 345, 346, 438    19, 8, 8, 7         
                                470, 483, 484         7, 2, 2             
гамшгаас хамгаалах              334                   17                  
захиргааны үйл ажиллагаа        341                   11                  
шүүгч                           349, 350              12, 12              
шүүх                            349, 350              12, 12              
эрүүл ахуй                      353, 354              27, 27              
мэдээллийн сан                  359, 360              19, 19              
ажилтан                         367                   6                   
шалгагч                         373, 374              10, 10              
хураагч                         373, 373, 374, 374    12, 27, 12, 27      
зэрлэг амьтан                   385, 386              12, 12              
гадаадын хөрөнгө оруулалттай аж ахуйн нэгж  392                   16                  
олон улсын байгууллага          392, 393              9, 11               
гадаадын иргэн                  392                   12                  
харьяалалгүй хүн                392                   14                  
хүсэлт                          398, 399, 402, 409    7, 24, 24, 10       
                                411, 420, 468         9, 14, 4            
стандарт                        411                   25                  
оролцогч                        424, 434, 458, 462    3, 3, 4, 3          
зарлаг                          430, 440, 444         4, 3, 3             
тэмдэглэл                       454, 456              13, 11              
архив                           454                   15                  
нэгж                            454                   16                  
улсын тэмдэгтийн хураамж        458                   5                   
цахим хуудас                    460                   6                   
шалгуур үзүүлэлт                462                   6                   
улсын бүртгэлд бүртгэсэн        471                   38                  
гэрчилгээ                       471                   36                  
төлбөр төлөгч                   477, 478              9, 9                
өөрийн хөрөнгө                  490, 491              12, 12              
газрыг чөлөөлөх                 506, 516              12, 14              
эрдэм шинжилгээний байгууллага  526                   21                  
