File: MNCLW00086.txt
Search Method: Trie (MWE + Single-Word)
Total runtime: 0.006798s
Found terms: 381

Term                            Line                  Word Place          

вексель                         6, 12, 18, 18         1, 14, 18, 27       
                                21, 21, 22, 23        5, 8, 5, 5          
                                23, 25, 26, 26        16, 5, 7, 10        
                                26, 26, 27, 27        15, 17, 12, 19      
                                27, 28, 28, 29        21, 8, 10, 7        
                                29, 29, 34, 34        16, 18, 14, 18      
                                36, 41, 42, 43        2, 2, 2, 8          
                                44, 44, 44, 51        11, 16, 20, 3       
                                62, 63, 66, 66        3, 2, 2, 5          
                                68, 69, 69, 71        6, 4, 20, 4         
                                71, 73, 74, 76        21, 5, 9, 20        
                                82, 88, 88, 89        1, 1, 19, 1         
                                89, 91, 92, 98        19, 39, 15, 6       
                                103, 105, 106, 108    8, 1, 1, 3          
                                111, 115, 116, 118    12, 8, 5, 8         
                                119, 119, 119, 119    8, 12, 16, 33       
                                122, 128, 129, 129    6, 2, 4, 8          
                                134, 136, 142, 142    4, 8, 3, 17         
нийтлэх                         9, 10                 1, 1                
хуулийн этгээд                  12, 19, 22, 53        6, 9, 12, 11        
                                139                   5                   
иргэн                           12, 14, 19, 22        5, 6, 7, 10         
                                53, 77, 95, 109       7, 8, 8, 3          
                                136                   21                  
төлбөр                          12, 18, 18, 18        12, 3, 24, 29       
                                20, 20, 21, 21        10, 23, 7, 11       
                                22, 27, 33, 34        20, 15, 20, 5       
                                34, 35, 41, 42        15, 4, 4, 4         
                                43, 44, 46, 47        3, 13, 3, 2         
                                53, 58, 58, 58        4, 1, 3, 6          
                                59, 59, 59, 61        1, 3, 6, 3          
                                61, 62, 63, 65        15, 5, 3, 5         
                                66, 66, 67, 68        3, 7, 4, 3          
                                68, 68, 68, 68        8, 10, 12, 14       
                                69, 70, 70, 71        6, 21, 23, 3        
                                71, 71, 73, 73        6, 13, 3, 7         
                                75, 76, 76, 79        10, 12, 22, 3       
                                80, 80, 82, 83        3, 9, 3, 3          
                                88, 89, 91, 91        3, 3, 3, 4          
                                91, 91, 91, 91        17, 22, 31, 41      
                                91, 92, 92, 94        44, 3, 17, 5        
                                95, 100, 101, 102     3, 13, 4, 6         
                                103, 108, 108, 108    5, 5, 14, 17        
                                110, 111, 112, 113    6, 5, 4, 2          
                                113, 113, 115, 119    5, 15, 4, 14        
                                134, 134, 134, 136    2, 6, 8, 6          
                                142                   10                  
банк                            14, 35, 47, 71        8, 9, 6, 8          
                                71, 91, 108, 113      12, 36, 35, 14      
                                119, 124, 127         2, 6, 10            
мөрдөгч                         15                    17                  
хэрэглэгч                       17, 45                3, 3                
үнэт цаас                       18                    31                  
хөрөнгө                         18, 26, 27, 33        8, 6, 6, 4          
                                33, 111, 116, 119     17, 16, 8, 29       
журам                           18, 43, 45, 70        17, 6, 4, 12        
                                71, 91, 112, 136      25, 25, 10, 20      
вексель бичигч                  19, 20, 20, 21        5, 2, 21, 2         
                                46, 63, 65            4, 6, 2             
бараа                           20, 22, 136           6, 16, 2            
ажил                            20, 20, 22, 69        8, 16, 18, 12       
                                91, 136               8, 4                
үйлчилгээ                       20, 20, 22, 71        9, 17, 19, 16       
                                136                   5                   
нэхэмжлэгч                      21, 58, 59, 71        13, 7, 7, 10        
                                80, 90, 92            6, 4, 19            
этгээд                          21, 23, 80, 119       15, 13, 11, 19      
эрх эзэмшигч                    22                    7                   
зөвшөөрөл                       25, 28, 33, 41        12, 9, 22, 5        
                                42, 53, 58, 59        5, 5, 2, 2          
                                60, 61, 62, 63        4, 16, 8, 4         
                                64, 65, 66, 77        4, 6, 4, 2          
                                100, 102              14, 2               
мэдүүлэг                        25, 29                14, 17              
гуравдагч этгээд                27, 108               9, 22               
харилцах данс                   34, 35, 91, 112       9, 6, 33, 6         
                                113, 124, 127         7, 3, 7             
хариуцагч                       34, 63, 68, 68        16, 8, 9, 13        
                                69, 73, 76, 91        2, 4, 2, 18         
                                101, 134              2, 3                
гүйцэтгэгч                      35, 37, 38, 43        2, 2, 2, 7          
                                44, 47, 48, 49        14, 3, 2, 2         
                                67, 68, 71, 78        5, 18, 24, 4        
                                79, 80, 82, 98        11, 18, 4, 4        
                                113, 115, 116         3, 5, 2             
газар                           35                    3                   
валют                           37                    3                   
тэмдэглэл                       41, 42                7, 7                
тал                             46, 49, 88, 89        15, 4, 13, 13       
                                99, 122               8, 9                
талууд                          46, 49, 88, 89        15, 4, 13, 13       
                                99, 122               8, 9                
шилжих вексель бичигч           61, 100               7, 10               
эд хөрөнгө                      70                    9                   
вексель эзэмшигч                70, 75, 91, 93        16, 8, 14, 3        
                                105, 106              4, 4                
тохиолдол                       70, 73, 80, 91        15, 2, 7, 13        
                                91, 93, 102, 103      30, 2, 5, 4         
                                108, 110, 115, 118    13, 5, 14, 7        
                                142                   2                   
төлбөр тооцоо                   71                    22                  
сан                             71                    26                  
нэгж                            78                    6                   
монгол улсын нутаг дэвсгэр      79                    4                   
үндэсний мөнгөн тэмдэгт         79                    8                   
гадаадын валют                  80, 80                4, 16               
гадаад валют                    80, 80                4, 16               
хүү                             87, 88, 88, 89        4, 8, 11, 8         
                                89, 94, 94, 119       11, 7, 13, 15       
                                119                   43                  
алданги                         95                    15                  
орлого                          98, 111               10, 11              
нэхэмжлэл                       99, 100, 101          9, 7, 15            
векселийг шилжүүлэгч            100                   16                  
батлан даалт                    105, 106, 110         2, 2, 2             
аж ахуйн нэгж                   108                   36                  
нэрийн данс                     111, 124, 127         7, 7, 11            
төлбөр төлөгч                   113                   20                  
зээл                            113                   17                  
зээлдүүлэгч                     117                   4                   
өр                              117                   8                   
өөрийн хөрөнгө                  119                   3                   
зам                             119                   38                  
шүүгч                           134, 136              13, 15              
шүүх                            134, 136              13, 15              
арбитрын хэлэлцээр              136                   16                  
хүн                             139                   4                   
