File: MNCLW00763.txt
Search Method: Aho-Corasick
Total runtime: 0.007723s
Found terms: 865

Term                            Line                  Word Place          

нийтлэх                         10, 11                1, 1                
урьдчилан сэргийлэх             13, 16, 51, 53        25, 19, 19, 7       
                                70, 71, 75, 75        29, 29, 11, 17      
                                169, 188              10, 10              
оролцогч                        13, 18, 47, 70        9, 9, 22, 35        
                                71, 206               35, 42              
талууд                          13, 18, 19, 47        10, 10, 6, 11       
                                47, 55, 62, 63        23, 12, 29, 29      
                                70, 71, 106, 106      36, 36, 6, 12       
                                108, 110, 144, 144    4, 8, 15, 25        
                                164, 166, 171, 177    8, 9, 20, 29        
                                191, 192, 197, 206    8, 7, 20, 22        
                                206, 207, 209, 210    43, 20, 17, 22      
                                211, 214, 215         20, 10, 9           
тал                             13, 18, 19, 47        10, 10, 6, 11       
                                47, 55, 62, 63        23, 12, 29, 29      
                                70, 71, 106, 106      36, 36, 6, 12       
                                108, 110, 144, 144    4, 8, 15, 25        
                                164, 166, 171, 177    8, 9, 20, 29        
                                191, 192, 197, 206    8, 7, 20, 22        
                                206, 207, 209, 210    43, 20, 17, 22      
                                211, 214, 215         20, 10, 9           
үйлчилгээ                       13, 16, 18, 19        29, 22, 17, 3       
                                19, 23, 24, 28        15, 23, 29, 17      
                                29, 31, 32, 34        35, 20, 20, 4       
                                43, 56, 68, 68        10, 4, 13, 16       
                                68, 70, 71, 73        36, 2, 2, 7         
                                74, 75, 92, 97        7, 3, 33, 6         
                                99, 100, 101, 102     4, 4, 4, 3          
                                102, 103, 103, 117    13, 3, 13, 4        
                                123, 125, 126, 126    6, 23, 4, 12        
                                127, 127, 128, 130    4, 12, 6, 6         
                                130, 132, 133, 144    25, 16, 14, 24      
                                144, 152, 161, 165    33, 12, 6, 6        
                                167, 170, 177, 187    3, 16, 28, 13       
                                213, 216, 222, 223    12, 6, 3, 21        
стандарт                        15, 127               11, 5               
удирдлага                       15, 84, 85, 176       12, 41, 41, 18      
үйл ажиллагаа                   16, 19, 34, 52        29, 16, 33, 11      
                                62, 63, 80, 81        36, 36, 4, 4        
                                82, 82, 83, 83        4, 16, 4, 16        
                                84, 85, 86, 87        3, 3, 5, 5          
                                101, 134, 143, 152    21, 21, 9, 18       
                                157, 158, 159, 160    12, 7, 22, 6        
                                160, 162, 163, 165    13, 15, 11, 12      
                                167, 171, 172, 177    20, 24, 13, 9       
                                185, 186              13, 15              
гэр бүл                         17, 31, 32, 34        3, 4, 4, 25         
                                38, 39, 40, 43        1, 1, 4, 11         
                                51, 56, 59, 60        14, 8, 5, 5         
                                74, 86, 87, 101       21, 15, 15, 10      
                                101, 108, 111, 122    28, 40, 22, 10      
                                123, 125, 125, 126    20, 9, 12, 16       
                                127, 142, 143, 146    16, 12, 16, 12      
                                147, 150, 151, 151    12, 5, 4, 11        
                                152, 158, 162, 163    14, 2, 5, 2         
                                168, 169, 172, 179    10, 2, 2, 19        
                                183, 183, 183, 183    3, 18, 30, 46       
                                186, 194, 210, 211    4, 4, 7, 4          
                                213                   16                  
үр                              17, 56, 139, 216      10, 29, 20, 8       
                                218                   10                  
статистикийн мэдээлэл           18                    18                  
төсөв                           18                    21                  
хүн                             18, 20, 20, 24        23, 4, 19, 24       
                                56, 74, 100, 218      22, 15, 15, 3       
арга хэмжээ                     19, 29, 30, 69        18, 28, 24, 6       
                                70, 70, 71, 71        8, 13, 8, 13        
                                73, 74, 92, 135       5, 5, 15, 9         
                                160                   11                  
тохиолдол                       19, 23, 24, 47        13, 7, 17, 15       
                                55, 56, 151, 198      15, 17, 9, 18       
эмчлэх                          20                    6                   
үйлчлэгч                        21, 22, 141, 219      5, 7, 6, 4          
монгол улсын нутаг дэвсгэр      22                    3                   
монгол улсын хил                23                    8                   
18 нас хүрсэн                   24                    7                   
иргэн                           24, 65, 66, 68        3, 18, 32, 6        
                                99, 126, 134, 168     11, 18, 7, 9        
                                171, 183, 207         11, 61, 5           
тодорхойлолт                    25                    7                   
асран хамгаалагч, харгалзан дэмжигч  27, 41, 67, 110       18, 6, 22, 42       
                                112, 178              4, 3                
эрүүл мэнд                      27, 36, 52, 59        6, 11, 4, 30        
                                60, 62, 63, 65        30, 10, 10, 8       
                                80, 81, 130           26, 26, 18          
аюул                            27, 34, 42, 52        10, 15, 3, 6        
                                110, 118, 124, 198    29, 18, 5, 8        
гамшиг                          27                    26                  
нийгмийн халамж                 28, 130               7, 20               
ажилтан                         28, 28, 35, 35        2, 24, 3, 11        
                                47, 49, 50, 51        6, 4, 4, 4          
                                55, 55, 59, 60        3, 21, 10, 10       
                                66, 109, 110, 121     29, 10, 13, 2       
                                132, 152, 159, 170    6, 2, 18, 13        
                                174, 176, 196, 197    13, 2, 2, 2         
                                198, 199              2, 2                
салбар                          28, 45, 132           12, 5, 30           
ажил                            28, 55, 75, 133       16, 4, 13, 13       
                                140, 142, 164, 166    8, 6, 10, 22        
                                169, 173, 178, 179    12, 14, 20, 22      
                                211, 223              19, 20              
мэргэжилтэн                     28                    23                  
гэмт хэрэг                      29, 29, 30, 30        7, 22, 5, 18        
                                31, 32, 41, 48        12, 12, 26, 21      
                                66, 75, 75, 92        20, 8, 14, 8        
                                106, 108, 110, 112    3, 8, 38, 11        
                                171                   7                   
гэрч, хохирогч                  29, 171, 215          19, 17, 5           
мэргэжлийн байгууллага          29                    37                  
мөрдөгч                         29, 30, 46, 230       13, 11, 12, 12      
                                231                   26                  
нэгж                            29, 31, 32, 214       43, 24, 24, 5       
байгууллага                     30, 46, 46, 47        30, 2, 7, 2         
                                48, 49, 50, 51        2, 2, 2, 2          
                                55, 56, 57, 62        26, 18, 3, 7        
                                63, 65, 74, 74        7, 32, 25, 30       
                                92, 108, 115, 135     21, 44, 7, 16       
                                136, 137, 142, 157    4, 19, 16, 2        
                                158, 159, 160, 162    6, 15, 4, 14        
                                170, 170, 170, 171    2, 9, 21, 3         
                                172, 174, 174, 177    8, 2, 9, 39         
                                178, 179, 186, 194    24, 26, 8, 8        
                                198, 206, 209, 210    20, 33, 4, 3        
                                211, 215              8, 17               
эрсдэлт нөхцөлд байгаа хүүхэд   31, 32, 34, 47        15, 15, 6, 7        
                                55, 57, 106, 113      8, 4, 8, 6          
                                144, 213, 214         11, 6, 6            
үнэлгээ                         34, 94, 116, 117      13, 3, 6, 9         
                                118, 119, 121, 122    3, 28, 8, 6         
                                123, 125, 130, 144    3, 7, 3, 18         
                                165, 167, 175, 189    3, 14, 19, 3        
                                190, 198, 202, 203    3, 14, 3, 3         
                                212, 213              8, 28               
хангагч                         34, 70, 71, 95        17, 37, 37, 3       
                                124, 176, 183, 199    7, 19, 60, 6        
холбоо                          34, 96, 130           19, 2, 28           
зуучлагч                        34, 96, 130           20, 3, 29           
бэлэг                           36                    24                  
гэр бүлийн гишүүн               41, 139               3, 3                
өргөдөл                         42                    16                  
гомдол                          42, 65                17, 29              
мэдээлэл                        42, 56, 58, 59        18, 13, 5, 42       
                                60, 62, 63, 65        42, 22, 22, 4       
                                65, 105, 106, 107     30, 4, 15, 5        
                                108, 109, 110, 110    7, 7, 10, 17        
                                111, 113, 114, 119    10, 12, 7, 24       
                                166, 167, 173         11, 11, 7           
зам                             42, 59, 60, 99        22, 26, 26, 22      
                                163                   14                  
багш                            44, 47, 49, 50        9, 5, 3, 3          
                                51, 59, 60            3, 8, 8             
хэрэглэгч                       44, 68                24, 37              
хөтөлбөр                        46, 84, 85, 138       9, 21, 21, 9        
                                166                   4                   
мэдээ                           47, 55, 59, 60        13, 14, 41, 41      
                                62, 63, 65, 106       21, 21, 3, 14       
                                107, 108, 109, 110    4, 6, 6, 9          
                                111, 113, 114, 119    9, 11, 6, 23        
суралцагч                       50, 51                5, 5                
гүйцэтгэгч                      55, 135, 178, 179     6, 15, 23, 28       
хариуцагч                       56, 67, 86, 87        32, 29, 19, 19      
                                164, 170, 172, 174    20, 12, 5, 12       
                                183, 183, 183, 186    9, 36, 52, 7        
                                194, 194, 199         7, 21, 14           
эрүүл мэндийн тусламж, үйлчилгээ  57                    8                   
төрийн байгууллага              59, 60, 99, 100       16, 16, 5, 7        
                                126, 132, 156, 168    5, 4, 4, 5          
                                217                   3                   
хуулийн этгээд                  59, 60, 66, 68        18, 18, 33, 7       
                                74, 99, 100, 101      16, 14, 10, 6       
                                126, 165, 168, 170    14, 8, 7, 3         
                                171, 174, 209, 210    12, 3, 10, 4        
зар сурталчилгаа                59, 60, 62, 63        43, 43, 23, 23      
бүтээл                          59, 60, 62, 63        40, 40, 20, 20      
зохицуулах хороо                62, 63                3, 3                
хяналт тавих                    62, 63, 128, 131      39, 39, 22, 13      
                                152, 160, 205         22, 16, 18          
зөвлөмж                         62, 63, 144, 206      30, 30, 27, 34      
хууль ёсны төлөөлөгч            65                    21                  
хүүхдийн эрхийн ажилтан         65, 106, 114, 119     24, 18, 14, 9       
                                121, 128, 131, 132    3, 19, 10, 23       
                                152, 185, 186         3, 4, 11            
сүлжээ                          66                    6                   
эрх эзэмшигч                    68                    3                   
гэрээ                           68, 73                17, 15              
этгээд                          68, 84, 85            20, 18, 18          
соёлын үйл ажиллагаа            70, 71                3, 3                
замын хөдөлгөөн                 70, 71                17, 17              
зохион байгуулагч               70, 71, 73, 84        32, 32, 8, 44       
                                85, 139, 152, 163     44, 18, 20, 23      
                                167, 169, 178         23, 13, 26          
жагсаал                         70, 71                15, 15              
цуглаан                         70, 71                16, 16              
захиргаа                        73, 162, 177, 219     11, 11, 37, 6       
спорт                           77, 78, 80, 81        4, 4, 3, 3          
                                82, 83, 86, 87        3, 3, 2, 2          
спортын тэмцээн                 80, 81, 82, 83        8, 8, 8, 8          
зөвшөөрөл                       80, 81, 112, 210      21, 21, 27, 15      
захиргааны байгууллага          84, 85, 86, 87        26, 26, 21, 21      
                                101, 127, 163, 177    15, 10, 8, 17       
                                180, 181, 183, 206    9, 9, 26, 24        
                                210, 213              13, 22              
зохиогч                         84, 85, 143           33, 33, 7           
журам                           86, 87, 101, 102      11, 11, 26, 5       
                                103, 108, 114, 122    5, 16, 20, 8        
                                123, 127, 143, 146    18, 14, 11, 4       
                                146, 147, 147         10, 4, 10           
хүүхэд хамгааллын хариу үйлчилгээ  89, 90, 91, 176       1, 1, 4, 10         
                                190                   5                   
хохирогч                        92                    6                   
туслагч                         92                    28                  
шалгагч                         93, 105, 106, 108     5, 8, 25, 18        
                                108, 110, 113, 118    23, 21, 30, 22      
                                137, 197, 216         10, 15, 11          
газар                           101, 102, 102, 103    33, 11, 26, 11      
                                103, 109, 110, 113    26, 16, 18, 18      
                                121, 122, 122, 123    13, 16, 23, 26      
                                123, 127, 143, 146    33, 22, 22, 17      
                                147, 164, 180, 181    17, 14, 15, 15      
                                183, 183, 196, 197    10, 37, 13, 12      
гишүүн                          101, 102, 102, 103    34, 12, 27, 12      
                                103, 111, 122, 122    27, 25, 17, 24      
                                123, 123, 127, 143    27, 34, 23, 23      
                                146, 146, 147, 147    7, 18, 7, 18        
                                159, 196              13, 14              
нийгмийн ажилтан                106, 109, 111, 113    16, 22, 13, 13      
                                119, 123, 128, 130    7, 8, 12, 26        
                                185, 186, 193, 194    7, 9, 4, 22         
                                223                   23                  
хүүхдийн эрхийн хууль зүйн хороо  108, 133, 176         31, 4, 5            
эрх бүхий албан тушаалтан       108, 110              25, 60              
хамтарсан баг                   108, 109, 123, 128    29, 24, 10, 10      
                                133, 144, 176, 223    11, 9, 3, 13        
шинжээч                         108, 113, 114         11, 4, 12           
тэмдэглэл                       109, 132              21, 26              
шуудан                          110                   30                  
тусгаарлах                      110, 111, 112         57, 3, 22           
шийдвэр                         111, 128, 206         4, 17, 38           
холбогдох этгээд                119, 121              20, 20              
сум                             119, 194, 199, 207    2, 15, 8, 2         
нийслэл                         119, 183, 183, 207    4, 2, 45, 3         
холбон зуучлах үйлчилгээ        121, 129, 131, 132    32, 5, 6, 10        
хувийн хэрэг                    121                   26                  
нэмэгдэл                        123                   13                  
санал                           128, 137, 159, 206    8, 26, 20, 44       
                                207                   29                  
дүгнэлт                         128, 130, 144, 173    9, 8, 26, 10        
                                189                   5                   
иргэний бүртгэл                 130                   11                  
зөвлөл                          132, 159, 164, 205    31, 7, 18, 7        
                                205, 206, 207         12, 7, 25           
мэргэжил                        132, 140, 176, 196    32, 10, 15, 15      
шүүхийн шийдвэр                 135, 178, 178         13, 15, 21          
хууль зөрчсөн хүүхэд            161, 171, 192         8, 14, 4            
сонгогч                         165, 183              10, 62              
шүүгч                           170, 174              5, 5                
шүүх                            170, 174              5, 5                
прокурор                        170, 174              6, 6                
мэдээллийн сан                  171, 177              21, 6               
залуучуудын хөгжил              180, 181, 183, 183    4, 4, 6, 21         
                                183, 183              33, 49              
нөхцөл байдлын дүн шинжилгээ    192                   15                  
нутгийн өөрөө удирдах байгууллага  194, 206              10, 27              
дүрэм                           196                   5                   
мэдээлэл цуглуулах              197                   25                  
тайлан                          206, 207              16, 26              
төрийн бус байгууллага          209                   7                   
тандалт                         210                   23                  
