File: MNCLW00076.txt
Search Method: Trie (MWE + Single-Word)
Total runtime: 0.052447s
Found terms: 2198

Term                            Line                  Word Place          

нийтлэх                         10, 11                1, 1                
барилгын үйл ажиллагаа          13, 17, 27, 43        5, 4, 24, 7         
                                85, 98, 101, 126      5, 16, 10, 1        
                                127, 128, 192, 197    1, 4, 13, 4         
                                264, 415, 479, 480    4, 8, 1, 1          
                                509, 619              2, 17               
барилгын ажил гүйцэтгэгч        13, 36, 38, 44        12, 10, 5, 14       
                                55, 64, 66, 104       25, 17, 10, 26      
                                185, 205, 212, 214    4, 12, 17, 29       
                                216, 218, 222, 227    29, 18, 25, 30      
                                227, 265, 365, 386    42, 15, 12, 4       
                                432, 463, 666         6, 6, 6             
барилгын материал               13, 149, 150, 156     9, 4, 4, 5          
                                158, 175, 265, 437    6, 13, 18, 3        
                                562, 596, 600, 602    5, 4, 2, 2          
                                666, 670              9, 11               
хяналт тавих                    13, 44, 101, 396      16, 20, 20, 17      
                                428, 432, 443, 469    14, 31, 28, 16      
                                471, 472, 507, 543    33, 8, 4, 16        
                                574, 589, 602, 632    10, 5, 11, 12       
                                638, 639, 670         57, 57, 21          
үйлдвэрлэгч                     13, 207, 235, 265     11, 17, 3, 20       
                                412, 587, 596, 597    13, 11, 6, 3        
                                598, 603, 647, 670    16, 21, 17, 13      
ашиглалт                        13, 26, 26, 27        18, 3, 9, 3         
                                27, 27, 29, 44        10, 45, 6, 27       
                                49, 53, 66, 95        4, 27, 13, 11       
                                130, 131, 134, 164    15, 7, 9, 5         
                                166, 169, 176, 403    3, 33, 27, 38       
                                406, 407, 434, 441    3, 3, 16, 12        
                                472, 474, 494, 502    7, 13, 8, 3         
                                503, 508, 513, 527    5, 6, 4, 3          
                                533, 550, 589, 623    6, 3, 9, 3          
                                635, 637, 638, 639    2, 3, 54, 54        
                                641, 643, 643, 643    12, 4, 43, 50       
                                646, 660, 661, 676    31, 3, 4, 6         
                                677, 678, 680, 681    22, 16, 15, 13      
                                689, 689, 690, 695    12, 26, 5, 6        
                                696, 696, 696, 698    6, 17, 26, 3        
                                699, 699, 700, 703    3, 5, 4, 10         
                                703, 704              23, 7               
хөдөлмөрийн аюулгүй байдал, эрүүл ахуй  15                    19                  
хот байгуулалт                  15, 97, 482           15, 4, 10           
иргэн                           15, 24, 30, 37        10, 6, 21, 12       
                                47, 82, 95, 130       11, 6, 6, 17        
                                135, 146, 186, 192    3, 3, 4, 23         
                                264, 266, 272, 459    8, 10, 4, 7         
                                460, 481, 483, 512    4, 4, 12, 14        
                                536, 537, 566, 594    20, 4, 11, 4        
                                595                   4                   
газар                           15, 38, 58, 59        12, 9, 11, 10       
                                59, 59, 65, 78        14, 21, 13, 11      
                                90, 95, 124, 139      17, 13, 24, 5       
                                172, 181, 185, 187    12, 7, 7, 10        
                                187, 190, 192, 266    18, 2, 11, 32       
                                270, 271, 300, 323    5, 3, 12, 2         
                                330, 348, 350, 397    7, 21, 2, 5         
                                398, 412, 416, 434    2, 3, 8, 7          
                                450, 469, 471, 595    6, 11, 5, 12        
                                607, 643, 704         34, 8, 16           
мөрдөгч                         16, 42, 74, 85        17, 16, 17, 9       
                                89, 91, 438, 444      17, 44, 4, 22       
                                447, 517, 546, 566    26, 6, 11, 26       
                                624                   10                  
салбар                          17, 18, 19, 84        12, 5, 2, 7         
                                102, 201, 393, 394    5, 12, 2, 2         
                                396, 400, 420, 422    5, 2, 2, 2          
                                423, 425, 426, 431    2, 2, 2, 2          
                                435, 440, 443, 452    7, 14, 2, 2         
                                454, 456, 469, 583    2, 2, 4, 2          
                                605, 606, 607, 608    5, 2, 2, 2          
                                615, 616              2, 5                
төрийн үйлчилгээ                18, 19                6, 3                
үйл ажиллагаа                   20, 21, 29, 31        2, 2, 24, 20        
                                35, 40, 43, 44        24, 43, 23, 2       
                                45, 45, 49, 50        2, 21, 32, 32       
                                53, 57, 59, 66        38, 21, 37, 15      
                                70, 74, 84, 89        2, 2, 24, 2         
                                90, 95, 99, 103       2, 2, 2, 2          
                                104, 129, 136, 198    2, 2, 2, 2          
                                201, 210, 214, 216    16, 10, 12, 12      
                                225, 229, 237, 238    2, 2, 2, 2          
                                239, 241, 241, 247    2, 2, 19, 4         
                                247, 249, 262, 265    11, 4, 2, 26        
                                266, 267, 326, 438    6, 2, 8, 2          
                                440, 461, 462, 463    2, 8, 6, 27         
                                470, 471, 471, 477    2, 14, 30, 7        
                                483, 488, 489, 497    2, 15, 15, 2        
                                500, 501, 505, 510    2, 2, 2, 2          
                                549, 593, 613, 617    3, 10, 2, 2         
                                618, 621, 646, 666    2, 2, 36, 13        
                                670, 679              18, 6               
зохион байгуулагч               20, 399, 416, 431     13, 5, 11, 17       
                                451, 452, 453, 455    10, 12, 8, 12       
                                456, 461, 462, 463    17, 10, 9, 32       
                                464, 469, 471, 477    9, 14, 16, 18       
                                494                   11                  
зохицуулалт                     20, 393, 394, 419     4, 4, 4, 10         
зөвшөөрөл                       20, 28, 39, 39        6, 8, 5, 9          
                                45, 51, 86, 94        7, 8, 14, 6         
                                119, 139, 195, 196    3, 6, 8, 8          
                                198, 210, 225, 229    14, 2, 10, 11       
                                239, 241, 254, 262    8, 17, 9, 10        
                                270, 278, 310, 312    6, 18, 13, 14       
                                316, 317, 321, 322    6, 16, 21, 8        
                                323, 324, 326, 328    14, 14, 6, 3        
                                330, 332, 334, 336    5, 6, 7, 3          
                                336, 338, 346, 346    11, 5, 9, 16        
                                350, 352, 352, 354    11, 5, 10, 6        
                                354, 356, 357, 357    15, 6, 3, 15        
                                359, 366, 367, 367    3, 3, 5, 20         
                                367, 373, 374, 377    25, 6, 9, 3         
                                377, 378, 379, 383    8, 3, 3, 3          
                                384, 384, 384, 385    9, 14, 21, 6        
                                386, 387, 388, 389    3, 11, 22, 10       
                                389, 390, 403, 410    22, 12, 36, 5       
                                434, 440, 441, 474    8, 5, 10, 9         
                                491, 511, 512, 543    10, 7, 2, 3         
                                558, 566, 577, 617    6, 10, 18, 16       
                                643, 646, 693         9, 11, 7            
нээлт                           20, 100               11, 12              
оролцогч                        21, 27, 103, 104      4, 27, 4, 4         
                                479, 480, 549         4, 4, 5             
хангагч                         21, 27, 33, 40        10, 49, 16, 34      
                                41, 59, 101, 130      9, 33, 19, 4        
                                131, 132, 133, 134    4, 6, 4, 6          
                                135, 135, 138, 144    5, 16, 6, 25        
                                146, 147, 150, 151    7, 5, 9, 11         
                                154, 160, 162, 170    3, 5, 8, 14         
                                175, 212, 222, 265    15, 7, 7, 43        
                                278, 419, 421, 428    10, 11, 11, 13      
                                431, 443, 450, 455    15, 27, 9, 10       
                                456, 471, 473, 495    15, 26, 8, 17       
                                497, 553, 573, 574    18, 12, 7, 6        
                                596, 638, 639, 641    7, 40, 40, 14       
                                647, 678, 699, 700    18, 13, 7, 6        
                                703                   12                  
тодорхойлолт                    22, 232               7, 8                
хэрэглэгч                       23, 90, 430, 562      3, 14, 8, 7         
                                598, 603              17, 24              
орон сууц                       24                    4                   
эрчим хүч                       24, 134               8, 22               
харилцаа холбоо                 24, 32, 48, 678       10, 15, 20, 21      
ус                              24, 24, 48, 59        12, 15, 15, 17      
                                60, 62, 63, 227       5, 12, 15, 19       
                                678, 678              11, 26              
суваг                           24                    16                  
шугам                           24, 31, 59, 182       23, 14, 31, 12      
                                321, 402, 632, 643    7, 12, 9, 21        
                                686                   4                   
барилга байгууламж              26, 27, 29, 30        7, 8, 11, 9         
                                31, 32, 33, 34        6, 6, 11, 6         
                                34, 37, 40, 40        11, 5, 7, 24        
                                41, 42, 44, 47        10, 8, 5, 5         
                                48, 49, 49, 50        9, 10, 25, 5        
                                52, 53, 55, 56        4, 9, 4, 5          
                                62, 63, 64, 65        10, 13, 3, 4        
                                66, 67, 68, 75        5, 5, 11, 7         
                                77, 88, 88, 90        21, 3, 15, 8        
                                99, 106, 108, 109     11, 5, 3, 3         
                                117, 119, 120, 121    4, 5, 3, 4          
                                122, 123, 124, 130    3, 3, 7, 5          
                                131, 132, 133, 134    5, 7, 5, 7          
                                135, 155, 158, 159    6, 4, 12, 4         
                                164, 167, 169, 171    3, 17, 9, 10        
                                176, 181, 184, 199    10, 3, 9, 10        
                                200, 204, 205, 210    7, 10, 10, 3        
                                212, 214, 214, 216    12, 3, 24, 3        
                                216, 218, 218, 222    24, 3, 13, 20       
                                227, 227, 234, 249    25, 37, 5, 12       
                                251, 256, 260, 265    5, 6, 3, 10         
                                275, 279, 281, 283    5, 4, 7, 9          
                                284, 286, 287, 287    6, 8, 8, 19         
                                290, 296, 298, 301    4, 10, 11, 4        
                                304, 305, 308, 309    19, 15, 17, 11      
                                311, 314, 317, 323    4, 7, 10, 5         
                                346, 363, 390, 402    5, 12, 6, 14        
                                403, 411, 417, 427    32, 3, 6, 11        
                                434, 441, 470, 472    12, 5, 4, 5         
                                474, 476, 484, 488    11, 7, 5, 12        
                                489, 494, 497, 510    12, 6, 5, 12        
                                510, 511, 513, 515    19, 2, 6, 8         
                                516, 519, 520, 525    2, 8, 6, 6          
                                528, 532, 533, 539    9, 6, 4, 2          
                                540, 549, 561, 566    6, 13, 8, 18        
                                579, 579, 581, 589    10, 22, 7, 7        
                                593, 614, 622, 625    8, 10, 4, 7         
                                635, 637, 638, 639    4, 8, 47, 47        
                                641, 641, 643, 643    5, 10, 6, 48        
                                646, 646, 647, 672    3, 19, 3, 15        
                                674, 675, 676, 677    1, 1, 4, 20         
                                678, 679, 680, 681    18, 4, 2, 11        
                                689, 695, 696, 699    10, 4, 8, 8         
                                700, 701, 702, 703    13, 10, 3, 5        
                                704                   5                   
гэрчилгээ                       26, 27, 153, 176      5, 12, 5, 28        
                                272, 356, 357, 362    13, 7, 16, 12       
                                364, 373, 374, 384    8, 7, 10, 22        
                                388, 613, 620, 674    23, 10, 25, 3       
                                675, 695, 696, 698    3, 7, 27, 4         
                                702, 703, 704         31, 32, 8           
байгууллага                     26, 39, 45, 49        14, 22, 19, 23      
                                86, 94, 98, 139       13, 3, 26, 3        
                                173, 176, 199, 208    18, 18, 20, 27      
                                208, 229, 242, 245    37, 29, 17, 15      
                                249, 269, 270, 276    23, 13, 3, 3        
                                277, 285, 297, 298    3, 10, 25, 28       
                                332, 344, 346, 346    13, 19, 15, 41      
                                348, 350, 352, 369    7, 9, 22, 5         
                                374, 384, 387, 388    5, 13, 23, 5        
                                390, 390, 414, 415    5, 25, 10, 7        
                                421, 427, 437, 466    6, 9, 20, 20        
                                476, 482, 483, 496    12, 17, 28, 7       
                                532, 544, 558, 570    23, 20, 5, 24       
                                576, 577, 580, 581    16, 12, 17, 17      
                                594, 603, 620, 633    11, 11, 21, 21      
                                634, 637, 643, 653    19, 17, 36, 12      
                                655, 670, 677, 681    7, 7, 19, 10        
                                688, 689, 696, 702    6, 9, 16, 24        
                                703                   22                  
зураг төсөл зохиогч             27, 167, 170, 175     17, 10, 9, 9        
                                544, 647, 670         21, 11, 8           
зөвлөх үйлчилгээ                27, 175, 509, 582     20, 17, 12, 4       
                                583, 593, 647         4, 12, 20           
бусад этгээд                    27                    28                  
тоног төхөөрөмж                 27, 29, 35, 53        34, 21, 21, 22      
                                53, 61, 139, 169      34, 17, 16, 29      
                                232, 233, 437, 553    2, 7, 5, 5          
                                587, 604, 633, 688    19, 4, 6, 8         
                                688                   13                  
бохир ус                        27, 32, 53, 169       37, 12, 15, 21      
захиалагч                       27, 37, 104, 157      15, 3, 22, 7        
                                167, 170, 175, 382    13, 8, 8, 3         
                                387, 486, 510, 510    10, 3, 4, 7         
                                570, 574, 576, 578    10, 8, 8, 14        
                                579, 580, 643, 643    8, 7, 3, 28         
                                694                   9                   
гүйцэтгэгч                      27, 27, 35, 35        16, 22, 9, 20       
                                36, 54, 57, 104       3, 8, 15, 23        
                                106, 167, 170, 175    3, 9, 12, 12        
                                181, 190, 214, 216    2, 8, 15, 15        
                                252, 299, 306, 387    14, 9, 3, 27        
                                507, 515, 526, 542    3, 12, 11, 3        
                                543, 548, 551, 555    15, 13, 13, 3       
                                555, 560, 561, 566    24, 3, 12, 14       
                                575, 592, 647, 686    12, 15, 10, 10      
хариуцагч                       27, 493, 497, 498     48, 24, 24, 9       
                                500, 501, 502, 504    7, 13, 15, 7        
                                508, 514, 533, 550    9, 23, 18, 15       
                                560, 607, 694         21, 27, 10          
баримт бичиг                    28, 42, 54, 139       3, 5, 11, 11        
                                151, 266, 294, 369    5, 24, 7, 13        
                                451, 517, 586, 688    5, 9, 8, 11         
барилгын ажил                   28, 28, 33, 33        6, 10, 6, 23        
                                37, 39, 39, 51        7, 7, 16, 14        
                                55, 57, 59, 94        7, 6, 5, 4          
                                108, 109, 110, 124    1, 1, 4, 16         
                                130, 157, 180, 182    12, 4, 4, 15        
                                195, 196, 198, 199    6, 6, 12, 12        
                                200, 241, 260, 278    9, 15, 8, 16        
                                299, 310, 312, 316    14, 11, 12, 4       
                                317, 321, 322, 323    14, 19, 6, 12       
                                324, 326, 338, 346    12, 4, 3, 7         
                                356, 357, 366, 373    4, 13, 6, 4         
                                374, 384, 385, 386    7, 19, 4, 18        
                                388, 389, 389, 390    20, 8, 20, 8        
                                403, 441, 458, 474    34, 8, 6, 7         
                                491, 495, 526, 541    8, 8, 4, 4          
                                547, 549, 554, 565    11, 11, 8, 2        
                                566, 572, 572, 577    7, 5, 10, 16        
                                577, 579, 580, 643    22, 12, 8, 25       
                                678                   3                   
техникийн нөхцөл                28, 32, 139, 268      20, 3, 19, 4        
                                269, 276, 277, 281    3, 4, 4, 12         
                                360, 402, 434, 471    6, 18, 9, 11        
                                491, 512, 686         3, 3, 7             
зураг төсөл                     28, 40, 51, 51        22, 9, 5, 16        
                                56, 57, 64, 66        7, 8, 14, 7         
                                91, 100, 138, 151     19, 3, 2, 7         
                                157, 183, 204, 212    11, 14, 12, 14      
                                214, 216, 218, 222    26, 26, 15, 22      
                                227, 251, 256, 260    27, 7, 8, 5         
                                265, 278, 279, 281    12, 11, 6, 22       
                                282, 283, 284, 285    8, 11, 8, 3         
                                285, 286, 287, 287    8, 10, 10, 21       
                                288, 304, 305, 321    19, 21, 17, 15      
                                322, 365, 408, 432    17, 8, 3, 3         
                                463, 491, 511, 512    3, 5, 4, 6          
                                515, 516, 520, 521    5, 4, 8, 4          
                                523, 524, 524, 525    3, 3, 10, 8         
                                529, 532, 539, 540    5, 3, 4, 8          
                                543, 559, 561, 567    7, 4, 5, 3          
                                586, 614, 633, 643    3, 5, 14, 14        
                                659, 662, 677, 687    3, 3, 6, 4          
ажил                            28, 35, 36, 37        26, 2, 2, 2         
                                38, 39, 49, 50        2, 2, 2, 3          
                                53, 55, 66, 106       2, 23, 3, 2         
                                111, 115, 119, 171    2, 2, 2, 40         
                                182, 186, 252, 265    22, 2, 5, 8         
                                276, 280, 281, 282    9, 14, 21, 7        
                                283, 283, 284, 284    14, 17, 11, 12      
                                297, 302, 302, 306    12, 15, 19, 2       
                                311, 328, 336, 346    2, 2, 2, 31         
                                348, 350, 357, 359    13, 17, 2, 2        
                                366, 367, 377, 378    2, 2, 2, 2          
                                379, 382, 383, 386    2, 2, 2, 2          
                                387, 387, 388, 409    2, 26, 14, 2        
                                410, 428, 431, 451    2, 4, 16, 9         
                                452, 453, 455, 456    11, 7, 11, 16       
                                464, 473, 486, 493    8, 2, 2, 2          
                                494, 507, 507, 532    10, 2, 11, 2        
                                542, 543, 544, 544    2, 2, 2, 5          
                                546, 547, 548, 555    2, 2, 10, 2         
                                558, 559, 560, 560    2, 2, 2, 15         
                                567, 570, 574, 588    2, 2, 2, 2          
                                588, 589, 592, 633    18, 2, 12, 13       
                                643, 662, 665, 677    18, 7, 2, 2         
                                683, 683, 689, 696    2, 5, 22, 22        
журнал                          28                    29                  
хуулийн этгээд                  30, 37, 47, 82        22, 13, 12, 7       
                                95, 96, 199, 201      7, 2, 25, 13        
                                208, 210, 210, 212    16, 8, 16, 8        
                                214, 216, 218, 222    20, 20, 7, 8        
                                229, 233, 235, 241    9, 12, 4, 7         
                                252, 264, 265, 266    12, 9, 30, 11       
                                267, 272, 286, 287    6, 6, 5, 5          
                                309, 357, 362, 365    8, 4, 4, 15         
                                431, 432, 456, 459    5, 22, 4, 8         
                                460, 463, 509, 525    5, 22, 17, 4        
                                536, 537, 566, 594    21, 12, 12, 5       
                                595, 597, 616, 618    5, 7, 9, 6          
                                619, 619, 620, 621    21, 30, 4, 7        
                                711                   5                   
төсөв                           30, 30, 55, 131       4, 12, 44, 21       
                                137, 155, 156, 178    6, 11, 4, 4         
                                182, 234, 258, 290    6, 9, 10, 6         
                                292, 300, 301, 303    3, 5, 7, 4          
                                306, 308, 309, 310    10, 19, 14, 7       
                                311, 314, 342, 386    17, 10, 2, 13       
                                400, 411, 418, 453    3, 2, 4, 4          
                                459, 498, 528, 534    4, 4, 4, 7          
                                536, 553, 614         4, 8, 13            
магадлал                        30, 44, 234, 258      5, 12, 11, 12       
                                287, 301, 310, 311    24, 8, 8, 19        
                                312, 313, 314, 315    9, 5, 13, 8         
                                342, 361, 408, 418    3, 3, 6, 5          
                                453, 459, 498, 534    5, 5, 5, 8          
                                536, 537, 538, 539    6, 6, 7, 8          
                                543, 614, 666         4, 14, 4            
мэргэжил                        30, 40, 54, 54        17, 42, 30, 39      
                                59, 67, 105, 421      36, 12, 9, 7        
                                452, 509, 524, 539    6, 16, 13, 11       
                                583, 607, 607, 612    3, 5, 18, 3         
                                615, 617              4, 9                
дүгнэлт                         30, 40, 67, 234       19, 36, 13, 12      
                                245, 256, 258, 307    18, 17, 13, 2       
                                312, 312, 313, 315    2, 11, 6, 10        
                                361, 390, 476, 532    10, 33, 15, 17      
                                539, 540, 553, 554    9, 22, 20, 16       
                                587, 589, 603, 634    17, 15, 3, 21       
                                637, 643, 684, 685    18, 42, 6, 6        
                                688, 696              21, 20              
эрх бүхий хуулийн этгээд        32, 36, 43, 56        22, 13, 18, 10      
                                182, 184, 286, 540    24, 5, 16, 2        
холбоо                          32, 63, 65            21, 25, 12          
шийдвэр                         32, 39, 98, 157       27, 24, 27, 14      
                                192, 360, 384, 416    26, 9, 17, 9        
                                450, 466, 469, 570    7, 21, 12, 27       
                                570                   34                  
аюул                            33, 40, 44, 54        14, 32, 23, 23      
                                96, 130, 130, 131     5, 2, 27, 2         
                                131, 131, 132, 132    10, 14, 4, 27       
                                133, 134, 135, 144    2, 4, 13, 12        
                                147, 471, 473, 483    3, 24, 3, 14        
                                493, 528, 545, 546    17, 17, 7, 8        
                                547, 555, 574, 579    15, 12, 4, 17       
                                589, 628, 638, 639    12, 4, 30, 30       
                                643, 661, 698         38, 6, 6            
барилга байгууламжийн ажил      35, 258               6, 6                
барилга, байгууламжийн ажил     35, 258               6, 6                
засварын ажил                   35, 657               18, 7               
бүрдэл                          35, 55, 294, 300      12, 49, 3, 3        
                                680                   8                   
гэрээ                           36, 285, 619          6, 12, 33           
зураг төслийн магадлал          40, 302, 361, 390     3, 3, 7, 30         
өргөх байгууламж                40, 212, 214, 216     12, 20, 32, 32      
                                218, 222, 432, 463    21, 31, 12, 12      
                                588, 663              4, 5                
технологи                       40, 64, 136, 555      11, 6, 13, 4        
                                588                   19                  
эрүүл ахуй                      41, 68, 497, 628      5, 30, 12, 9        
стандарт                        41, 42, 85, 87        4, 25, 10, 8        
                                88, 89, 90, 91        19, 9, 12, 31       
                                139, 156, 179, 451    13, 8, 9, 7         
                                568, 612              12, 8               
бүтээгдэхүүн                    41, 149, 150, 155     18, 6, 6, 3         
                                156, 157, 158, 207    7, 3, 8, 16         
                                568, 587, 600, 601    20, 12, 4, 5        
                                602, 603, 658         4, 20, 6            
барилгын норм, дүрэм            42, 179               17, 6               
агуулах                         42                    12                  
сонгогч                         42, 74, 155, 418      15, 16, 9, 13       
                                458, 459, 564, 614    9, 12, 9, 18        
дүрэм                           42, 71, 72, 87        21, 3, 4, 7         
                                88, 89, 90, 91        18, 8, 11, 30       
                                294, 300, 426, 439    9, 4, 9, 8          
заавар                          42, 72, 294, 464      22, 5, 10, 5        
                                601, 688              13, 15              
төслийн баримт бичиг            44, 286               8, 25               
ажилгүй                         44, 91, 147, 187      19, 25, 2, 6        
                                214, 216, 439, 492    16, 16, 2, 4        
                                496, 530, 568         4, 2, 7             
тусгай зөвшөөрөл                45, 198, 199, 200     4, 10, 22, 16       
                                212, 214, 216, 218    26, 38, 38, 27      
                                220, 222, 224, 225    23, 38, 4, 4        
                                227, 229, 237, 238    33, 4, 4, 4         
                                239, 241, 242, 254    4, 4, 18, 6         
                                260, 262, 362, 365    11, 4, 10, 17       
                                458, 463, 597, 618    12, 24, 4, 15       
                                620, 620              13, 23              
хөрөнгө оруулагч                47                    2                   
хөрөнгө                         47, 171, 171, 296     9, 8, 38, 8         
                                308, 512, 619         15, 15, 15          
шугам сүлжээ                    48, 48, 60, 514       5, 25, 2, 12        
                                552                   12                  
зогсоол                         50, 143               12, 13              
хүн                             50, 61, 132, 134      14, 8, 17, 11       
                                630, 638, 639, 646    12, 7, 7, 23        
                                711                   4                   
зам                             50, 58, 58, 101       15, 8, 10, 22       
                                403, 514, 552, 630    10, 7, 7, 13        
эрх бүхий этгээд                51, 208, 328, 371     10, 7, 5, 3         
                                538, 702              16, 36              
хэсэгчилсэн ерөнхий төлөвлөгөө  52, 68                6, 13               
талууд                          52, 68, 148, 167      15, 42, 7, 24       
                                396, 398, 415, 435    7, 4, 11, 4         
                                468, 483, 570, 636    6, 22, 17, 3        
                                643                   40                  
тал                             52, 68, 148, 167      15, 42, 7, 24       
                                396, 398, 415, 435    7, 4, 11, 4         
                                468, 483, 570, 636    6, 22, 17, 3        
                                643                   40                  
үе шатны ажил                   54, 544, 682          5, 8, 2             
барилгын материалын үйлдвэрлэл  54, 220, 222, 432     14, 19, 28, 9       
                                463                   9                   
тусгай мэдлэг                   54                    31                  
үйлчилгээ                       54, 54, 62, 171       2, 40, 19, 41       
                                206, 212, 214, 216    9, 24, 36, 36       
                                218, 432, 432, 460    25, 20, 28, 2       
                                463, 482, 588, 594    20, 4, 14, 2        
                                595                   2                   
эх загвар зураг /эскиз/         55, 281, 302          13, 15, 10          
инженер хайгуулын судалгаа      55, 68, 139, 190      34, 6, 21, 5        
                                265                   2                   
загвар зураг                    55, 68, 274, 281      11, 2, 3, 10        
                                360, 471              4, 7                
төсөл                           55, 55, 56, 57        2, 33, 2, 2         
                                161, 362, 443, 443    2, 2, 16, 18        
                                522, 525, 533, 534    2, 2, 2, 2          
                                559, 666, 684         10, 2, 2            
зохиогч                         55, 56, 84, 147       31, 3, 21, 7        
                                183, 300, 306, 362    12, 6, 7, 3         
                                386, 428, 522, 524    10, 11, 3, 8        
                                525, 533, 534, 555    3, 3, 3, 18         
                                590, 643              3, 29               
инженерийн шугам сүлжээ         58, 62, 63            19, 3, 2            
авто зам                        58                    5                   
замын байгууламж                58                    15                  
урьдчилан сэргийлэх             58, 131, 144, 545     24, 11, 13, 8       
                                547, 628, 631, 633    16, 5, 24, 29       
                                638, 639              4, 4                
гамшиг                          58, 144               22, 18              
осол                            58, 364, 555, 631     23, 2, 7, 22        
                                663                   8                   
хайгуул                         59, 499               2, 6                
ариутгах татуурга               60, 140               9, 5                
цэвэрлэх байгууламж             60                    11                  
газрын тос                      60                    13                  
ачаа                            61                    9                   
тээвэрлэгч                      61                    11                  
суурин газар                    63                    7                   
галын аюулгүй байдал            68                    32                  
барилга байгууламжийн норм, нормативын баримт бичиг  69, 77                4, 5                
үйл ажиллагааны зардал          77                    15                  
улсын  төсөв                    77                    18                  
улсын төсөв                     77                    18                  
сан                             77, 78, 79, 461       25, 5, 5, 5         
                                557                   14                  
журам                           78, 89, 90, 91        6, 14, 15, 41       
                                186, 198, 225, 239    12, 8, 17, 15       
                                262, 266, 288, 298    17, 27, 32, 36      
                                299, 324, 352, 418    11, 26, 14, 12      
                                418, 420, 425, 429    17, 7, 9, 9         
                                430, 431, 432, 436    9, 19, 33, 6        
                                459, 473, 538, 595    11, 5, 14, 10       
                                598, 603, 625, 702    12, 23, 5, 14       
                                704                   11                  
гишүүн                          78, 124, 172, 266     12, 25, 13, 33      
                                300, 607, 704         13, 35, 17          
орлого                          80, 82, 83            8, 11, 2            
борлуулалтын орлого             81                    5                   
хандив                          82                    10                  
сангийн хөрөнгө                 84                    5                   
тохирлын гэрчилгээ              85, 235, 562, 568     14, 7, 3, 17        
                                601                   15                  
захиргаа                        86, 173, 199, 208     11, 16, 18, 25      
                                242, 249, 298, 332    15, 21, 26, 11      
                                346, 346, 348, 350    13, 39, 5, 7        
                                352, 414, 415, 421    20, 8, 5, 2         
                                427, 482, 603, 643    7, 15, 9, 34        
                                653, 655, 670, 696    10, 5, 5, 14        
олон улсын байгууллага          88, 89, 90            11, 4, 4            
газрын тосны боловсруулах үйлдвэр  91, 288, 324, 403     32, 23, 17, 21      
түүхий тос                      91, 288, 324, 403     8, 8, 8, 25         
туслагч                         91, 288, 560, 560     17, 17, 4, 13       
                                564                   7                   
баталгаажуулах                  91, 171, 276, 280     22, 21, 7, 6        
                                464, 507, 528, 544    7, 13, 23, 7        
                                553, 554, 559, 604    22, 18, 12, 6       
гуравдагч этгээд                93, 98, 99, 101       6, 3, 5, 26         
                                104, 344, 371, 547    9, 10, 15, 9        
                                548                   7                   
үл хөдлөх эд хөрөнгө            95, 187, 187          14, 12, 20          
тохиолдол                       98, 167, 187, 233     9, 8, 3, 2          
                                242, 273, 278, 298    10, 5, 15, 17       
                                323, 371, 384, 510    8, 7, 8, 10         
                                528, 532, 553, 560    21, 16, 16, 12      
                                565, 566, 578, 580    7, 17, 10, 6        
                                634, 636, 647, 690    13, 5, 9, 4         
мэдээлэл                        100, 100, 100, 156    10, 21, 28, 11      
                                184, 208, 231, 232    14, 20, 3, 12       
                                275, 373, 374, 375    13, 9, 12, 5        
                                376, 380, 382, 431    3, 7, 6, 10         
                                431, 435, 456, 456    14, 9, 10, 14       
                                471, 488, 488, 489    22, 2, 20, 2        
                                489, 505, 633, 686    20, 25, 3, 19       
захиргааны байгууллага          101, 184, 265, 448    7, 16, 36, 8        
                                449, 536, 607         5, 11, 15           
эрсдэл                          103, 501              7, 11               
эрүүл мэнд                      104, 130, 132, 134    13, 18, 18, 12      
                                144, 152              4, 4                
эд хөрөнгө                      104, 130, 132, 638    15, 22, 22, 35      
                                639                   35                  
мэргэшил                        105, 296, 297, 426    6, 14, 6, 6         
                                452, 607, 607, 608    8, 7, 20, 5         
                                613, 615              8, 6                
мэргэжилтэн                     105, 431, 509, 608    8, 3, 15, 3         
                                614                   9                   
даатгагч                        105, 106, 364, 563    11, 12, 5, 8        
ажилтан                         106, 267, 383, 426    9, 8, 5, 3          
                                427, 452, 456, 605    21, 3, 3, 6         
                                606, 607, 615         3, 3, 3             
амьтан                          132                   25                  
ургамал                         132                   26                  
хөгжлийн бэрхшээлтэй иргэн      135, 177, 178         8, 4, 5             
усны эх үүсвэр                  136                   18                  
хөгжлийн бодлого                136, 400              5, 6                
үр                              136, 140, 523, 560    21, 12, 16, 16      
паспорт                         139                   18                  
сэргээгдэх эрчим хүч            140                   16                  
систем                          140, 140, 437, 627    9, 27, 16, 5        
хог хаягдал                     142                   17                  
хөрс                            142, 190              22, 4               
орц                             143, 191              15, 8               
аюулт үзэгдэл                   144, 641              19, 2               
боодол                          154                   7                   
хүсэлт                          157, 210, 218, 229    9, 18, 9, 7         
                                269, 269, 277, 314    6, 16, 9, 12        
                                346, 348, 359, 366    10, 12, 5, 5        
                                367, 367, 387, 388    7, 10, 18, 10       
                                389, 440, 477, 483    6, 7, 10, 30        
                                578, 617, 620, 681    13, 5, 16, 15       
                                689                   14                  
олборлолт                       158                   4                   
хот төлөвлөлт                   165                   8                   
тэмдэглэл                       167, 544, 576, 577    25, 12, 6, 5        
                                682, 686              6, 17               
этгээд                          170, 220, 249, 272    19, 2, 35, 3        
                                277, 278, 367, 476    11, 3, 9, 28        
орон нутгийн төсөв              171, 296, 308, 619    2, 2, 9, 9          
орон нутгийн өмч                171                   35                  
гадаад зээл                     171, 296, 308, 619    5, 5, 12, 12        
гадаадын зээл                   171, 296, 308, 619    5, 5, 12, 12        
бараа                           171                   39                  
мэдээ                           181, 249              12, 6               
тэг тэнхлэг                     182, 184, 643         3, 11, 10           
зураг зүй                       182, 265              20, 6               
геодези                         182, 265              19, 5               
барилгын ажлын талбай           183                   7                   
буулгалтын ажил                 183, 515, 561         4, 10, 10           
сүлжээ                          189                   2                   
тусгай хэрэгцээний газар        192                   6                   
сум                             192                   20                  
нийслэл                         192, 334, 434, 467    21, 9, 20, 5        
                                468, 636              2, 7                
барилгын үйл ажиллагааны тусгай зөвшөөрөл  195, 196, 201, 202    1, 1, 5, 4          
                                203, 208, 251, 390    2, 10, 11, 34       
мэргэжлийн байгууллага          201, 297, 466, 482    20, 10, 26, 30      
                                499, 615, 646         3, 15, 9            
эрчим хүч хэмнэлт               207                   13                  
төвөгшил                        210                   5                   
зөвшөөрөл эзэмшигч              249                   2                   
тусгай зөвшөөрөл эзэмшигч       252                   9                   
мэргэжлийн зөвлөл               256, 313, 429, 462    15, 11, 6, 3        
                                516                   14                  
бүртгэлийн цахим хэлбэр         265                   51                  
нотлох баримт                   265                   45                  
мэдээллийн сан                  267, 420, 431, 456    10, 5, 11, 11       
                                471                   27                  
кадастрын зураг                 271                   6                   
нэгж                            271, 427, 457         4, 13, 3            
хуулийн этгээдийн улсын бүртгэл  272                   9                   
итгэмжлэл                       273                   6                   
газрыг чөлөөлөх                 293                   8                   
удирдлага                       294, 393, 394, 421    12, 3, 3, 10        
                                428, 590              10, 2               
тайлан                          297                   13                  
нэгдсэн төсөв                   308                   20                  
шалгагч                         346, 346              22, 27              
санал                           348, 350, 443, 483    19, 16, 19, 29      
                                484, 528              11, 8               
улсын бүртгэл                   362                   7                   
танилцуулга                     362                   6                   
үнэлгээний тайлан               363                   14                  
үнэлгээ                         363, 416, 427, 457    9, 17, 17, 7        
үйлчлэгч                        379                   5                   
тушаал                          383                   7                   
хөрөнгө оруулалт                400, 500, 523, 620    4, 4, 14, 2         
бүсчлэл                         402                   3                   
нисэх                           403                   11                  
төсвийн хөрөнгө оруулалт        411, 458              6, 2                
түгээмэл тархацтай ашигт малтмал  412, 598, 598         5, 5, 18            
зөвлөл                          425, 607, 607         7, 26, 28           
тариф                           427                   22                  
хувийн хэрэг                    436, 625              3, 9                
зураг төсөл зохиогчийн хяналт   439                   3                   
нэг цэгийн үйлчилгээ            440, 463, 477         15, 29, 15          
нийтлэг журам                   440                   19                  
төр, хувийн хэвшлийн түншлэл    443, 443, 443         3, 11, 21           
паспортжуулах                   472, 704              11, 10              
шүүхийн шийдвэр                 476, 581              17, 19              
төрийн бус байгууллага          481, 484              5, 2                
гомдол                          483                   31                  
лабораторийн шинжилгээ          493, 531, 553, 554    10, 8, 17, 13       
хөдөлмөрийн аюулгүй байдал      497                   14                  
түүх, соёлын үл хөдлөх дурсгал  499, 546, 629         9, 14, 3            
инженерийн дэд бүтэц            505                   9                   
газар эзэмших                   510                   27                  
техникийн хяналт                526, 685              2, 3                
барилга байгууламжийн зураг төсөлд магадлал хийх эксперт  535                   4                   
хөдөлмөрийн эрүүл ахуй          546, 555              5, 9                
байгаль орчин                   546, 646              12, 21              
гүйцэтгэлийн зураг              559, 643              8, 23               
барилга байгууламжийн хамгаалалтын горим  569, 570, 570, 668    4, 11, 29, 5        
гарын үсэг зурах                576                   18                  
технологийн горим               587                   27                  
газар ашиглах                   599                   6                   
сорилт                          601                   8                   
хэмжих хэрэгсэл                 604                   2                   
зөвлөх                          611, 614              3, 8                
гадаадын иргэн                  616, 617, 621         7, 7, 5             
ариун цэвэр                     628                   7                   
хөдөлгөөн                       630                   15                  
бүрэн бүтэн байдал              638, 639              37, 37              
барилга байгууламжийн техникийн улсын хяналт  652                   4                   
хяналт шалгалт                  655, 655, 692         9, 18, 11           
комисс                          689                   28                  
итгэмжлэгдсэн төлөөлөгч         692                   4                   
саад учруулсан                  692                   14                  
шинжээч                         710                   10                  
торгууль                        712                   5                   
