File: MNCLW00679.txt
Search Method: Trie (MWE + Single-Word)
Total runtime: 0.034404s
Found terms: 1268

Term                            Line                  Word Place          

хүн                             8, 13, 14, 15         3, 7, 6, 3          
                                21, 21, 22, 23        3, 32, 9, 6         
                                23, 24, 25, 26        9, 10, 10, 6        
                                29, 29, 30, 31        7, 15, 8, 8         
                                32, 33, 33, 34        5, 10, 14, 6        
                                35, 36, 37, 38        3, 3, 3, 12         
                                40, 41, 41, 43        9, 3, 19, 3         
                                44, 45, 46, 48        3, 6, 24, 3         
                                50, 51, 53, 55        3, 24, 3, 3         
                                56, 57, 59, 60        10, 6, 9, 3         
                                61, 63, 63, 64        3, 31, 39, 7        
                                65, 66, 67, 68        5, 2, 9, 3          
                                70, 71, 72, 73        10, 13, 9, 3        
                                74, 74, 76, 77        3, 14, 9, 12        
                                79, 80, 81, 82        3, 3, 6, 18         
                                83, 84, 86, 88        11, 11, 17, 11      
                                89, 90, 90, 90        4, 3, 10, 24        
                                91, 91, 92, 93        3, 33, 16, 3        
                                94, 95, 96, 96        9, 7, 3, 18         
                                98, 99, 100, 101      10, 13, 6, 7        
                                102, 105, 109, 111    3, 8, 3, 6          
                                111, 112, 115, 118    12, 16, 5, 3        
                                119, 121, 122, 123    3, 3, 3, 2          
                                123, 124, 125, 134    9, 7, 3, 6          
                                142, 148, 152, 164    5, 18, 23, 3        
                                165, 167, 168, 169    3, 3, 3, 9          
                                170, 171, 172, 173    8, 11, 17, 6        
                                174, 175, 176, 177    3, 3, 3, 3          
                                179, 180, 182, 183    11, 3, 14, 3        
                                184, 186, 187, 190    3, 3, 3, 6          
                                193, 195, 196, 198    3, 3, 3, 3          
                                200, 201, 202, 203    3, 3, 3, 3          
                                207, 208, 209, 211    9, 16, 18, 11       
                                214, 215, 217, 218    3, 3, 3, 3          
                                221, 222, 223, 224    3, 3, 9, 5          
                                225, 230, 231, 236    27, 9, 7, 3         
                                237, 238, 241, 241    14, 9, 2, 20        
                                242, 243, 244, 248    14, 8, 3, 3         
                                249, 251, 252, 253    3, 11, 4, 14        
                                254, 269, 271, 273    8, 8, 6, 3          
                                274, 276, 277, 277    3, 3, 3, 11         
                                279, 280, 281, 281    3, 14, 3, 21        
                                282, 285, 285, 288    3, 3, 39, 6         
                                289, 290, 291, 292    3, 3, 3, 3          
                                293, 295, 297, 298    8, 3, 6, 3          
                                299, 301, 302, 302    8, 7, 10, 31        
                                304, 314, 316, 319    36, 7, 8, 21        
                                320, 320, 321, 322    5, 16, 8, 11        
                                323, 324, 325, 326    6, 10, 9, 12        
                                326, 328, 329, 329    25, 12, 3, 16       
                                334, 335, 336, 337    5, 3, 3, 3          
                                338, 340, 342, 343    3, 3, 6, 3          
                                343, 344, 344, 345    12, 3, 12, 16       
                                346, 348, 350, 353    15, 3, 7, 9         
                                355, 356, 356, 357    3, 12, 17, 3        
                                358, 360, 360, 362    7, 3, 30, 6         
                                363, 364, 365, 366    3, 3, 9, 3          
                                367, 369, 377, 381    4, 3, 3, 9          
                                381, 382              12, 16              
нийтлэх                         10, 11, 361, 362      1, 1, 6, 11         
төрийн байгууллага              13, 47, 103, 273      18, 22, 6, 20       
                                283, 331, 332, 378    15, 1, 1, 4         
хуулийн этгээд                  13, 47, 48, 55        21, 25, 25, 13      
                                67, 71, 83, 84        4, 4, 31, 31        
                                89, 99, 169, 170      32, 3, 4, 4         
                                175, 182, 282, 331    7, 3, 12, 4         
                                332, 340, 361, 377    4, 18, 4, 12        
                                378, 382              2, 5                
хангагч                         13, 29, 29, 30        14, 12, 20, 14      
                                34, 35, 38, 39        8, 5, 16, 6         
                                41, 67, 68, 71        32, 22, 11, 19      
                                76, 87, 87, 99        20, 27, 35, 17      
                                107, 115, 121, 124    23, 22, 16, 16      
                                126, 127, 130, 137    28, 9, 28, 20       
                                142, 155, 172, 190    12, 7, 5, 16        
                                217, 218, 219, 254    33, 21, 16, 27      
                                260, 265, 284, 329    15, 12, 20, 27      
                                334, 335, 336, 336    7, 5, 5, 9          
                                337, 338, 340, 344    5, 5, 5, 14         
                                344, 348, 348, 353    36, 5, 17, 11       
                                355, 362, 371         5, 8, 7             
талууд                          13, 63, 71, 72        17, 19, 20, 10      
                                184, 274, 334, 337    10, 9, 8, 6         
                                338, 353              6, 12               
тал                             13, 63, 71, 72        17, 19, 20, 10      
                                184, 274, 334, 337    10, 9, 8, 6         
                                338, 353              6, 12               
иргэн                           13, 18, 22, 27        20, 7, 17, 4        
                                47, 48, 55, 67        24, 24, 12, 3       
                                71, 75, 83, 84        3, 31, 30, 30       
                                89, 121, 169, 170     31, 5, 3, 3         
                                175, 225, 231, 233    6, 16, 17, 8        
                                245, 282, 286, 340    15, 11, 3, 17       
                                359, 360, 377, 382    10, 13, 11, 4       
мөрдөгч                         16, 90, 91, 96        17, 16, 26, 12      
үйлчлэгч                        17, 99, 156, 229      5, 2, 14, 19        
                                358, 365              9, 12               
гадаадын иргэн                  18                    15                  
харьяалалгүй хүн                18                    17                  
тодорхойлолт                    19                    7                   
хэрэглэгч                       20, 58, 115, 140      3, 16, 6, 22        
                                285, 302              35, 12              
сан                             21, 148, 162, 177     8, 37, 22, 22       
                                227, 228, 234         7, 15, 7            
үр                              21, 27, 135, 199      26, 35, 18, 7       
                                267                   19                  
тохирох хэрэглэгдэхүүн          22, 47, 61, 67        34, 3, 8, 20        
                                71, 124, 144, 175     17, 14, 9, 16       
                                176, 293              6, 24               
тоног төхөөрөмж                 23, 102, 137, 150     19, 25, 17, 25      
                                152, 155, 177, 190    11, 33, 9, 20       
                                191, 241              12, 23              
үйлчилгээ                       23, 24, 25, 25        27, 18, 6, 29       
                                40, 47, 51, 52        6, 15, 6, 8         
                                64, 74, 83, 83        20, 8, 6, 27        
                                84, 84, 87, 94        6, 27, 21, 6        
                                96, 98, 105, 105      10, 7, 4, 16        
                                109, 112, 113, 140    23, 9, 5, 31        
                                191, 206, 207, 208    6, 5, 6, 5          
                                209, 211, 211, 217    5, 6, 15, 15        
                                219, 252, 254, 256    13, 10, 29, 14      
                                256, 257, 258, 266    36, 10, 16, 14      
                                268, 277, 280, 280    22, 4, 3, 11        
                                281, 281, 282, 283    10, 14, 10, 5       
                                283, 292, 322, 357    13, 14, 16, 8       
                                365                   3                   
бүтээгдэхүүн                    24, 83, 84, 176       14, 25, 25, 15      
гэр бүл                         25, 63, 74, 75        17, 10, 16, 29      
                                201, 202, 217, 256    4, 4, 19, 15        
                                259, 267              4, 4                
эрүүл мэнд                      25, 87, 217, 256      22, 47, 21, 9       
                                257, 268, 276, 304    4, 13, 6, 4         
                                313, 319, 320, 356    11, 16, 11, 19      
үйл ажиллагаа                   27, 28, 41, 48        38, 7, 15, 12       
                                54, 76, 76, 112       11, 5, 15, 6        
                                143, 153, 170, 180    11, 12, 16, 11      
                                243, 251, 270, 288    3, 6, 6, 10         
                                297, 311, 340, 344    9, 3, 8, 37         
                                348, 370, 378         8, 5, 12            
осол                            27, 193, 227, 234     10, 13, 2, 2        
мэдээлэл                        27, 50, 63, 74        16, 4, 23, 11       
                                82, 86, 87, 87        11, 11, 10, 44      
                                98, 99, 100, 101      4, 14, 7, 8         
                                102, 104, 106, 115    9, 6, 5, 13         
                                130, 203, 253, 329    27, 14, 20, 26      
                                356                   8                   
урьдчилан сэргийлэх             28, 29, 189, 259      16, 21, 8, 23       
                                267                   15                  
орлог                           28                    10                  
аюул                            29, 32, 48, 285       18, 12, 5, 10       
                                304, 304, 304, 371    9, 12, 20, 4        
эрүүл ахуй                      30, 87, 371           11, 24, 2           
шийдвэр                         31, 41, 48, 54        16, 7, 10, 3        
                                103, 237, 260         8, 24, 7            
туслагч                         32, 83, 84, 140       15, 16, 16, 30      
                                219, 280, 285         12, 2, 13           
хэлмэрч                         33, 104, 109, 112     3, 14, 17, 4        
                                254                   23                  
орчуулагч                       33                    4                   
төрийн бус байгууллага          41, 75, 92, 113       27, 21, 23, 9       
                                161, 207, 284, 340    17, 18, 16, 14      
                                344, 346              29, 19              
үнэлгээ                         41, 54                13, 9               
үйлчилгээний хүртээмж           47, 100, 204, 256     8, 12, 5, 23        
орон сууц                       49, 88, 89, 91        6, 4, 7, 13         
барилга байгууламж              49, 82, 83, 84        10, 5, 7, 7         
                                86, 89, 91, 93        5, 11, 17, 7        
                                356                   5                   
нийтийн тээвэр                  49, 82, 86, 87        14, 9, 9, 42        
                                94, 95, 96, 286       4, 8, 6, 7          
сургалтын орчин                 51                    11                  
зээл                            52, 148               6, 36               
зөвшөөрөл                       53                    9                   
сонгогч                         54, 56, 56, 181       16, 3, 7, 6         
                                182, 183, 184, 283    9, 5, 14, 8         
ажилгүй                         56, 59, 167, 217      14, 10, 4, 23       
                                285, 304              46, 6               
тушаал                          57, 167               8, 7                
аж ахуйн нэгж                   58, 75                2, 24               
дүрэм                           58                    11                  
журам                           58, 83, 84, 112       12, 34, 34, 11      
                                144, 151, 152, 156    14, 9, 18, 15       
                                179, 246, 281, 285    17, 14, 11, 36      
                                294, 328, 349         16, 9, 4            
удирдлага                       58, 147, 344, 348     13, 13, 35, 16      
гишүүн                          59, 63, 64, 148       3, 9, 3, 29         
                                202, 209, 209, 281    17, 15, 23, 26      
                                285, 285, 319, 320    44, 52, 26, 21      
                                328                   17                  
ажил                            59, 60, 61, 77        16, 9, 6, 9         
                                89, 126, 143, 155     30, 27, 7, 43       
                                169, 175, 176, 177    15, 19, 9, 7        
                                181, 182, 259, 302    4, 6, 25, 34        
                                350                   2                   
зохиогч                         60, 91, 155, 178      11, 22, 19, 9       
                                291, 344, 357, 368    9, 42, 9, 2         
зар сурталчилгаа                63                    24                  
бүтээл                          63, 300, 301, 302     29, 6, 3, 28        
                                366                   10                  
тусгаарлах                      64                    9                   
үр хүүхэд                       65                    6                   
байгууллага                     67, 71, 75, 76        2, 2, 58, 18        
                                77, 86, 87, 90        16, 2, 58, 30       
                                90, 91, 95, 96        34, 39, 3, 27       
                                97, 101, 105, 107     3, 2, 5, 9          
                                107, 112, 116, 116    21, 22, 10, 15      
                                143, 144, 145, 148    2, 21, 15, 12       
                                150, 150, 152, 155    10, 37, 29, 50      
                                156, 169, 170, 179    22, 2, 2, 24        
                                182, 184, 190, 191    2, 18, 3, 35        
                                206, 207, 208, 208    9, 36, 13, 22       
                                209, 211, 236, 243    7, 8, 5, 10         
                                251, 253, 254, 259    5, 5, 5, 37         
                                281, 283, 299, 302    16, 7, 4, 41        
                                304, 316, 329, 344    56, 14, 25, 25      
                                345, 350, 358, 365    4, 13, 4, 6         
                                367, 370              8, 3                
баталгаажуулах                  67                    17                  
түгээмэл загвар                 71, 364               15, 12              
зохион байгуулагч               71, 74, 75, 77        24, 24, 48, 7       
                                86, 89, 129, 143      34, 35, 40, 13      
                                155, 302, 343, 356    52, 43, 26, 35      
                                360                   17                  
ажилтан                         71                    7                   
олон нийтийн радио, телевиз     72                    3                   
нэвтрүүлэг                      72                    17                  
боловсролын байгууллага         73, 126, 126, 128     12, 3, 21, 11       
                                130, 153              21, 18              
мэдээ                           74, 104               10, 5               
санал                           75, 90, 91, 96        32, 31, 40, 24      
                                116, 358              11, 10              
зам                             75, 82, 86, 87        35, 7, 7, 41        
                                90, 90, 203           11, 20, 12          
агуулах                         75, 159               45, 14              
захиргаа                        75, 87, 90, 91        56, 56, 28, 37      
                                107, 112, 116, 144    7, 20, 8, 19        
                                145, 150, 152, 153    13, 35, 27, 10      
                                155, 156, 179, 191    48, 20, 22, 33      
                                207, 208, 208, 302    34, 11, 20, 39      
                                316, 329, 345, 350    12, 12, 2, 11       
нийгмийн халамжийн сан          77, 193, 223, 224     23, 23, 4, 6        
арга хэмжээ                     79, 80, 81, 107       9, 9, 12, 29        
                                267, 303, 355, 360    21, 8, 13, 37       
сууц                            82, 92, 225           2, 2, 35            
технологи                       82, 102, 302          14, 21, 18          
ариун цэвэр-эрүүл ахуйн материал  83, 84, 191, 218      20, 20, 19, 11      
харилцаа холбоо                 83, 84, 87            3, 3, 45            
үйлдвэрлэгч                     83, 84, 86, 176       26, 26, 39, 14      
газар                           83, 84, 129, 151      36, 36, 9, 11       
                                209, 209, 221, 237    14, 22, 22, 8       
                                246, 281, 285, 285    18, 25, 43, 51      
                                296, 318, 319, 320    19, 8, 25, 20       
                                324, 326, 328, 333    20, 8, 16, 5        
                                334, 349              2, 6                
хяналт шалгалт                  86                    29                  
стандарт                        86, 90, 91, 96        24, 18, 28, 14      
                                97, 114, 116, 125     8, 6, 3, 10         
                                208, 371              6, 6                
удирдамж@@                      86                    25                  
орон байр                       87, 217               31, 7               
хүнс                            87, 217               29, 5               
нийслэл                         87, 153, 221, 236     60, 3, 26, 13       
                                283, 286, 286, 326    10, 4, 24, 3        
                                351, 353              4, 3                
хот байгуулалт                  89                    21                  
замын байгууламж                90                    12                  
стандартчилал                   90, 91, 96, 116       33, 42, 26, 13      
                                208                   25                  
нийгмийн дэд бүтэц              91, 92                10, 3               
захиргааны байгууллага          91, 96, 129, 208      46, 22, 47, 29      
                                316, 326, 326, 329    24, 21, 29, 20      
                                342, 343, 344, 346    10, 7, 7, 8         
ашиглалт                        92                    7                   
комисс                          93, 147, 312, 312     10, 23, 5, 7        
                                313, 314, 315, 316    16, 14, 14, 5       
                                316, 317, 317, 322    18, 6, 12, 5        
зогсоол                         96                    9                   
тээврийн хэрэгсэл               97                    10                  
этгээд                          100, 277, 362, 368    2, 8, 2, 13         
                                380, 382              4, 25               
цахим хуудас                    101                   3                   
тусгай хэрэглээний              102, 137, 150, 152    23, 14, 22, 8       
                                218                   7                   
уншигч                          102, 104, 105, 254    16, 16, 14, 19      
систем                          102                   22                  
бараа                           103, 242              21, 20              
өргөн нэвтрүүлэг                104                   10                  
дохионы хэлний хэлмэрч, орчуулагч  105                   9                   
хөтөч-тайлбарлагч               105, 285              15, 23              
эрүүл мэндийн байгууллага       109                   5                   
мэргэжил                        121, 124, 127, 135    9, 10, 6, 6         
                                135, 146, 158, 177    15, 16, 5, 4        
                                178, 180, 193, 200    5, 4, 14, 7         
                                227, 228, 234, 237    3, 11, 3, 19        
                                344                   32                  
хөтөлбөр                        122, 125, 126, 129    17, 9, 18, 29       
                                131, 132, 138, 145    11, 11, 3, 8        
                                146, 147, 153, 155    11, 7, 29, 9        
                                159, 210, 211, 220    9, 10, 16, 9        
                                221, 256, 274, 319    13, 34, 16, 13      
                                337, 338, 356         8, 8, 32            
чадамж                          123                   3                   
дүгнэлт                         126, 147, 212, 236    11, 18, 16, 6       
                                243, 321, 322, 324    11, 16, 7, 6        
асран хамгаалагч, харгалзан дэмжигч  130, 212              3, 6                
нийгмийн ажилтан                130, 160              24, 8               
хөгжлийн бэрхшээлтэй суралцагч  135, 139, 144, 150    10, 2, 5, 13        
                                159, 160              10, 11              
сургалтын байгууллага           135, 144, 146, 160    3, 3, 14, 5         
                                180                   15                  
суралцагч                       136, 137, 140, 148    2, 3, 3, 32         
                                155, 156              3, 5                
багш                            139, 158, 160, 162    14, 4, 7, 6         
                                162                   15                  
зөвлөх                          140, 351              29, 7               
нээлт                           142, 182, 183         6, 8, 4             
оюутан-цэрг                     143                   6                   
оюутан-цэрэг                    143                   6                   
оюутан                          143                   6                   
зуучлагч                        143                   10                  
зөвлөл                          146, 347, 348, 348    19, 7, 24, 26       
                                351                   11                  
мэргэжлийн боловсрол            148, 150              10, 8               
сургалтын төлбөр                148                   33                  
хариуцагч                       148, 155, 208, 283    38, 51, 27, 14      
                                302                   42                  
сум                             153, 326, 353         2, 2, 2             
нэгж                            153, 299, 358         11, 3, 3            
хөрөнгө                         155, 176, 221, 286    39, 22, 16, 23      
                                359                   9                   
улсын төсөв                     156                   9                   
улсын  төсөв                    156                   9                   
зөвлөх үйлчилгээ                161                   12                  
гүйцэтгэгч                      161, 283, 350         20, 17, 14          
сэтгэл зүйч                     162                   16                  
хөдөлгөөн                       162                   9                   
хөдөлмөрийн аюулгүй байдал, эрүүл ахуй  168                   20                  
нийгмийн халамж                 171, 172, 214, 215    12, 20, 5, 5        
                                220, 222, 244, 245    7, 4, 4, 6          
                                258                   13                  
нийгмийн даатгал                171, 193, 316         15, 10, 19          
тэтгэвэр                        171, 172, 222, 295    18, 19, 6, 27       
тэтгэмж                         171, 193, 222, 242    19, 18, 7, 8        
                                242                   29                  
нийгмийн даатгалын сан          172, 242              6, 24               
тэтгэвэр авагч                  172                   11                  
хөнгөлөлт                       175, 221, 222, 223    13, 8, 9, 12        
                                224, 227, 228, 230    12, 13, 21, 13      
                                234, 238, 246         8, 16, 11           
санхүүгийн дэмжлэг              177                   25                  
хүсэлт                          184, 184              11, 19              
тохиолдол                       184, 207, 226, 236    13, 25, 25, 16      
                                237, 263, 295, 296    30, 7, 20, 17       
эрүүл мэндийн тусламж, үйлчилгээ  186, 187, 188, 190    5, 5, 4, 7          
сэргээн засах                   189, 257              12, 8               
эмчлэх                          189                   10                  
сувилах                         189, 231, 235, 236    11, 3, 6, 9         
асаргаа сувилгааны хэрэгсэл     191                   16                  
эм                              191                   14                  
эмнэлэг                         191, 236, 237, 240    15, 4, 17, 4        
                                243, 314, 315         9, 11, 11           
туслах хэрэгсэл                 192, 193, 218         6, 6, 19            
эрүүл мэндийн даатгал           193                   20                  
хамт олонд түшиглэн хамруулан хөгжүүлэх үйлчилгээ  197, 198, 205, 210    4, 4, 4, 4          
                                212                   18                  
төсөв                           207                   37                  
протез                          218, 227, 228         9, 8, 16            
даатгагч                        222, 231              11, 16              
гэрээ                           225                   36                  
түлш                            225                   39                  
хөгжлийн бэрхшээлтэй иргэн      227, 228, 234         17, 25, 12          
үйлдвэрлэлийн осол              228                   9                   
рашаан                          231, 235, 236         2, 5, 8             
тариф                           231                   20                  
зорчигч                         236                   15                  
байнга оршин суугч              237                   9                   
хүүхдийн цэцэрлэг               238                   11                  
төлбөр                          238, 240, 241, 241    15, 12, 17, 29      
                                252, 254, 257, 286    12, 26, 12, 17      
захидал                         241, 241              6, 8                
ариун цэвэр                     243                   16                  
олон нийтийн оролцоонд түшиглэсэн халамжийн үйлчилгээ  244                   13                  
мэдээллийн нэгдсэн сан          245, 329              2, 6                
нийгмийн халамжийн үйлчилгээ    245, 325              20, 15              
прокурор                        251, 253, 254         2, 2, 2             
бэлэг                           259, 267, 268         7, 7, 4             
хохирогч                        259, 267              16, 13              
гэрлэгчид                       263                   4                   
гэрлэлт                         263                   5                   
салбар                          265, 317, 348, 351    11, 11, 6, 6        
                                351                   10                  
эрсдэлийг бууруулах             267                   17                  
мэргэшлийн түвшин               268                   31                  
хамгаалах байр                  269                   3                   
оролцогч                        272                   4                   
эвсэл                           272, 273, 274         6, 19, 13           
сонгуульд нэр дэвшигч           273                   6                   
гэр бүлийн нууц                 276                   10                  
захидал, харилцаа               276                   4                   
эд хөрөнгө                      276                   8                   
бие даан амьдрах эрх            278, 279, 280         4, 4, 15            
хүний эрх хамгаалагч            284                   10                  
хөтөч нохой                     285, 285              14, 31              
биеийн тамир                    288, 289, 290, 291    7, 5, 4, 4          
                                292, 293, 356, 360    4, 12, 21, 21       
спорт                           288, 291, 292, 293    9, 6, 6, 3          
                                356                   23                  
спортын тэмцээн                 289, 290              7, 6                
номын сан                       302                   24                  
музей                           302                   23                  
дайн бүхий байдал               304                   25                  
байгалийн гамшиг                304                   16                  
шуудан                          304, 378              11, 23              
олон улсын ангилал              311                   5                   
баримт бичиг                    322                   19                  
статистикийн мэдээлэл           326                   14                  
хяналт тавих                    343, 355, 356         29, 9, 37           
хөгжлийн бодлого                344                   16                  
хүний эрх хамгаалах үйл ажиллагаа  359                   3                   
гомдол                          376, 377, 378         4, 21, 20           
нэхэмжлэл                       376, 377              5, 22               
эс үйлдэхүй                     380                   8                   
гэмт хэрэг                      380                   11                  
шинжээч                         380                   14                  
