File: MNCLW00180.txt
Search Method: Aho-Corasick
Total runtime: 0.006005s
Found terms: 607

Term                            Line                  Word Place          

нийтлэх                         7, 9                  3, 1                
аж ахуйн нэгж                   11, 157               12, 18              
төлбөр                          11, 19, 21, 24        10, 11, 16, 16      
                                33, 34, 34, 35        17, 2, 13, 2        
                                43, 47, 48, 48        7, 10, 2, 6         
                                50, 50, 50, 51        8, 11, 20, 5        
                                53, 103, 114, 115     2, 2, 7, 7          
                                117, 121, 121, 131    6, 3, 9, 9          
                                132, 140, 142, 146    9, 5, 12, 18        
                                147, 152, 154, 164    8, 29, 4, 5         
                                171, 175, 218         11, 2, 5            
иргэн                           13, 13, 14, 36        6, 8, 11, 10        
                                43, 87, 116, 117      22, 13, 5, 3        
                                118, 126              3, 6                
мөрдөгч                         15                    17                  
хэрэглэгч                       17                    3                   
эрх бүхий этгээд                18, 110               7, 5                
тусгай зориулалтын компани      19                    3                   
төрийн бус байгууллага          19                    28                  
хуулийн этгээд                  19, 75, 78, 280       24, 34, 5, 5        
компани                         19, 19, 78            9, 16, 2            
нөхөрлөл                        19, 49                14, 4               
хоршоо                          19                    15                  
газар                           19, 35, 116, 117      23, 27, 4, 2        
                                117, 118              15, 2               
хөрөнгө                         21, 21, 21, 24        2, 6, 8, 2          
                                89, 126, 128, 203     6, 2, 2, 34         
                                204, 247, 250, 251    34, 2, 4, 5         
                                253, 255, 263, 263    4, 2, 3, 26         
                                266                   2                   
зээл                            21                    14                  
өр                              21, 34, 117, 121      15, 12, 16, 2       
хяналт тавих                    22, 57, 211           16, 5, 5            
эд хөрөнгө                      22, 46, 82, 83        19, 6, 5, 2         
                                93, 95, 111, 112      2, 13, 8, 29        
                                119, 120, 122, 123    4, 28, 4, 2         
                                124, 125, 131, 132    2, 2, 19, 17        
                                133, 137, 140, 141    12, 3, 3, 3         
                                142, 142, 166, 167    8, 10, 2, 4         
                                168, 209, 241, 242    3, 33, 4, 2         
                                242, 242, 243, 244    16, 24, 7, 9        
                                247, 247, 249, 258    10, 25, 7, 3        
                                259, 261, 265, 265    4, 7, 8, 16         
гүйцэтгэгч                      22, 22, 75, 81        2, 12, 2, 2         
                                100, 101, 147, 155    2, 2, 16, 2         
                                156, 174, 177, 181    2, 2, 8, 2          
                                210, 211, 217, 243    2, 2, 2, 2          
                                251, 253              2, 2                
ажил                            22, 84, 174, 177      10, 9, 9, 3         
санал                           22, 43, 46, 50        25, 20, 12, 34      
                                54, 58, 61, 67        15, 5, 4, 16        
                                68, 71, 74, 106       7, 9, 10, 10        
                                124, 137, 182, 184    14, 12, 7, 4        
                                185, 185, 191, 191    3, 15, 6, 10        
                                192, 192, 202, 203    7, 16, 11, 3        
                                204, 272              3, 28               
этгээд                          22, 39, 40, 48        29, 2, 2, 3         
                                50, 51, 54, 74        7, 15, 10, 12       
                                76, 121, 152, 159     3, 4, 22, 5         
                                184, 237              6, 5                
харилцагч                       30                    6                   
тал                             30, 62, 92, 114       7, 5, 2, 2          
                                115, 157, 175, 211    2, 23, 5, 7         
талууд                          30, 62, 92, 114       7, 5, 2, 2          
                                115, 157, 175, 211    2, 23, 5, 7         
нэхэмжлэл                       30, 33, 35, 35        12, 9, 29, 33       
                                42, 51, 67, 67        7, 12, 6, 11        
                                68, 71, 105, 113      6, 8, 4, 4          
                                114, 115, 152, 170    5, 5, 13, 8         
                                185, 203, 204, 228    6, 29, 29, 6        
                                258, 258, 258, 258    8, 16, 23, 37       
                                259, 260, 260, 265    18, 10, 23, 2       
                                266, 269              9, 7                
хүсэлт                          31, 32, 36, 42        11, 2, 9, 8         
                                43, 51, 108, 109      6, 13, 6, 6         
                                112, 116, 151, 152    9, 8, 6, 27         
                                157, 209, 210, 214    3, 7, 18, 21        
                                215, 217, 221, 221    5, 11, 16, 21       
                                237, 255              9, 14               
хангагч                         32, 54, 110, 139      11, 9, 13, 7        
                                152, 170, 180, 200    17, 10, 7, 7        
                                201, 208, 209, 218    7, 17, 18, 10       
                                228, 258, 258, 258    11, 11, 25, 34      
                                260, 265, 266         31, 12, 12          
шүүгч                           32, 33, 35, 36        13, 8, 10, 4        
                                39, 40, 41, 51        25, 23, 2, 3        
                                53, 98, 100, 101      13, 12, 17, 17      
                                108, 109, 112, 118    7, 7, 17, 11        
                                137, 179, 185, 194    8, 5, 8, 12         
                                195, 202, 205, 206    12, 9, 2, 2         
                                209, 215, 218, 229    20, 6, 14, 6        
                                230, 240, 254, 255    7, 16, 18, 15       
                                260                   11                  
шүүх                            32, 33, 35, 36        13, 8, 10, 4        
                                39, 40, 41, 51        25, 23, 2, 3        
                                53, 98, 100, 101      13, 12, 17, 17      
                                108, 109, 112, 118    7, 7, 17, 11        
                                137, 179, 185, 194    8, 5, 8, 12         
                                195, 202, 205, 206    12, 9, 2, 2         
                                209, 215, 218, 229    20, 6, 14, 6        
                                230, 240, 254, 255    7, 16, 18, 15       
                                260                   11                  
захирамж                        32                    26                  
мэдээлэл                        35, 60, 181, 181      14, 3, 6, 8         
                                181, 240              26, 20              
журам                           35, 58, 66, 95        31, 16, 7, 10       
                                126, 174              20, 14              
үр                              35, 268               39, 8               
хэрэг гүйцэтгэгч                37, 65, 97, 110       11, 10, 16, 11      
                                180, 183, 208, 210    5, 5, 13, 9         
                                214, 223, 242, 248    9, 18, 13, 4        
                                263, 267, 273         23, 6, 8            
шийдвэр                         38, 66, 82, 128       4, 5, 2, 11         
                                205, 206, 215, 229    11, 11, 16, 13      
                                236, 240, 253, 272    9, 7, 10, 17        
                                273, 274, 275         5, 3, 3             
гомдол                          38, 39, 39, 40        5, 22, 27, 20       
                                40, 41, 62, 98        25, 14, 7, 10       
                                254, 254, 263, 263    14, 19, 11, 17      
шүүгчийн захирамж               39                    9                   
шүүхийн тогтоол                 39                    11                  
шүүхийн шийдвэр                 40, 41, 64, 112       9, 18, 5, 24        
                                112, 126, 142, 208    39, 11, 3, 3        
                                221, 242, 271, 272    13, 6, 7, 5         
санхүүгийн тайлан               45, 223               4, 21               
үнэлгээ                         46, 125, 125          10, 10, 18          
нэхэмжлэгч                      47, 50, 67, 154       4, 5, 3, 2          
                                154, 274, 275         11, 5, 5            
гишүүн                          49, 49, 77, 78        3, 8, 5, 7          
                                131, 248, 261         13, 16, 12          
үүрэг гүйцэтгэгч                50                    22                  
тохиолдол                       51, 59, 84, 125       2, 11, 2, 13        
                                209, 212, 229, 230    25, 12, 5, 6        
                                258, 258, 273         13, 36, 7           
зохион байгуулагч               53, 84, 179, 183      17, 10, 21, 7       
                                208                   15                  
үйл ажиллагааны зардал          58                    10                  
дүгнэлт                         60, 92, 99, 100       4, 5, 5, 13         
                                100, 101, 101, 102    21, 13, 21, 7       
                                104, 110, 159         5, 8, 8             
үйл ажиллагаа                   62, 63, 75, 84        3, 2, 5, 4          
                                97, 98, 100, 101      8, 6, 11, 11        
                                104, 138, 139, 146    2, 4, 10, 6         
                                152, 157, 160, 175    4, 5, 3, 11         
                                231                   17                  
зарлаг                          65, 85, 213           14, 3, 20           
зөвлөл                          69, 70, 70, 71        4, 9, 13, 2         
                                128, 137, 210, 214    10, 11, 14, 14      
                                217, 223, 242         6, 28, 30           
хүн                             75, 79, 280           19, 3, 4            
мэргэжил                        75, 172               27, 20              
үйлчилгээ                       75, 133, 140, 146     29, 15, 7, 13       
гэр бүлийн гишүүн               76, 131               5, 15               
удирдлага                       77, 157, 162          3, 10, 2            
хариуцагч                       78, 97, 100, 101      4, 21, 18, 18       
                                112, 125, 146, 200    2, 11, 17, 3        
                                201, 208, 209, 210    3, 10, 26, 4        
                                210, 214, 221, 223    11, 8, 6, 4         
                                247, 247, 248, 261    4, 14, 6, 9         
                                269, 274, 275         6, 4, 4             
гэрээ                           87, 87, 90, 121       6, 19, 10, 6        
                                130, 131, 132, 133    5, 23, 21, 18       
                                134, 135, 146, 147    15, 9, 15, 5        
                                165                   3                   
хэлцэл                          90, 129, 130, 131     11, 8, 6, 24        
                                132, 133, 134, 135    22, 19, 16, 10      
мэдээ                           91, 107               2, 5                
холбогдох этгээд                92                    6                   
хайхрамжгүй хандсан             97                    3                   
хэргийн оролцогч                98                    2                   
шинжээч                         108, 109              8, 8                
ажилгүй                         111                   4                   
аж ахуйн үйл ажиллагаа          112                   33                  
төлбөр төлөгч                   117                   17                  
улсын бүртгэл                   120, 267              11, 13              
орлого                          120, 128, 212, 223    25, 5, 4, 5         
                                258, 259              6, 7                
зах зээл                        124                   6                   
үнэлгээний шинжээч              125                   14                  
байгууллага                     131, 267              12, 11              
бусад этгээд                    132, 141, 174         14, 8, 5            
давуу байдал                    133                   10                  
эд хөрөнгө барьцаалах           143                   3                   
зөвшөөрөл                       147                   10                  
үнэт цаас гаргагч               163                   4                   
үнэт цаас                       164                   3                   
хүү                             164                   9                   
арга хэмжээ                     172                   23                  
тэтгэмж                         172                   17                  
хураагч                         182                   8                   
тохиромжгүй нөхцөлд хамаарагдах  203, 204              36, 36              
зарлага                         212, 223              5, 6                
тайлан                          212, 223, 245, 263    6, 10, 4, 29        
комисс                          247, 248              24, 12              
гарын үсэг зурах                248                   17                  
татварын өр                     251                   6                   
хөрөнгө оруулагч                261                   10                  
