File: MNCLW00283.txt
Search Method: Aho-Corasick
Total runtime: 0.017431s
Found terms: 895

Term                            Line                  Word Place          

төрийн ордон                    5                     1                   
сан                             6, 11, 12, 13         4, 8, 7, 4          
                                13, 15, 16, 24        27, 4, 7, 7         
                                31, 34, 34, 352       4, 521, 1100, 2     
                                705, 2568, 2569, 2570  5, 4, 7, 73         
                                2594, 2617            1, 4                
нийтлэх                         8, 9                  1, 1                
орлого                          11                    14                  
зарлага                         11, 15                16, 9               
төсвийн байгууллага             13                    18                  
удирдлага                       13                    20                  
төсвийн орлого                  15, 16                7, 13               
сангийн хөрөнгө                 18, 22, 32, 34        11, 7, 4, 3525      
                                1906                  2                   
хөрөнгө оруулалт                18, 22, 24, 32        14, 10, 10, 7       
                                34, 59, 90, 113       4220, 1, 1, 1       
                                136, 158, 195, 242    1, 1, 1, 1          
                                274, 302, 345, 358    1, 1, 1, 1          
                                376, 530, 787, 886    1, 8, 1, 6          
                                919, 933, 942, 2119   1, 1, 10, 1         
                                2195, 2263, 2272, 2277  1, 1, 4, 3          
                                2305, 2342, 2360, 2360  1, 1, 1, 9          
                                2388, 2569, 2614      1, 11, 1            
төсөл, арга хэмжээ              22, 32, 34, 35        12, 9, 1, 1         
барилга байгууламж              22, 32, 34, 34        15, 12, 4, 347      
                                35, 233               4, 3                
мөрдөгч                         26                    15                  
олон нийтийн радио, телевиз     34, 2358              4208, 4             
улсын нөөцийн салбар            34, 204, 218, 228     331, 1, 1, 2        
инженерийн шугам сүлжээ         34, 34, 1067, 2204    1611, 3953, 3, 5    
газрын тосны бүтээгдэхүүн       34, 1694, 1703        3107, 2, 1          
байгалийн цогцолборт газар      34, 2346              4191, 4             
эрчим хүчээр хангагч            34, 2427              4330, 6             
усны эх үүсвэр                  34, 2467              4430, 6             
харилцаа холбоо                 34, 109               139, 2              
чөлөөт бүс                      34, 140               188, 2              
тоног төхөөрөмж                 34, 34, 34, 34        339, 497, 1393, 1533
                                34, 34, 34, 34        1648, 3080, 3088, 3101
                                34, 34, 34, 34        3135, 3383, 3982, 4421
                                41, 50, 50, 68        1, 1, 5, 1          
                                81, 81, 104, 104      1, 5, 1, 9          
                                228, 283, 288, 293    10, 1, 4, 5         
                                336, 336, 363, 769    1, 4, 1, 1          
                                773, 910, 910, 924    4, 1, 6, 1          
                                1012, 1091, 1095, 1100  4, 1, 5, 1          
                                1105, 1684, 1684, 1689  1, 3, 11, 11        
                                1703, 1851, 2158, 2172  7, 7, 1, 3          
                                2219, 2287, 2291, 2324  5, 1, 5, 1          
                                2328, 2370, 2462      10, 1, 4            
зураг төсөл                     34, 34, 34, 34        352, 3028, 3121, 4321
                                233, 1656, 1675, 1694  8, 3, 8, 16         
                                1916, 2422            1, 5                
биеийн тамир                    34, 670               1039, 6             
соёлын өв                       34, 886               1362, 3             
хог хаягдал                     34, 937               1423, 2             
гэр хороолол                    34, 34, 34, 1358      2283, 4269, 4440, 2 
                                2397, 2427, 2442, 2447  2, 1, 1, 1          
                                2472                  2                   
эрчим хүч                       34, 34, 34, 1498      2704, 2790, 2914, 2 
                                1601, 1656, 1675, 2570  12, 1, 1, 34        
                                2591                  3                   
шугам сүлжээ                    34, 34, 34, 1592      2891, 4471, 4550, 4 
                                2487, 2517            6, 6                
хот байгуулалт                  34, 34, 1710, 2191    3148, 3924, 5, 2    
                                2570, 2585            22, 4               
авто зам                        34, 34, 34, 34        3159, 3220, 3320, 3349
                                34, 34, 34, 34        3358, 3395, 3410, 3451
                                34, 34, 34, 34        3468, 3485, 3641, 4301
                                1712, 1716, 1761, 1826  1, 5, 3, 7          
                                1836, 1841, 1856, 1861  8, 11, 6, 3         
                                1881, 1886, 1891, 1911  6, 6, 6, 1          
                                1921, 1926, 1931, 1936  7, 6, 6, 6          
                                1941, 1956, 1966, 1971  6, 6, 8, 3          
                                2412                  2                   
зөвлөх үйлчилгээ                34, 1851              3385, 9             
сэргээн босголт                 34, 1876              3428, 2             
бохир ус                        34, 34, 34, 2234      4035, 4051, 4469, 1 
                                2239, 2244, 2254, 2452  1, 2, 5, 1          
                                2487                  4                   
байгаль орчин                   34, 2340, 2579        4180, 2, 1          
аялал жуулчлал                  34, 2340, 2570, 2579  4182, 4, 13, 3      
замын байгууламж                34, 2422              4319, 3             
агаарын бохирдол                34, 2477, 2532        4450, 3, 1          
ус хэрэглэгч                    34, 2492              4482, 6             
усан сан                        34, 34, 2492, 2497    4484, 4502, 8, 8    
услалтын систем                 34, 2314, 2492        4488, 1, 12         
орон сууц                       34, 2517              4555, 11            
газар                           34, 34, 34, 34        21, 35, 85, 98      
                                34, 34, 34, 34        142, 149, 215, 223  
                                34, 34, 34, 34        242, 277, 362, 365  
                                34, 34, 34, 34        419, 440, 505, 512  
                                34, 34, 34, 34        525, 1658, 2733, 3792
                                39, 48, 77, 86        6, 4, 3, 4          
                                109, 117, 154, 158    5, 2, 4, 6          
                                171, 191, 240, 240    3, 4, 3, 6          
                                279, 298, 341, 345    4, 3, 3, 5          
                                354, 1100, 1508, 2115  3, 7, 8, 4          
                                2570, 2570, 2570, 2570  42, 46, 53, 60      
                                2597, 2600, 2603, 2609  4, 4, 7, 4          
систем                          34, 34, 34, 34        110, 246, 264, 1160 
                                34, 34, 34, 94        1671, 2325, 4138, 7 
                                171, 181, 734, 1110   7, 7, 5, 5          
                                1378, 2162, 2167      9, 3, 4             
холбоо                          34, 34, 34, 34        111, 2721, 3241, 4395
                                34, 94, 122, 1503     4626, 8, 7, 9       
                                1721, 1726, 1781, 2447  7, 6, 2, 14         
                                2547                  11                  
ажил                            34, 34, 34, 34        114, 2884, 3855, 4492
                                94, 1587, 2143, 2492  11, 5, 10, 16       
үйлчилгээ                       34, 99, 2570, 2603    117, 2, 49, 3       
мэдээлэл                        34, 34, 109, 117      150, 167, 1, 3      
                                127                   2                   
сум                             34, 34, 34, 34        163, 698, 710, 1719 
                                34, 34, 34, 34        1738, 1753, 1779, 1804
                                34, 34, 34, 34        1816, 1841, 1855, 1868
                                34, 34, 34, 34        1881, 1894, 1907, 1945
                                34, 34, 34, 34        1958, 1971, 1985, 2000
                                34, 34, 34, 34        2034, 2048, 2060, 2074
                                34, 34, 34, 34        2135, 2148, 2164, 2189
                                34, 34, 34, 34        2233, 2246, 2270, 2351
                                34, 34, 34, 34        2369, 2384, 2400, 2420
                                34, 34, 34, 34        2436, 2452, 2468, 2483
                                34, 34, 34, 34        2502, 2515, 2525, 2541
                                34, 34, 34, 34        2556, 2571, 2586, 2637
                                34, 34, 34, 34        2657, 2690, 2751, 3045
                                34, 34, 34, 34        3168, 3213, 3505, 3991
                                122, 256, 261, 465    6, 1, 1, 7          
                                470, 620, 640, 962    7, 1, 1, 1          
                                1086, 1138, 1143, 1148  1, 2, 2, 2          
                                1158, 1168, 1173, 1183  2, 2, 2, 2          
                                1188, 1193, 1198, 1203  2, 2, 2, 2          
                                1208, 1223, 1228, 1233  2, 2, 2, 2          
                                1238, 1243, 1258, 1263  2, 3, 2, 3          
                                1268, 1273, 1298, 1303  2, 2, 2, 2          
                                1308, 1318, 1338, 1343  3, 2, 2, 2          
                                1353, 1388, 1393, 1398  2, 1, 2, 2          
                                1403, 1408, 1413, 1418  2, 2, 2, 2          
                                1423, 1428, 1433, 1438  2, 2, 2, 2          
                                1438, 1443, 1448, 1453  15, 2, 2, 2         
                                1458, 1463, 1478, 1483  2, 2, 5, 3          
                                1493, 1518, 1665, 1721  2, 2, 3, 4          
                                1756, 1896, 2219      4, 9, 14            
мэргэжил                        34, 34, 34, 140       190, 213, 221, 4    
                                154, 158              2, 4                
зам                             34, 34, 34, 34        195, 538, 3145, 3152
                                34, 34, 34, 34        3170, 3177, 3237, 3263
                                34, 34, 34, 34        3274, 3284, 3334, 3422
                                34, 34, 34, 34        3537, 3599, 4277, 4462
                                34, 34, 140, 140      4515, 4617, 1, 9    
                                306, 363, 1710, 1721  1, 5, 2, 6          
                                1726, 1736, 1741, 1746  5, 5, 5, 5          
                                1751, 1766, 1771, 1776  5, 3, 6, 3          
                                1781, 1786, 1791, 1796  5, 4, 7, 5          
                                1801, 1806, 1811, 1816  7, 6, 7, 7          
                                1821, 1831, 1856, 1866  8, 11, 17, 1        
                                1871, 1876, 1881, 1886  3, 18, 16, 16       
                                1891, 1896, 1901, 1906  16, 15, 10, 11      
                                1946, 1951, 1961, 2397  5, 9, 6, 10         
                                2422, 2482, 2482, 2502  1, 1, 5, 3          
                                2547, 2585            2, 1                
стандартчилал                   34, 145               198, 2              
ус                              34, 34, 34, 34        262, 323, 3979, 4006
                                34, 34, 34, 34        4014, 4022, 4393, 4403
                                34, 34, 34, 181       4509, 4534, 4566, 5 
                                223, 2219, 2229, 2351  4, 2, 2, 1          
                                2447, 2497, 2507, 2522  12, 15, 7, 6        
спорт                           34, 34, 34, 34        288, 616, 623, 650  
                                34, 34, 34, 34        918, 927, 980, 989  
                                34, 34, 34, 34        1005, 1128, 1248, 1283
                                34, 34, 34, 199       1290, 1344, 1524, 6 
                                405, 410, 415, 420    1, 4, 3, 1          
                                425, 430, 435, 595    1, 1, 3, 6          
                                600, 640, 645, 650    5, 2, 5, 5          
                                690, 715, 801, 831    1, 2, 2, 2          
                                836, 871, 947, 967    2, 2, 1, 1          
                                1007, 1062, 1072      2, 1, 1             
салбар                          34, 34, 34, 700       295, 311, 1088, 7   
шугам                           34, 34, 34, 34        326, 1699, 2252, 2681
                                34, 34, 34, 34        2699, 2715, 2745, 2780
                                34, 34, 34, 34        2900, 2925, 2994, 3935
                                34, 34, 34, 34        3963, 3972, 3999, 4015
                                34, 34, 34, 34        4037, 4053, 4346, 4359
                                34, 34, 34, 34        4394, 4510, 4535, 4605
                                34, 34, 223, 1129     4624, 4634, 7, 3    
                                1343, 1388, 1488, 1493  8, 7, 11, 11        
                                1503, 1513, 1528, 1596  3, 9, 6, 8          
                                1606, 1636, 2199, 2209  5, 5, 5, 4          
                                2214, 2224, 2234, 2244  4, 7, 3, 4          
                                2254, 2432, 2437, 2447  7, 8, 8, 13         
                                2497, 2507, 2542, 2547  16, 8, 6, 9         
                                2552                  4                   
төсөл                           34, 34, 34, 34        349, 1114, 2784, 3067
                                34, 34, 34, 34        3379, 3398, 3440, 3454
                                34, 34, 34, 34        3471, 3488, 3548, 4453
                                34, 34, 233, 705      4558, 4587, 5, 19   
                                1528, 1675, 1851, 1856  10, 3, 3, 9         
                                1876, 1881, 1886, 1891  14, 9, 9, 9         
                                2477, 2517, 2532      6, 14, 5            
байгууллага                     34, 2572              427, 1              
архив                           34, 34, 34, 331       490, 504, 511, 2    
                                341, 345              2, 4                
боомт                           34, 34, 34, 34        530, 1999, 2618, 2636
                                34, 358, 1243, 1473   4127, 3, 2, 3       
                                1478, 2309            4, 3                
түрээслүүлэх                    34, 363               539, 6              
хөрөнгө                         34, 34, 34, 34        798, 1365, 1439, 4074
                                34, 655, 700, 1528    4079, 7, 13, 13     
                                1851, 2570, 2570, 2573  12, 3, 80, 1        
                                2617                  11                  
хөтөлбөр                        34, 34, 34, 34        805, 1090, 2795, 4166
                                127, 535, 700, 1537   8, 5, 9, 4          
                                2328                  7                   
талууд                          34, 34, 34, 655       1017, 1093, 2786, 6 
                                700, 1528             12, 12              
тал                             34, 34, 34, 655       1017, 1093, 2786, 6 
                                700, 1528             12, 12              
банк                            34, 34, 34, 34        1084, 2776, 3430, 3514
                                700, 1528, 1876, 1901  3, 2, 4, 2          
зээл                            34, 34, 34, 34        1085, 2777, 3391, 3431
                                34, 34, 34, 34        3447, 3464, 3481, 3515
                                700, 1528, 1856, 1876  4, 3, 2, 5          
                                1881, 1886, 1891, 1901  2, 2, 2, 3          
музей                           34, 826               1278, 2             
хангагч                         34, 942, 1537         1438, 9, 16         
эмнэлэг                         34, 34, 34, 34        1462, 1559, 1595, 1636
                                34, 34, 34, 937       1665, 1676, 4390, 1 
                                952, 957, 962, 972    1, 1, 2, 1          
                                977, 982, 987, 992    1, 1, 1, 1          
                                997, 1002, 1017, 1027  1, 1, 1, 2          
                                1032, 1037, 1042, 1047  1, 1, 1, 1          
                                1052, 1057, 1086, 1105  2, 1, 2, 4          
                                1110, 2447            10, 9               
сүлжээ                          34, 1057              1601, 3             
халдвар                         34, 1081              1628, 3             
нийслэл                         34, 34, 34, 942       1674, 3156, 4252, 1 
                                1110, 1716, 2204, 2386  8, 2, 1, 2          
                                2397, 2492            1, 1                
ашиглалт                        34, 1378              2319, 3             
гэрээ                           34, 34, 1537, 2442    2794, 4371, 3, 7    
                                2517                  1                   
малчин                          34, 1537              2802, 11            
түлш                            34, 34, 1601, 1680    2911, 3118, 9, 1    
                                1694                  13                  
үйлдвэрлэгч                     34, 1601              2916, 14            
хайгуул                         34, 34, 1675, 2351    3070, 4199, 6, 2    
осол                            34, 1684              3087, 10            
бүтээгдэхүүн                    34                    3131                
технологи                       34, 2153              3880, 10            
ачаа                            34, 2181              3908, 2             
зогсоол                         34, 2181              3910, 4             
оюутан-цэрэг                    34, 2282              4086, 5             
оюутан                          34, 2282              4086, 5             
оюутан-цэрг                     34, 2282              4086, 5             
нисэх                           34, 2296              4107, 5             
ажилгүй                         34, 34, 2303, 2442    4117, 4368, 4, 4    
                                2570, 2588            27, 3               
агуулах                         34, 2309              4132, 8             
овор                            34, 2333              4173, 2             
рашаан                          34, 2467              4434, 10            
хөрс                            34, 2492              4481, 5             
захиргаа                        176                   1                   
объект                          223                   1                   
хил хамгаалах байгууллага       288                   1                   
мэргэжлийн сургалт              390                   1                   
сэргээгдэх эрчим хүч            1533                  1                   
нийслэлийн авто зам             1841                  1                   
иргэн                           2115, 2172            1, 1                
нисэх буудал                    2123, 2128, 2133, 2138  1, 1, 1, 1          
                                2143, 2153            1, 1                
зорчигч                         2181                  1                   
цэвэрлэх байгууламж             2254                  1                   
ахмад                           2457                  1                   
аж ахуй эрхлэгч                 2570, 2603            50, 4               
зөвлөл                          2570, 2606            56, 3               
прокурор                        2570, 2609            59, 3               
хүнс                            2588                  1                   
