File: MNCLW00052.txt
Search Method: Aho-Corasick
Total runtime: 0.006774s
Found terms: 517

Term                            Line                  Word Place          

аялал жуулчлал                  6, 11, 11, 12         1, 10, 14, 4        
                                13, 15, 18, 19        2, 7, 2, 2          
                                20, 21, 23, 25        14, 9, 4, 4         
                                53, 58, 60, 65        11, 2, 2, 23        
                                66, 77, 86, 89        4, 2, 12, 4         
                                91, 117, 118, 120     2, 2, 6, 8          
                                124, 125, 126, 127    1, 1, 4, 4          
                                128, 129, 130, 134    4, 2, 2, 2          
                                137, 137, 138, 139    2, 11, 4, 2         
                                139, 139, 139, 141    11, 22, 28, 2       
                                141, 142, 142, 145    9, 8, 23, 5         
                                148, 148, 149, 150    6, 12, 4, 2         
                                150, 151, 154, 156    11, 2, 2, 2         
                                160, 162, 169, 172    2, 2, 2, 2          
                                174, 175, 178, 181    2, 2, 2, 2          
                                192, 194, 195, 196    9, 4, 2, 6          
                                196, 197, 197, 199    12, 6, 10, 5        
                                201, 201, 202, 204    2, 12, 15, 6        
                                204, 211, 215, 219    10, 3, 5, 3         
                                221, 228, 229, 230    6, 1, 1, 4          
                                231, 233, 235, 238    2, 2, 2, 2          
                                241, 242, 243, 248    4, 2, 9, 2          
                                250, 251, 253, 254    2, 13, 2, 2         
                                256                   2                   
нийтлэх                         8, 9                  1, 1                
монгол улсын нутаг дэвсгэр      11                    5                   
аж ахуйн нэгж                   11, 186               25, 16              
үйл ажиллагаа                   11, 15, 33, 40        16, 9, 7, 8         
                                41, 41, 51, 80        8, 23, 12, 9        
                                88, 121, 155, 160     9, 11, 11, 5        
                                162, 181, 186, 204    12, 7, 5, 23        
                                213, 228, 229, 230    9, 3, 3, 6          
жуулчин                         11, 23, 24, 24        19, 2, 8, 19        
                                25, 37, 38, 68        8, 4, 2, 17         
                                83, 86, 120, 157      6, 7, 6, 9          
                                160, 256              8, 9                
үйлчилгээ                       11, 20, 24, 27        20, 19, 18, 10      
                                27, 34, 58, 60        21, 5, 4, 4         
                                68, 76, 80, 81        3, 3, 3, 2          
                                84, 85, 90, 97        11, 11, 16, 8       
                                102, 120, 207, 219    3, 2, 9, 17         
                                221                   2                   
иргэн                           11, 13, 23, 68        24, 8, 10, 7        
                                77, 91, 98, 186       15, 8, 4, 20        
                                191, 192, 204, 221    6, 5, 17, 4         
                                244                   9                   
байгууллага                     11, 24, 27, 53        28, 22, 22, 18      
                                57, 60, 63, 83        20, 5, 4, 2         
                                86, 117, 118, 120     19, 5, 9, 11        
                                139, 142, 149, 150    18, 17, 11, 9       
                                156, 186, 196, 202    14, 19, 19, 22      
                                209, 221, 233, 244    13, 18, 14, 12      
                                247, 251, 255         6, 20, 10           
газар                           13, 13, 15, 15        10, 18, 5, 18       
                                18, 18, 19, 19        11, 30, 11, 30      
                                21, 24, 126, 127      18, 11, 8, 3        
                                145, 147, 160, 202    10, 6, 15, 6        
                                217                   7                   
мөрдөгч                         14, 77, 185, 254      18, 19, 22, 18      
хэрэглэгч                       17                    4                   
байнга оршин суугч              18, 19                8, 8                
хүн                             18, 19, 25, 65        6, 6, 14, 15        
                                97, 119, 156, 255     6, 23, 5, 12        
                                260                   4                   
ажил                            18, 19, 38            26, 26, 8           
мэргэжил                        18, 19, 61, 231       27, 27, 3, 10       
                                235                   9                   
шугам                           18, 19                28, 28              
аялал жуулчлалын байгууллага    20, 22, 30, 31        2, 6, 1, 1          
                                32, 33, 39, 49        4, 2, 2, 4          
                                50, 51, 68, 84        2, 2, 14, 2         
                                85, 90, 121, 142      2, 8, 8, 31         
                                155, 157, 213, 243    7, 2, 4, 2          
                                257                   2                   
аялал жуулчлалын бүтээгдэхүүн   20, 22, 34, 52        6, 2, 2, 2          
                                59, 67, 74, 207       2, 6, 2, 6          
                                219                   14                  
зохион байгуулагч               20, 34, 38, 129       20, 14, 9, 14       
                                201, 204, 211, 219    19, 25, 10, 7       
хуулийн этгээд                  20, 91, 260           25, 9, 5            
аялал жуулчлалын бүс нутаг      21, 92                2, 8                
төлбөрийн үйлчилгээ             22                    20                  
төлбөрт үйлчилгээ               22                    20                  
хангагч                         22, 27, 79, 97        19, 20, 8, 4        
                                151, 154, 184, 195    13, 8, 26, 8        
                                201                   18                  
гадаадын иргэн                  23                    11                  
харьяалалгүй хүн                23                    13                  
жуулчны үйлчилгээний байгууллага  24, 78, 79, 88        2, 4, 2, 2          
                                202, 243              9, 5                
зочид буудал                    24, 27, 37, 90        6, 7, 2, 11         
                                160, 251              10, 7               
холбоо                          24                    15                  
хөтөч-тайлбарлагч               25, 61, 94, 95        2, 4, 1, 1          
                                96, 97, 99, 102       4, 7, 9, 2          
                                115, 116, 118, 121    4, 2, 14, 2         
                                243, 257              8, 5                
хөтөлбөр                        25, 73, 117, 130      6, 5, 7, 6          
                                156, 195              11, 6               
орчуулагч                       25                    10                  
тайлбар                         25                    11                  
дээд зэрэглэлийн зочид буудал   27, 86, 157           2, 2, 5             
тээврийн хэрэгсэл               36                    6                   
зам                             36, 178               4, 4                
захиалагч                       36, 37                11, 8               
үйлчлэгч                        38, 61, 84, 85        5, 5, 9, 9          
                                117, 118              10, 3               
бүтээгдэхүүн                    41                    18                  
зуучлагч                        41                    19                  
журам                           53, 74, 75, 76        9, 9, 7, 10         
                                86, 147, 157, 248     11, 4, 13, 20       
                                254                   16                  
захиргаа                        53, 86, 139, 142      16, 17, 16, 15      
                                149, 150, 196, 202    9, 7, 17, 20        
                                233, 250, 251         12, 12, 18          
талууд                          56, 57, 70, 75        15, 18, 3, 8        
                                76, 119, 127, 129     4, 16, 6, 4         
                                150, 151, 192, 194    13, 4, 11, 18       
                                196, 199, 201, 215    11, 7, 4, 7         
                                257                   20                  
тал                             56, 57, 70, 75        15, 18, 3, 8        
                                76, 119, 127, 129     4, 16, 6, 4         
                                150, 151, 192, 194    13, 4, 11, 18       
                                196, 199, 201, 215    11, 7, 4, 7         
                                257                   20                  
мэдээлэл                        56, 73, 119, 119      19, 8, 19, 27       
                                172, 257              4, 23               
арга хэмжээ                     57, 213, 255          13, 17, 7           
мэргэжлийн сургалт              58                    6                   
ажилтан                         58, 139, 148          5, 33, 17           
тариф                           59, 81                6, 4                
гэрээ                           60, 66, 67, 202       6, 6, 13, 34        
эрүүл мэнд                      65                    17                  
улсын бүртгэлийн гэрчилгээ      70                    8                   
банк                            70                    12                  
гомдол                          76, 256               5, 11               
гүйцэтгэгч                      77, 197               6, 15               
стандарт                        80                    4                   
зарлаг                          82, 92                13, 14              
гэрчилгээ                       83, 99                11, 12              
үйлдвэрлэгч                     90                    4                   
хөнгөлөлт                       90, 91                7, 12               
хөрөнгө оруулалт                91, 134, 211          5, 7, 5             
салбар                          91, 134, 156, 184     4, 4, 4, 3          
төсөл                           92, 184, 184          16, 15, 17          
этгээд                          92, 248, 250          19, 8, 8            
төсөв                           92                    20                  
урьдчилан сэргийлэх             117                   14                  
аюул                            117                   12                  
байгууллагын нууц               119                   24                  
төрийн байгууллага              124, 125              4, 4                
хөгжлийн бодлого                128                   14                  
захиргааны байгууллага          138, 139              9, 7                
зөвлөл                          139, 141, 141, 142    24, 4, 7, 2         
                                144, 145, 147         2, 2, 2             
нэгж                            139, 148              32, 16              
санал                           141, 142, 142, 184    23, 18, 29, 18      
                                196, 251, 256         20, 12, 12          
дүгнэлт                         141                   24                  
төрийн бус байгууллага          142                   26                  
улсын  төсөв                    142                   5                   
улсын төсөв                     142                   5                   
гишүүн                          144, 145              4, 11               
мэргэжлийн удирдлага            151                   11                  
рашаан                          160                   13                  
статистикийн мэдээлэл           169, 209, 221         4, 9, 14            
нэгдсэн сүлжээ                  172                   5                   
сан                             172                   7                   
төр, хувийн хэвшлийн түншлэл    184, 184, 184         4, 11, 20           
хяналт тавих                    184, 194, 197, 231    27, 12, 16, 11      
                                257                   27                  
олон улсын байгууллага          186                   9                   
хандив                          186                   21                  
сум                             192                   2                   
нийслэл                         192, 199              3, 2                
газар эзэмших                   202                   12                  
зөвшөөрөл                       202                   14                  
тохиолдол                       206                   11                  
төлбөр                          206, 244              13, 14              
хураамж                         206                   14                  
соёлын өв                       207, 219              3, 11               
мэдээллийн сан                  209, 221              3, 8                
үр                              213                   13                  
шийдвэр                         217                   14                  
хяналт шалгалт                  238, 244, 247         13, 2, 2            
шалгагч                         243, 248              21, 11              
мэдээ                           244                   6                   
зөрчил шалган шийдвэрлэх        248                   14                  
хураагч                         248                   23                  
дүрэм                           254                   15                  
шинжээч                         259                   10                  
