File: MNCLW00057.txt
Search Method: Trie (MWE + Single-Word)
Total runtime: 0.014000s
Found terms: 573

Term                            Line                  Word Place          

нөөц ашигласны төлбөр           8, 16, 16, 17         2, 11, 20, 4        
                                18, 19, 20, 21        2, 4, 9, 5          
                                23, 37, 43, 46        2, 5, 4, 5          
                                55, 56, 57, 58        5, 3, 5, 2          
                                65, 70, 71, 79        4, 5, 3, 34         
                                80, 81, 81, 81        7, 4, 11, 17        
                                82, 92, 112, 113      4, 3, 5, 2          
                                237, 238, 243, 249    2, 2, 4, 4          
                                250, 251, 258, 260    5, 3, 4, 3          
                                260, 260, 260, 260    31, 40, 54, 63      
                                261, 263, 265, 269    3, 4, 4, 3          
                                271, 280, 290, 305    4, 5, 4, 4          
                                308, 318, 319, 320    5, 4, 6, 2          
                                324                   6                   
нийтлэх                         13, 14                1, 1                
аж ахуйн нэгж                   16, 25, 26, 60        6, 14, 11, 7        
                                114, 196, 246, 246    185, 8, 7, 23       
                                247, 247, 283, 284    7, 23, 10, 13       
                                287, 307              12, 2               
иргэн                           16, 23, 25, 26        5, 9, 13, 6         
                                60, 73, 77, 84        6, 7, 2, 26         
                                111, 114, 196, 237    3, 189, 12, 27      
                                238, 241, 256, 282    27, 31, 2, 6        
                                283, 284, 287, 289    9, 12, 11, 23       
байгууллага                     16, 25, 26, 60        9, 17, 14, 10       
                                77, 114, 196, 246     27, 188, 11, 10     
                                246, 247, 247, 248    26, 10, 26, 4       
                                249, 256, 257, 283    15, 20, 18, 13      
                                284, 287, 307, 307    16, 15, 5, 38       
                                311                   16                  
орлого                          16, 78, 79, 79        23, 12, 10, 14      
                                79, 80, 80, 81        37, 2, 10, 7        
                                81, 81, 82, 82        14, 20, 7, 11       
                                83, 83, 84, 86        10, 22, 6, 2        
                                258, 259, 260, 260    7, 6, 6, 19         
                                260, 260, 260, 260    25, 34, 43, 49      
                                260, 260, 261, 262    57, 66, 6, 12       
                                262, 263, 265, 267    18, 7, 7, 4         
                                269, 271, 320         6, 7, 5             
хөрөнгө                         16, 79                34, 43              
үйлчлэгч                        19                    9                   
ургамал                         20, 33, 34, 35        4, 3, 3, 2          
                                36, 42, 55, 56        2, 9, 4, 2          
                                56, 56, 59, 81        8, 18, 9, 3         
                                90, 92, 93, 96        4, 2, 4, 4          
                                111, 111, 114, 210    14, 28, 229, 6      
                                260, 263, 280, 281    30, 3, 4, 5         
                                282, 283, 284, 287    2, 4, 7, 5          
                                289, 302              2, 8                
ус                              20, 38, 39, 40        5, 5, 10, 6         
                                42, 42, 59, 59        7, 17, 7, 20        
                                60, 61, 81, 114       17, 6, 9, 3         
                                114, 114, 114, 114    15, 26, 37, 50      
                                114, 114, 114, 114    61, 72, 82, 97      
                                114, 114, 114, 114    117, 139, 160, 171  
                                114, 114, 114, 116    191, 200, 225, 3    
                                119, 124, 129, 134    3, 7, 5, 7          
                                139, 144, 149, 155    5, 5, 4, 4          
                                165, 176, 186, 191    6, 2, 6, 5          
                                196, 202, 210, 241    14, 3, 2, 3         
                                242, 260, 271, 298    9, 61, 2, 2         
                                301, 303, 304, 324    4, 2, 4, 2          
ой                              20, 81, 245, 248      6, 16, 28, 13       
                                260, 269, 324         53, 2, 3            
амьтан                          20, 42, 46, 47        8, 8, 4, 10         
                                59, 70, 71, 74        8, 4, 2, 6          
                                74, 75, 76, 76        10, 2, 2, 12        
                                77, 82, 114, 210      13, 3, 228, 5       
                                250, 251, 253, 253    4, 2, 10, 14        
                                254, 255, 255, 256    2, 2, 12, 5         
                                257, 260, 265, 292    7, 39, 3, 9         
                                302, 308, 310, 311    2, 4, 2, 19         
                                313, 314, 324         15, 5, 5            
гадаадын иргэн                  23                    10                  
харьяалалгүй хүн                23                    12                  
хуулийн этгээд                  23, 334               14, 5               
зөвшөөрөл                       24, 25, 25            4, 11, 20           
татварын алба                   25, 325, 326          34, 3, 3            
мэдээлэл                        25, 25                19, 37              
төлбөр                          25, 30, 31, 32        39, 1, 1, 5         
                                33, 38, 44, 45        4, 9, 11, 13        
                                50, 63, 64, 66        9, 6, 6, 7          
                                72, 73, 74, 75        8, 8, 7, 16         
                                76, 77, 78, 79        9, 14, 11, 9        
                                79, 82, 83, 83        13, 10, 9, 21       
                                84, 88, 89, 91        5, 1, 1, 1          
                                93, 96, 111, 111      1, 1, 10, 33        
                                114, 114, 114, 114    1, 4, 198, 207      
                                116, 117, 202, 203    1, 1, 1, 7          
                                213, 214, 214, 216    3, 1, 6, 1          
                                218, 237, 238, 239    1, 17, 17, 12       
                                240, 241, 242, 244    12, 8, 6, 7         
                                245, 248, 248, 252    7, 21, 27, 8        
                                253, 254, 255, 256    11, 15, 9, 7        
                                257, 258, 259, 260    8, 16, 5, 18        
                                260, 262, 267, 278    48, 11, 3, 1        
                                279, 281, 281, 289    1, 8, 10, 4         
                                289, 291, 291, 300    8, 5, 7, 5          
                                300, 306, 306, 307    7, 19, 21, 24       
                                314, 316, 317, 320    19, 1, 1, 15        
                                321, 321, 323, 324    6, 12, 2, 15        
                                327                   7                   
иргэний бүртгэлийн дугаар       26                    8                   
улсын бүртгэл                   26                    17                  
регистрийн дугаар               26                    20                  
тоног төхөөрөмж                 26                    26                  
үнэлгээ                         30, 31, 56, 74        4, 4, 24, 15        
                                76, 92, 93, 99        17, 19, 11, 2       
                                114, 117, 244, 245    9, 6, 12, 13        
                                253, 255              19, 18              
рашаан                          37, 38, 41, 42        4, 6, 9, 18         
                                57, 63, 64, 81        4, 4, 4, 10         
                                112, 214, 216, 237    4, 3, 3, 15         
                                238, 239, 240, 242    15, 2, 2, 10        
                                260, 271              62, 3               
үйлчилгээ                       39, 41, 42, 59        7, 6, 14, 18        
                                59, 60, 64, 114       27, 12, 2, 183      
                                114, 114, 196, 203    202, 220, 6, 2      
                                207, 214, 231, 241    7, 26, 3, 18        
үйлдвэрлэл-үйлчилгээний зориулалт  40, 61, 114, 114      3, 3, 34, 69        
                                114, 129, 144, 186    157, 2, 2, 3        
үйлдвэрлэгч                     42, 114, 114, 114     3, 80, 115, 169     
                                149, 165, 191, 298    2, 4, 3, 5          
үр                              45                    10                  
төлбөр тооцоо                   53, 54, 62, 92        1, 1, 3, 13         
                                93, 98, 113, 213      5, 1, 11, 9         
нэгж                            56, 113, 213, 214     14, 14, 12, 5       
                                217, 248              2, 3                
усан замын тээвэр               59, 114, 207          4, 217, 4           
биеийн тамир                    59                    14                  
борлуулалтын орлого             59, 75, 114, 203      28, 17, 203, 3      
                                254                   19                  
тохиолдол                       59, 248, 303, 309     24, 10, 6, 3        
ажилгүй                         60, 241, 304          13, 19, 7           
эмчлэх                          63                    7                   
хүн                             63, 214, 226, 334     9, 19, 1, 4         
ойн дагалт баялаг               69                    10                  
эм                              75, 254               9, 8                
зах зээл                        77, 111, 256, 257     19, 22, 12, 10      
сум                             84, 246, 247, 321     24, 40, 40, 18      
                                324                   25                  
нийслэл                         84, 111, 237, 238     25, 2, 26, 26       
                                241, 289, 325, 326    30, 22, 14, 2       
журам                           86                    7                   
газар                           86, 114, 119, 237     9, 13, 1, 14        
                                238, 242, 245, 298    14, 18, 27, 3       
                                300, 304, 307         9, 9, 42            
ачаа                            111                   17                  
барилгын материалын үйлдвэрлэл  114, 134              45, 2               
гадаргын ус                     114, 114, 118, 204    11, 210, 1, 1       
согтууруулах ундаа              114, 150              88, 4               
ашигт малтмал                   114, 166              121, 2              
зам                             114, 139, 302         58, 2, 11           
эрэл                            114, 181              147, 2              
хайгуул                         114, 181              148, 3              
спорт                           114, 210              236, 13             
ашиглалт                        239, 240, 242         4, 4, 13            
ус ашигласны төлбөр             241                   23                  
ойн нөөц                        244, 245              8, 9                
тээвэрлэгч                      245                   15                  
агуулах                         246, 247              18, 18              
тусгай зөвшөөрөл                248                   7                   
захиргаа                        249, 307, 311         13, 36, 14          
эрчимжсэн мал аж ахуй           287                   6                   
ус ашиглагч                     291, 300              3, 3                
мал                             292, 304              8, 6                
хүнс                            292                   11                  
гамшиг                          293, 294              6, 6                
ажил                            306                   9                   
ойн цэвэрлэгээ                  307                   16                  
хөнгөлөлт                       307                   28                  
санал                           307                   39                  
мэргэжлийн байгууллага          311                   20                  
шийдвэр                         311                   17                  
зохиогч                         311                   22                  
эрх бүхий албан тушаалтан       319, 321, 324         10, 8, 11           
хураагч                         319, 321, 321, 324    9, 7, 14, 9         
тайлан                          322, 324, 325, 326    5, 16, 5, 5         
                                327                   10                  
захиргааны байгууллага          326, 327, 328         18, 5, 9            
шинжээч                         333                   10                  
