File: MNCLW00819.txt
Search Method: Trie (MWE + Single-Word)
Total runtime: 0.004464s
Found terms: 189

Term                            Line                  Word Place          

төрийн ордон                    5                     1                   
эрдэнэсийн сан                  6, 11, 11, 32         1, 7, 10, 1         
                                34, 38, 41, 43        4, 6, 3, 10         
                                46, 56, 73, 83        2, 1, 3, 2          
                                83, 84, 97, 98        10, 2, 13, 7        
                                104                   4                   
нийтлэх                         9, 68                 1, 3                
сан                             12, 13, 20, 23        4, 2, 2, 4          
                                24, 25, 25, 26        2, 2, 6, 2          
                                27, 28, 29, 30        2, 2, 2, 2          
                                35, 36, 37, 42        2, 2, 2, 7          
                                47, 50, 50, 53        2, 2, 7, 2          
                                57, 58, 71, 73        4, 2, 4, 11         
                                74, 76, 77, 78        2, 4, 2, 4          
                                78, 79, 79, 82        6, 2, 4, 4          
                                89, 90, 91, 92        4, 2, 2, 2          
                                93, 103               2, 2                
соёлын өв                       13                    15                  
ашигт малтмал                   13                    20                  
банк                            13                    11                  
гадаадын валют                  14                    3                   
гадаад валют                    14                    3                   
улсын нөөц                      14                    5                   
зохицуулалт                     14                    2                   
тодорхойлолт                    15                    6                   
хэрэглэгч                       16                    3                   
үнэт металл                     17, 21, 28, 37        14, 13, 10, 6       
                                38, 42                2, 8                
эрдэнийн чулуу                  17, 21, 28, 80        16, 15, 14, 3       
                                81                    3                   
байгалийн төрц                  17                    25                  
бүтээгдэхүүн                    17                    8                   
эрдэнэс                         20, 27, 30, 35        16, 10, 15, 9       
                                50, 50, 74, 77        3, 8, 4, 17         
                                83, 88, 92, 97        4, 2, 3, 5          
                                97, 98                16, 12              
хөрөнгө                         20, 48, 83, 84        20, 3, 6, 4         
үнэт чулуу                      22, 37, 38, 42        17, 8, 4, 10        
байгууллага                     22, 95, 96, 97        11, 5, 7, 11        
                                98, 99                5, 7                
төрийн байгууллага              32                    4                   
тал                             34, 41, 46            6, 5, 4             
талууд                          34, 41, 46            6, 5, 4             
орлого                          36, 76, 77            4, 5, 3             
зарлага                         36, 78, 79            5, 7, 7             
шийдвэр                         37, 43, 53            13, 13, 8           
газар                           40, 41, 91, 93        4, 2, 11, 13        
хүсэлт                          43, 99                2, 10               
төлбөр                          48                    7                   
гүйцэтгэгч                      48, 91, 92            9, 13, 16           
санал                           49, 74                5, 7                
зах зээл                        51                    2                   
журам                           53, 75, 85, 92        5, 9, 8, 14         
                                93                    6                   
үйл ажиллагаа                   56, 57, 58, 72        4, 6, 5, 7          
                                103                   3                   
зохиогч                         56                    6                   
зохион байгуулагч               67                    2                   
нэгж                            71, 72, 73, 103       6, 10, 6, 13        
дүгнэлт                         74                    8                   
мэргэжил                        74                    13                  
зөвлөх                          74                    14                  
мэргэжлийн зөвлөл               75                    5                   
хуулийн этгээд                  77, 88, 95, 96        6, 6, 2, 4          
                                97, 98, 107           8, 2, 5             
иргэн                           77, 88                5, 5                
мэдээллийн сан                  83, 85                13, 6               
ажил                            88, 92                15, 9               
үйлчилгээ                       88                    16                  
бусад газар                     92                    4                   
тээвэрлэгч                      92                    8                   
тээвэрлэлт                      93                    3                   
хүн                             95, 97, 107           1, 7, 4             
эрх бүхий хуулийн этгээд        97                    22                  
захиргааны байгууллага          97                    30                  
сорьц                           97, 97                20, 32              
нэхэмжлэгч                      98                    16                  
захиргаа                        99                    5                   
мэдээлэл                        99                    20                  
эрх бүхий этгээд                103                   14                  
хяналт шалгалт                  103, 103              7, 17               
шинжээч                         106                   10                  
мөрдөгч                         109                   12                  
