File: MNCLW00306.txt
Search Method: Trie (MWE + Single-Word)
Total runtime: 0.012260s
Found terms: 961

Term                            Line                  Word Place          

хүү                             6, 7, 20, 256         3, 3, 274, 2        
                                303, 360, 657         290, 1, 2           
төсв                            8, 14, 14, 14         5, 10, 15, 55       
                                15, 16, 16, 16        7, 5, 10, 13        
                                19, 20, 143, 301      8, 132, 2, 8        
                                301, 302, 759, 760    11, 8, 8, 9         
                                762, 762, 763, 764    13, 18, 18, 20      
                                765, 766, 767, 769    20, 7, 5, 8         
                                770, 823, 847         7, 5, 5             
орон нутгийн хөгжлийн нэгдсэн сан  14, 769, 847          26, 11, 7           
орон нутгийн төсөв              14, 769, 770          20, 1, 9            
орон нутгийн төсв               14, 823               41, 7               
төсвийн ерөнхийлөн захирагч     14, 19, 22, 302       48, 10, 1, 10       
                                305                   1                   
улсын төсөв                     14, 14, 14, 14        6, 44, 68, 73       
                                19, 301, 764, 765     4, 4, 27, 27        
                                823                   10                  
улсын  төсөв                    14, 14, 14, 14        6, 44, 68, 73       
                                19, 301, 764, 765     4, 4, 27, 27        
                                823                   10                  
санхүүгийн дэмжлг               14, 770, 771, 774     24, 13, 2, 2        
санхүүгийн дэмжлэг              14, 770, 771, 774     24, 13, 2, 2        
улсын төсв                      14, 302, 759, 760     32, 4, 4, 4         
                                761, 769, 847, 992    4, 17, 13, 4        
                                993                   4                   
орлогын шилжүүлг                14, 769, 847          39, 24, 20          
орлогын шилжүүлэг               14, 769, 847          39, 24, 20          
төсвийн алдагдл                 14                    79                  
орлог                           14, 14, 14, 19        13, 17, 47, 19      
                                20, 20, 20, 20        11, 18, 41, 69      
                                20, 20, 20, 20        83, 97, 110, 152    
                                20, 20, 20, 20        181, 206, 220, 240  
                                20, 20, 20, 20        258, 289, 311, 313  
                                20, 20, 20, 28        329, 332, 345, 3    
                                36, 43, 50, 56        3, 5, 5, 3          
                                75, 82, 94, 99        5, 3, 3, 5          
                                106, 110, 117, 121    3, 5, 3, 5          
                                132, 163, 167, 186    5, 3, 5, 3          
                                187, 188, 198, 203    9, 5, 9, 5          
                                210, 214, 229, 230    3, 5, 3, 5          
                                242, 253, 264, 268    3, 5, 3, 5          
                                277, 278, 279, 287    9, 3, 5, 9          
                                288, 289, 298, 301    3, 5, 3, 13         
                                759, 769, 823, 824    14, 10, 13, 3       
                                828                   2                   
орлого                          14, 14, 14, 19        13, 17, 47, 19      
                                20, 20, 20, 20        11, 18, 41, 69      
                                20, 20, 20, 20        83, 97, 110, 152    
                                20, 20, 20, 20        181, 206, 220, 240  
                                20, 20, 20, 20        258, 289, 311, 313  
                                20, 20, 20, 28        329, 332, 345, 3    
                                36, 43, 50, 56        3, 5, 5, 3          
                                75, 82, 94, 99        5, 3, 3, 5          
                                106, 110, 117, 121    3, 5, 3, 5          
                                132, 163, 167, 186    5, 3, 5, 3          
                                187, 188, 198, 203    9, 5, 9, 5          
                                210, 214, 229, 230    3, 5, 3, 5          
                                242, 253, 264, 268    3, 5, 3, 5          
                                277, 278, 279, 287    9, 3, 5, 9          
                                288, 289, 298, 301    3, 5, 3, 13         
                                759, 769, 823, 824    14, 10, 13, 3       
                                828                   2                   
байгууллаг                      14, 19, 19, 20        19, 15, 17, 25      
                                20, 20, 20, 20        33, 62, 87, 101     
                                20, 20, 20, 20        114, 124, 156, 192  
                                20, 20, 20, 20        210, 224, 243, 271  
                                20, 20, 20, 43        293, 316, 336, 3    
                                50, 75, 99, 110       3, 3, 3, 3          
                                121, 132, 167, 188    3, 3, 3, 3          
                                203, 214, 230, 253    3, 3, 3, 3          
                                268, 279, 289, 994    3, 3, 3, 5          
байгууллага                     14, 19, 19, 20        19, 15, 17, 25      
                                20, 20, 20, 20        33, 62, 87, 101     
                                20, 20, 20, 20        114, 124, 156, 192  
                                20, 20, 20, 20        210, 224, 243, 271  
                                20, 20, 20, 43        293, 316, 336, 3    
                                50, 75, 99, 110       3, 3, 3, 3          
                                121, 132, 167, 188    3, 3, 3, 3          
                                203, 214, 230, 253    3, 3, 3, 3          
                                268, 279, 289, 994    3, 3, 3, 5          
сан                             14, 14, 14, 14        37, 57, 61, 67      
                                20, 20, 20, 20        141, 185, 306, 324  
                                71, 135, 143, 147     4, 1, 4, 3          
                                155, 525, 762, 763    1, 1, 15, 5         
                                763, 764, 764, 765    15, 5, 24, 5        
                                765, 769, 847, 847    24, 22, 18, 25      
                                994                   14                  
төсөв                           14, 20, 20, 20        51, 24, 32, 61      
                                20, 20, 20, 20        86, 100, 113, 123   
                                20, 20, 20, 20        155, 191, 209, 223  
                                20, 20, 20, 20        242, 270, 292, 315  
                                20, 43, 50, 75        335, 2, 2, 2        
                                99, 110, 121, 132     2, 2, 2, 2          
                                167, 188, 203, 214    2, 2, 2, 2          
                                230, 253, 268, 279    2, 2, 2, 2          
                                289, 302              2, 15               
хөрөнг                          14, 18, 303, 303      63, 9, 12, 20       
                                303, 303, 303, 303    34, 57, 77, 89      
                                303, 303, 303, 303    130, 142, 156, 169  
                                303, 303, 303, 303    180, 215, 227, 238  
                                303, 303, 303, 303    275, 288, 303, 323  
                                303, 303, 303, 317    349, 360, 379, 1    
                                328, 343, 375, 397    1, 1, 1, 1          
                                412, 462, 477, 492    1, 1, 1, 1          
                                507, 522, 534, 562    1, 1, 1, 1          
                                577, 592, 639, 654    1, 1, 1, 1          
                                669, 692, 719, 734    1, 1, 1, 1          
                                753, 760, 761, 762    1, 6, 6, 21         
                                763, 992, 993         21, 6, 6            
хөрөнгө                         14, 18, 303, 303      63, 9, 12, 20       
                                303, 303, 303, 303    34, 57, 77, 89      
                                303, 303, 303, 303    130, 142, 156, 169  
                                303, 303, 303, 303    180, 215, 227, 238  
                                303, 303, 303, 303    275, 288, 303, 323  
                                303, 303, 303, 317    349, 360, 379, 1    
                                328, 343, 375, 397    1, 1, 1, 1          
                                412, 462, 477, 492    1, 1, 1, 1          
                                507, 522, 534, 562    1, 1, 1, 1          
                                577, 592, 639, 654    1, 1, 1, 1          
                                669, 692, 719, 734    1, 1, 1, 1          
                                753, 760, 761, 762    1, 6, 6, 21         
                                763, 992, 993         21, 6, 6            
шилжүүлг                        14, 607, 615, 623     71, 2, 1, 1         
                                631, 688, 715, 749    2, 1, 4, 7          
                                764, 852              30, 1               
шилжүүлэг                       14, 607, 615, 623     71, 2, 1, 1         
                                631, 688, 715, 749    2, 1, 4, 7          
                                764, 852              30, 1               
этгээд                          16                    21                  
төсвийн орлог                   18                    5                   
төсвийн орлого                  18                    5                   
өрийн удирдлага                 18                    10                  
өрийн удирдлаг                  18                    10                  
зарлиг                          18, 847, 848, 848     7, 28, 8, 12        
                                848, 848, 848, 848    16, 20, 24, 28      
                                848, 848, 848, 848    32, 36, 40, 44      
                                848, 848, 848, 848    48, 52, 56, 60      
                                848, 848, 848, 848    64, 68, 72, 76      
                                848, 848, 848, 848    80, 84, 88, 92      
                                858, 864, 870, 876    3, 3, 3, 3          
                                882, 888, 894, 900    3, 3, 3, 3          
                                906, 912, 918, 924    3, 3, 3, 3          
                                930, 936, 942, 948    3, 3, 3, 3          
                                954, 960, 966, 972    3, 3, 3, 3          
                                978, 984              3, 3                
зарлаг                          18, 847, 848, 848     7, 28, 8, 12        
                                848, 848, 848, 848    16, 20, 24, 28      
                                848, 848, 848, 848    32, 36, 40, 44      
                                848, 848, 848, 848    48, 52, 56, 60      
                                848, 848, 848, 848    64, 68, 72, 76      
                                848, 848, 848, 848    80, 84, 88, 92      
                                858, 864, 870, 876    3, 3, 3, 3          
                                882, 888, 894, 900    3, 3, 3, 3          
                                906, 912, 918, 924    3, 3, 3, 3          
                                930, 936, 942, 948    3, 3, 3, 3          
                                954, 960, 966, 972    3, 3, 3, 3          
                                978, 984              3, 3                
зарлг                           18, 847, 848, 848     7, 28, 8, 12        
                                848, 848, 848, 848    16, 20, 24, 28      
                                848, 848, 848, 848    32, 36, 40, 44      
                                848, 848, 848, 848    48, 52, 56, 60      
                                848, 848, 848, 848    64, 68, 72, 76      
                                848, 848, 848, 848    80, 84, 88, 92      
                                858, 864, 870, 876    3, 3, 3, 3          
                                882, 888, 894, 900    3, 3, 3, 3          
                                906, 912, 918, 924    3, 3, 3, 3          
                                930, 936, 942, 948    3, 3, 3, 3          
                                954, 960, 966, 972    3, 3, 3, 3          
                                978, 984              3, 3                
зарлага                         18, 847, 848, 848     7, 28, 8, 12        
                                848, 848, 848, 848    16, 20, 24, 28      
                                848, 848, 848, 848    32, 36, 40, 44      
                                848, 848, 848, 848    48, 52, 56, 60      
                                848, 848, 848, 848    64, 68, 72, 76      
                                848, 848, 848, 848    80, 84, 88, 92      
                                858, 864, 870, 876    3, 3, 3, 3          
                                882, 888, 894, 900    3, 3, 3, 3          
                                906, 912, 918, 924    3, 3, 3, 3          
                                930, 936, 942, 948    3, 3, 3, 3          
                                954, 960, 966, 972    3, 3, 3, 3          
                                978, 984              3, 3                
бүх нийтийн үйлчилгээний үүрэг  20                    46                  
бүх нийтийн үйлчилгээний үүрг   20                    46                  
эрүүл мэндийн даатгалын сан     20, 187, 198, 277     198, 1, 1, 1        
                                287                   1                   
гадаадын тусламж                20, 20, 20, 20        16, 39, 67, 95      
                                20, 20, 20, 20        108, 150, 179, 218  
                                20, 20, 20, 20        238, 256, 287, 330  
                                20, 28, 36, 56        343, 1, 1, 1        
                                82, 94, 106, 117      1, 1, 1, 1          
                                163, 186, 210, 229    1, 1, 1, 1          
                                242, 264, 278, 288    1, 1, 1, 1          
                                298                   1                   
зохицуулах хороо                20, 303               28, 91              
аялал жуулчлал                  20, 113, 303, 499     105, 3, 164, 3      
оюуны өмч                       20, 174               163, 1              
улсын бүртгэл                   20, 174               165, 3              
хот байгуулалт                  20, 234, 303, 741     246, 2, 367, 2      
ашигт малтмал                   20, 249               264, 1              
газрын тос                      20, 249               266, 3              
эрчим хүч                       20, 297, 726          340, 1, 1           
зөвлөл                          20, 39, 303, 303      21, 3, 43, 66       
                                303, 353, 382, 422    97, 3, 4, 3         
зохицуулалт                     20, 67, 767           54, 4, 20           
мэргэжл                         20, 89                74, 1               
стандарт                        20, 93                78, 1               
хэмжил                          20, 93                79, 2               
газар                           20, 20, 67, 89        81, 249, 5, 4       
                                93, 139, 151, 174     4, 3, 3, 6          
                                178, 221, 238, 238    3, 4, 1, 7          
                                249, 276, 767         5, 5, 4             
газр                            20, 20, 102, 102      90, 93, 2, 5        
                                303, 303, 303, 303    8, 85, 149, 152     
                                303, 303, 309, 404    203, 373, 5, 3      
                                484, 484, 547, 749    2, 5, 2, 2          
                                766                   4                   
зээл                            20, 20, 20, 159       147, 176, 284, 5    
                                182, 260, 303, 533    5, 5, 206, 5        
                                547, 635, 665, 696    5, 5, 5, 5          
эмнэлг                          20, 20, 20, 20        187, 203, 308, 326  
                                187, 198, 277, 287    6, 6, 6, 6          
эмнэлэг                         20, 20, 20, 20        187, 203, 308, 326  
                                187, 198, 277, 287    6, 6, 6, 6          
спорт                           20, 206, 303, 595     216, 5, 243, 5      
нисэх                           20, 221               231, 2              
зам                             20, 217, 225, 569     234, 1, 1, 1        
геодез                          20, 238               252, 4              
геодези                         20, 238               252, 4              
хүн                             20, 245, 303, 646     261, 3, 283, 3      
үйлчилгээ                       20, 276, 303, 684     301, 3, 319, 5      
                                715                   1                   
аудитор                         32, 389               4, 4                
шүүх                            39, 303, 346, 353     1, 37, 3, 1         
санхүүгийн зохицуулах хороо     46, 415               1, 1                
бүх нийтийн үйлчилгээний үүргийн сан  63                    1                   
прокурор                        78, 367               3, 3                
байгаль орчин                   113, 499              1, 1                
төлөөлөгчийн газр               128                   2                   
батлан хамгаалах                194, 584              1, 1                
хүнс                            256, 657              1, 1                
эрүүл мэнд                      286, 703              1, 1                
эрүүл мэндийн анхан шатны тусламж, үйлчилгээ  303                   340                 
засгийн газрын үнэт цаас        303, 543              196, 1              
гадаадын зээл                   303, 303, 303, 303    22, 59, 79, 106     
                                303, 303, 303, 303    132, 144, 158, 171  
                                303, 303, 303, 303    191, 217, 229, 277  
                                303, 303, 303, 303    305, 330, 351, 362  
                                303, 332, 379, 401    381, 1, 1, 1        
                                437, 466, 481, 496    1, 1, 1, 1          
                                511, 539, 566, 581    1, 1, 1, 1          
                                643, 673, 700, 723    1, 1, 1, 1          
                                738, 757              1, 1                
гадаад зээл                     303, 303, 303, 303    22, 59, 79, 106     
                                303, 303, 303, 303    132, 144, 158, 171  
                                303, 303, 303, 303    191, 217, 229, 277  
                                303, 303, 303, 303    305, 330, 351, 362  
                                303, 332, 379, 401    381, 1, 1, 1        
                                437, 466, 481, 496    1, 1, 1, 1          
                                511, 539, 566, 581    1, 1, 1, 1          
                                643, 673, 700, 723    1, 1, 1, 1          
                                738, 757              1, 1                
соёлын үйлчилгээ                303, 619              259, 1              
биеийн тамир                    303, 627              265, 2              
комисс                          303, 303, 360, 447    49, 121, 4, 7       
ажл                             303, 447              116, 2              
төсл                            303, 547              205, 4              
кадастр                         303, 749              375, 4              
шүүгч                           346                   5                   
үндэсний аюулгүй байдл          382                   1                   
авлига                          404                   1                   
авлиг                           404                   1                   
төрийн алба                     422                   1                   
төрийн алб                      422                   1                   
төлбөр                          543, 551              6, 2                
эрүүл мэндийн анхан шатны тусламж  711                   2                   
төсвийн  зарлага                759                   11                  
төсвийн зарлаг                  759                   11                  
төсвийн зарлага                 759                   11                  
төсөл, арга хэмжээ              760, 761, 992, 993    14, 14, 12, 14      
хөрөнгө оруулалт                760, 992              12, 10              
барилга байгууламж              760, 761, 992, 993    17, 17, 15, 17      
концесс                         761, 993              11, 11              
журм                            764, 765              10, 10              
өр                              766, 766, 767         10, 12, 19          
засгийн газрын өр               767                   14                  
үйл ажиллагаа                   767                   21                  
хөтөлбөр                        991, 991, 994         10, 11, 7           
үр                              991                   12                  
жагсаал                         993                   21                  
төсөл                           994                   6                   
сум                             994                   10                  
