File: MNCLW00709.txt
Search Method: Trie (MWE + Single-Word)
Total runtime: 0.002548s
Found terms: 72

Term                            Line                  Word Place          

эрүүл мэнд                      8, 17                 28, 20              
эд хөрөнгө                      8, 17, 61             30, 22, 23          
хуулийн этгээд                  8, 17                 48, 30              
нийслэл                         8                     12                  
хохирогч                        8, 17, 17, 22         32, 24, 33, 7       
                                36, 52, 59, 59        3, 9, 15, 16        
иргэн                           8, 10, 10, 13         33, 11, 19, 2       
                                14, 17, 21, 36        2, 25, 4, 4         
                                50, 52                13, 16              
байгууллага                     8, 59                 39, 36              
шүүхийн шийдвэр                 10, 15, 50, 52        26, 2, 22, 25       
гүйцэтгэгч                      10, 22                28, 3               
мэдээлэл                        12, 13, 14, 15        5, 5, 10, 8         
үйлчлэгч                        16                    4                   
шийтгэх тогтоол                 18                    16                  
этгээд                          18, 59, 61            22, 43, 20          
гэрээ                           21                    6                   
шүүгч                           22, 36, 61            12, 5, 26           
шүүх                            22, 36, 61            12, 5, 26           
эмнэлэг                         22, 36                13, 6               
тушаал                          22, 23, 26            24, 5, 2            
хүн                             23, 28, 37, 42        13, 1, 14, 1        
хөрөнгө                         50                    2                   
нэхэмжлэгч                      52                    6                   
улсын  төсөв                    55                    9                   
улсын төсөв                     55                    9                   
журам                           56, 57                6, 10               
газар                           57                    12                  
орон нутгийн төсөв              58                    13                  
уригч                           58                    9                   
даатгалын нөхөн төлбөр          59                    38                  
төлбөр авагч                    59                    7                   
нэхэмжлэл                       59                    47                  
төлбөр                          61                    30                  
