File: MNCLW00688.txt
Search Method: Trie (MWE + Single-Word)
Total runtime: 0.004233s
Found terms: 88

Term                            Line                  Word Place          

нийтлэх                         9                     1                   
хөдөлмөрийн гэрээ               11, 16, 17, 45        5, 9, 9, 2          
гэрээ                           11, 16, 17, 45        10, 14, 14, 7       
иргэн                           13                    16                  
мөрдөгч                         14, 16, 31, 43        17, 43, 7, 36       
                                44, 62                8, 12               
хөдөлмөрийн хөлсний доод хэмжээ  16, 20                48, 35              
эрх бүхий этгээд                16                    33                  
мэргэжил                        16, 17                4, 4                
ажилгүй                         16, 17                8, 8                
ажилтан                         16, 16, 17, 18        21, 25, 21, 8       
                                33, 39, 45, 49        10, 8, 61, 14       
                                57, 60                11, 11              
ажил олгогч                     18, 18, 45, 45        17, 22, 14, 35      
                                45, 60                59, 14              
хүн                             20, 20, 58            6, 23, 4            
сан                             26                    3                   
тэтгэвэр                        26                    6                   
газар                           33, 43                6, 39               
ажил                            33, 39, 49            7, 5, 11            
байгууллага                     33, 39, 45, 49        20, 17, 70, 10      
                                49, 57                24, 21              
тогтоол                         35                    8                   
мэдээлэл цуглуулах              37                    12                  
заавар                          38                    9                   
салбар                          39, 39, 39, 45        16, 20, 22, 58      
                                45, 52, 52            69, 10, 12          
хэлэлцээр                       39, 52, 52            24, 14, 23          
санал                           40, 41, 42, 43        30, 10, 7, 37       
талууд                          42, 42, 52            19, 21, 25          
тал                             42, 42, 52            19, 21, 25          
гамшиг                          43                    9                   
тохиолдол                       46, 47                7, 7                
төсөв                           46, 47                24, 24              
хяналт тавих                    49                    28                  
захиргаа                        49                    8                   
зарлаг                          52                    20                  
гомдол                          57                    10                  
хуулийн этгээд                  58                    5                   
