File: MNCLW00435.txt
Search Method: Aho-Corasick
Total runtime: 0.001753s
Found terms: 179

Term                            Line                  Word Place          

албан татвар                    6, 8, 9, 10           3, 7, 6, 3          
                                12, 15, 16, 30        17, 3, 3, 6         
                                31, 31, 31, 32        3, 7, 22, 4         
                                33, 34, 35, 37        22, 3, 3, 6         
                                38, 41, 52, 53        9, 9, 6, 3          
                                54, 59, 60, 61        5, 3, 6, 28         
                                62, 63, 65, 66        3, 3, 6, 9          
                                67, 68, 68, 69        6, 7, 22, 11        
                                70, 70, 71            7, 17, 3            
нийслэл                         6, 8, 9, 10           1, 5, 4, 15         
                                12, 30, 31, 33        15, 4, 20, 8        
                                34, 35, 37, 38        21, 21, 4, 7        
                                41, 52, 54, 60        7, 4, 3, 4          
                                61, 62, 63, 65        26, 16, 16, 4       
                                66, 67, 68, 68        7, 4, 5, 20         
                                70                    5                   
үйлчлэгч                        11, 12, 23            5, 22, 25           
үйлчилгээ                       12, 15, 16, 20        6, 15, 15, 11       
                                21, 22, 23, 24        12, 30, 26, 10      
                                25, 27, 27, 28        10, 2, 12, 2        
                                28, 31, 37, 41        12, 15, 10, 6       
                                42, 43, 44, 45        7, 7, 6, 6          
                                46, 47, 49, 50        5, 5, 5, 5          
                                53, 55, 56, 57        10, 4, 2, 16        
                                58, 61, 66, 68        5, 11, 6, 11        
                                69, 70                9, 13               
этгээд                          12, 15, 16, 31        14, 17, 17, 19      
                                33                    5                   
тодорхойлолт                    13                    7                   
хэрэглэгч                       14                    3                   
бараа                           15, 16, 31, 37        13, 13, 14, 9       
                                53, 55, 57, 58        8, 2, 14, 3         
                                61, 68, 69, 70        10, 9, 7, 11        
согтууруулах ундаа              19, 39                8, 7                
үйлчлүүлэгч                     20, 23                4, 11               
газар                           21, 22, 23, 24        2, 34, 27, 3        
                                25                    3                   
зохион байгуулагч               22                    31                  
үйлдвэрлэгч                     22                    21                  
хангагч                         22                    27                  
автотээврийн хэрэгслийн ашиглалт  27, 28                8, 8                
аж ахуйн нэгж                   27, 28                15, 15              
нийтийн тээвэр                  27, 28                5, 5                
иргэн                           27, 28, 62, 63        14, 14, 17, 17      
улсын бүртгэл                   33                    6                   
татварын алба                   33, 54                20, 10              
захиргаа                        33                    10                  
мэдээлэл                        33, 34, 35            15, 9, 9            
байгууллага                     33                    16                  
захиргааны байгууллага          34, 34, 35, 35        17, 28, 17, 28      
                                71                    15                  
журам                           34, 35                12, 12              
санал                           34, 35                19, 19              
хариуцагч                       34, 35                26, 26              
зочид буудал                    42                    5                   
амралтын газар                  43                    5                   
ресторан                        44                    5                   
үнэлгээ                         52, 53, 54, 59        9, 6, 8, 6          
зах зээл                        54, 57                14, 6               
тохиолдол                       54                    2                   
хамаарал бүхий этгээд           57                    2                   
төлбөр                          57, 58, 70            20, 2, 19           
зам                             58                    7                   
гадаад валют                    59                    7                   
гадаадын валют                  59                    7                   
хүн                             62, 63                8, 8                
төлбөрийн баримт                68                    17                  
хураамж                         70                    20                  
мөрдөгч                         73                    12                  
