File: MNCLW00699.txt
Search Method: Trie (MWE + Single-Word)
Total runtime: 0.011369s
Found terms: 341

Term                            Line                  Word Place          

хөрс хамгаалах                  8, 15, 55, 57         1, 4, 3, 5          
                                58, 62, 68, 71        7, 5, 4, 4          
                                88, 93, 97, 100       20, 4, 2, 4         
                                101, 115, 116, 117    12, 4, 4, 5         
цөлжилт                         8, 10, 11, 12         3, 10, 5, 3         
                                15, 24, 42, 57        6, 14, 5, 7         
                                62, 68, 71, 75        7, 6, 6, 5          
                                76, 77, 78, 80        3, 3, 3, 3          
                                84, 85, 86, 88        3, 3, 3, 22         
                                90, 92, 93, 94        3, 3, 6, 3          
                                95, 97, 100, 101      3, 4, 6, 14         
                                105, 106, 110, 111    5, 3, 5, 3          
                                115, 117, 123, 128    6, 7, 3, 3          
хөрсний доройтол                10, 26, 39, 40        5, 6, 4, 4          
                                41                    4                   
газар                           12, 16, 16, 19        17, 6, 16, 3        
                                27, 34, 34, 35        5, 6, 27, 6         
                                35, 36, 36, 39        25, 6, 29, 10       
                                39, 40, 40, 41        19, 10, 19, 9       
                                41, 51, 57, 58        19, 5, 4, 2         
                                65, 66, 68, 69        18, 9, 3, 5         
                                70, 71, 74, 76        11, 3, 13, 7        
                                96, 102, 102, 102     13, 5, 10, 22       
                                102, 104, 114, 116    29, 20, 2, 3        
                                133                   28                  
ой                              12, 114               19, 5               
мөрдөгч                         13                    17                  
үйлчлэгч                        14, 16                4, 17               
аж ахуйн нэгж                   15, 63, 64, 65        11, 2, 2, 6         
                                66, 101, 104, 111     2, 8, 2, 10         
                                133                   19                  
үйл ажиллагаа                   15, 21, 22, 24        15, 7, 15, 16       
                                25, 26, 59, 69        11, 16, 16, 15      
                                69, 86, 101, 104      22, 5, 3, 7         
                                104, 106, 108, 109    24, 8, 4, 6         
                                110, 111, 115, 116    7, 6, 9, 8          
                                117, 122              3, 8                
иргэн                           15, 65, 90, 100       10, 5, 10, 22       
                                101, 105, 111, 133    7, 8, 9, 14         
байгууллага                     15, 29, 37, 63        14, 19, 17, 5       
                                64, 65, 66, 84        5, 9, 5, 13         
                                88, 96, 101, 104      10, 2, 11, 5        
                                107, 111, 133         10, 13, 22          
усны сан бүхий газар            16                    9                   
сан                             16, 70, 71            8, 8, 2             
тодорхойлолт                    17                    6                   
хэрэглэгч                       18                    3                   
хөрсний үржил шим               20, 58, 113           4, 3, 6             
бэлчээр                         20                    12                  
шинжээч                         20, 121, 125, 139     15, 2, 2, 10        
хүн                             21, 22, 94, 140       6, 5, 5, 4          
хөрс                            21, 22, 23, 24        14, 4, 6, 11        
                                27, 34, 34, 35        12, 8, 15, 8        
                                35, 36, 36, 44        14, 8, 14, 5        
                                45, 46, 63, 69        5, 5, 10, 26        
                                96, 104, 106, 108     9, 9, 11, 6         
                                121, 127, 133         8, 3, 29            
арга хэмжээ                     24, 25, 26, 42        3, 3, 3, 8          
ургамал                         27, 54                11, 3               
шалгуур үзүүлэлт                29                    7                   
захиргаа                        29, 37, 84, 88        17, 15, 11, 8       
бохирдуулагч                    37                    2                   
хуурайшлын индекс               39, 40, 41            11, 11, 10          
нэгж                            39, 40, 41            17, 17, 16          
нийтлэх                         42, 43, 50            7, 4, 4             
зам                             49                    3                   
цөлжилтөөс сэргийлэх арга хэмжээ  56                    5                   
ажилгүй                         57                    2                   
үр тариа                        59                    13                  
технологи                       59, 86, 117, 117      5, 12, 11, 17       
тохиолдол                       59, 88, 111, 135      8, 2, 26, 4         
мал                             61, 94                5, 6                
суурин газар                    62                    3                   
бусад газар                     63, 67                8, 9                
хог хаягдал                     63                    11                  
эрүүл ахуй                      64                    6                   
бохир ус                        64                    10                  
хангагч                         64, 77, 78, 80        9, 8, 8, 13         
                                86                    23                  
хөрсийг нөхөн сэргээх           65, 108               19, 11              
барилгын ажил                   65                    11                  
журам                           66, 86                15, 9               
авто зам                        67                    5                   
тээврийн хэрэгсэл               67                    11                  
зогсоол                         67                    3                   
газрын тос                      69                    7                   
ашигт малтмал                   69                    11                  
хуулийн этгээд                  69, 105, 140          19, 9, 5            
хайгуул                         69                    13                  
ашиглалт                        69                    14                  
стандарт                        69                    30                  
төрийн байгууллага              75                    8                   
талууд                          75, 76, 84, 90        7, 5, 5, 5          
                                94, 97, 101, 105      9, 6, 16, 7         
                                106, 107              19, 4               
тал                             75, 76, 84, 90        7, 5, 5, 5          
                                94, 97, 101, 105      9, 6, 16, 7         
                                106, 107              19, 4               
аюул                            77, 78, 99            6, 6, 5             
хөтөлбөр                        77, 78, 85            10, 10, 8           
зохион байгуулагч               80, 85, 92, 100       9, 11, 11, 28       
удирдлага                       80                    12                  
ажил                            85, 115               10, 12              
дүрэм                           86                    8                   
төлбөр                          86, 134               16, 7               
заавар                          86                    19                  
цэргийн дүйцүүлэх алба          88                    12                  
сум                             90, 97, 135           7, 8, 15            
нийслэл                         90, 97, 102, 133      8, 9, 9, 39         
хяналт тавих                    92, 101, 135          14, 22, 38          
мэргэжлийн байгууллага          94, 99, 104, 120      10, 16, 14, 8       
                                135                   5                   
дүгнэлт                         94, 96, 99, 104       12, 3, 18, 16       
                                120, 135              7, 7                
санал                           94, 96                17, 7               
шийдвэр                         94                    19                  
төсвийн төсөл                   100                   18                  
үр                              100                   30                  
хяналт шалгалт                  102                   12                  
захиргааны байгууллага          102                   33                  
зохиогч                         102                   23                  
эрх бүхий албан тушаалтан       106                   20                  
этгээд                          106, 136              7, 3                
мэдээлэл                        107                   7                   
газар эзэмших                   113                   2                   
гүйцэтгэгч                      120                   11                  
шуудан                          126                   3                   
үнэлгээ                         127                   6                   
үйл ажиллагааны зардал          133, 133              6, 34               
газар өмчлөх                    133                   10                  
гадаадын иргэн                  133                   15                  
харьяалалгүй хүн                133                   17                  
хариуцагч                       133                   24                  
төсөв                           133                   40                  
торгууль                        135                   34                  
төлбөр төлөгч                   136                   5                   
