File: MNCLW00195.txt
Search Method: Trie (MWE + Single-Word)
Total runtime: 0.015068s
Found terms: 674

Term                            Line                  Word Place          

төрийн ордон                    5                     1                   
үйлчилгээ                       6, 7, 14, 15          4, 4, 8, 8          
                                16, 17, 24, 27        6, 4, 19, 8         
                                32, 33, 33, 34        10, 3, 11, 3        
                                34, 35, 35, 36        11, 3, 11, 4        
                                38, 41, 42, 47        34, 6, 12, 25       
                                49, 50, 56, 56        4, 15, 4, 8         
                                57, 58, 61, 62        6, 14, 3, 2         
                                64, 71, 74, 75        2, 8, 4, 4          
                                76, 77, 78, 78        7, 4, 4, 14         
                                86, 87, 91, 93        9, 3, 9, 6          
                                94, 103, 105, 105     4, 6, 2, 9          
                                106, 108, 115, 116    4, 4, 5, 3          
                                117, 118, 119, 119    3, 3, 3, 11         
                                120, 125, 133, 137    3, 5, 11, 4         
                                138, 139, 139, 140    4, 6, 9, 6          
                                140, 145, 146, 147    10, 2, 3, 6         
                                149, 151, 152, 156    4, 4, 4, 11         
                                157, 158, 158, 165    18, 2, 10, 4        
                                166, 168, 170, 171    4, 7, 4, 4          
                                174, 177, 178, 179    6, 4, 13, 4         
                                183, 184, 186, 189    4, 4, 4, 4          
                                192, 194, 194, 197    4, 4, 13, 4         
                                198, 199, 200, 201    4, 4, 4, 4          
                                209, 211, 212, 213    11, 9, 7, 10        
                                215, 216, 218, 222    8, 10, 6, 9         
                                226, 230, 234, 236    4, 4, 6, 9          
                                238, 240, 246, 247    4, 4, 6, 13         
                                249, 251, 252, 253    17, 6, 4, 4         
                                255, 257, 258, 259    6, 9, 4, 4          
                                261, 262              7, 7                
нийтлэх                         11, 12                1, 1                
ажил                            14, 47, 48, 81        14, 15, 20, 4       
                                87, 104, 105, 134     2, 10, 17, 19       
                                145, 213, 249, 257    4, 23, 27, 8        
удирдлага                       15, 184, 185, 204     15, 20, 5, 18       
                                220                   9                   
зохицуулалт                     15, 21                16, 31              
зээлийн батлан даалт            17                    30                  
иргэн                           17, 105, 209          13, 10, 5           
компани                         17, 21, 39            15, 11, 7           
нөхөрлөл                        17, 39                21, 9               
газар                           17, 21, 66, 99        25, 24, 4, 25       
                                110, 111, 113, 113    11, 3, 10, 19       
                                119, 124, 171, 173    29, 21, 17, 4       
                                174, 248, 262         2, 23, 16           
сан                             17, 17, 107, 108      27, 33, 7, 19       
                                110, 111, 113, 119    13, 5, 12, 6        
                                119, 120, 123, 124    21, 18, 10, 6       
                                134, 162, 184, 185    10, 7, 17, 4        
                                197, 228, 238, 251    8, 9, 10, 9         
                                252, 261, 262         7, 2, 2             
мөрдөгч                         18                    17                  
үйлчлэгч                        19, 20                4, 28               
жижиг, дунд үйлдвэр, үйлчилгээ эрхлэгч  20, 29, 30            20, 1, 1            
монгол улсын нутаг дэвсгэр      20                    3                   
аж ахуйн нэгж                   20, 24, 25, 27        25, 24, 4, 3        
                                32, 33, 34, 35        4, 23, 24, 23       
                                42, 58, 95, 100       6, 5, 14, 8         
                                101, 202              23, 10              
үйл ажиллагаа                   20, 24, 33, 34        9, 21, 13, 13       
                                35, 38, 38, 39        13, 10, 24, 11      
                                58, 59, 59, 65        2, 3, 72, 9         
                                71, 91, 95, 98        5, 3, 11, 9         
                                100, 101, 108, 144    5, 18, 6, 3         
                                157, 222, 224, 226    2, 13, 11, 6        
                                236                   11                  
улсын төсөвт үйлдвэрийн газар   21                    12                  
хуулийн этгээд                  21, 140, 267          27, 3, 5            
байгууллага                     21, 130, 132, 150     3, 10, 31, 2        
                                151, 155, 181, 182    14, 5, 11, 9        
                                198, 202, 208, 216    23, 13, 6, 14       
                                218, 242, 247, 250    10, 4, 9, 7         
                                256                   3                   
ажилгүй                         21                    21                  
тодорхойлолт                    22, 45, 47            6, 9, 28            
хэрэглэгч                       23, 55                3, 14               
дунд үйлдвэр, үйлчилгээ эрхлэгч  24, 31, 37, 39        2, 4, 2, 2          
                                52, 55, 98, 148       2, 2, 2, 2          
                                154, 169              2, 2                
борлуулалтын орлого             24, 25, 33, 34        15, 10, 21, 22      
                                35, 36, 36, 51        21, 6, 14, 3        
                                81, 98, 99, 116       7, 16, 7, 6         
                                117, 118, 160         6, 6, 3             
ажилтан                         24, 33, 34, 35        9, 8, 8, 8          
                                37, 98, 99            19, 14, 5           
салбар                          24, 33, 34, 35        20, 12, 12, 12      
                                78, 105, 137, 138     15, 3, 5, 5         
                                171, 184, 187, 194    5, 5, 8, 5          
                                198, 240, 249         5, 6, 18            
орлого                          25                    2                   
хоршоо                          27, 39, 97            15, 8, 3            
хангагч                         32, 42, 47, 106       3, 5, 8, 19         
                                141, 175, 184, 195    3, 12, 21, 8        
                                204, 224, 230         19, 6, 13           
харилцан хамааралтай этгээдүүд  36, 40                11, 5               
тохиолдол                       37, 98, 120           18, 12, 8           
нэгж                            38, 54, 204, 220      3, 3, 12, 7         
                                244                   8                   
эрх бүхий этгээд                42, 160               31, 29              
захиргааны байгууллага          42, 49, 50, 109       22, 18, 7, 12       
                                160, 190, 191, 249    20, 8, 16, 34       
хүсэлт                          42, 43, 47, 52        15, 5, 11, 8        
хариуцагч                       42, 42, 49, 50        20, 30, 16, 5       
                                109, 160, 160, 190    10, 18, 28, 6       
                                191, 204, 213, 216    14, 11, 24, 13      
                                218, 220, 234, 249    9, 24, 9, 32        
гэрчилгээ                       44                    3                   
нийгмийн даатгалын байгууллага  45                    6                   
даатгагч                        45                    3                   
санхүүгийн тайлан               46                    6                   
баримт бичгийн бүрдэл           48                    10                  
цахим хуудас                    49, 134               22, 13              
талууд                          49, 76, 131, 149      11, 9, 6, 6         
                                152, 168, 174, 209    5, 8, 7, 12         
тал                             49, 76, 131, 149      11, 9, 6, 6         
                                152, 168, 174, 209    5, 8, 7, 12         
баримт бичиг                    53                    3                   
байгаль орчин                   55                    6                   
хүн                             55, 78, 187, 198      8, 16, 10, 7        
                                267                   4                   
технологи                       55                    12                  
хураамж                         56                    10                  
этгээд                          57, 131, 151, 195     9, 16, 11, 5        
тусгай зөвшөөрөл                59                    5                   
зөвлөх үйлчилгээ                63, 88, 142           3, 2, 2             
сүлжээ                          64                    3                   
зээл                            65, 80, 81, 113       2, 2, 11, 3         
                                115, 119, 119, 120    10, 5, 25, 11       
                                121, 121, 124, 125    2, 3, 7, 8          
                                126, 127, 128, 133    3, 5, 3, 3          
                                135, 161, 169, 258    3, 7, 13, 10        
ашигт малтмал                   66                    13                  
ус                              66                    12                  
банк                            71, 119, 119, 119     2, 13, 16, 20       
                                120                   9                   
чадамж                          77                    19                  
зах зээл                        78, 254               5, 4                
хүү                             81, 83, 84, 120       12, 2, 7, 13        
                                121, 123, 124         4, 2, 8             
батлан даалт                    82, 185               3, 2                
санхүүгийн түрээсийн үйлчилгээ  84                    3                   
хөнгөлөлт                       85, 113, 125, 133     2, 2, 7, 2          
                                145                   8                   
орлог                           86                    4                   
бүтээгдэхүүн                    86, 89, 120, 158      7, 2, 5, 9          
                                196                   5                   
борлуулалт                      87, 95, 242           4, 7, 6             
үр                              90, 193, 198, 240     10, 4, 13, 10       
үйлдвэрлэгч                     90, 193, 240          12, 6, 12           
тээвэрлэлт                      95                    6                   
журам                           99, 113, 119, 124     18, 8, 27, 11       
                                150, 248, 262         13, 18, 9           
гишүүн                          99, 124, 262          26, 22, 17          
төсөл                           100, 113, 131, 133    11, 5, 5, 5         
                                134, 149, 170, 171    2, 11, 7, 14        
                                177, 183, 258         7, 17, 13           
улсын нийслэл                   101                   2                   
нийслэл                         101, 204, 209, 213    14, 2, 3, 3         
                                216, 218, 220, 222    5, 2, 16, 3         
                                224, 242              2, 2                
хөтөлбөр                        103, 104, 105, 106    8, 21, 23, 6        
                                149, 170, 171, 175    10, 6, 15, 6        
                                177, 183, 187, 212    6, 14, 22, 12       
                                258                   14                  
стандарт                        105, 156              7, 2                
төрийн бус байгууллага          106, 189, 201         13, 17, 15          
жижиг, дунд үйлдвэрийг хөгжүүлэх сан  108, 220              13, 17              
хөрөнгө                         108, 110, 111, 123    9, 2, 15, 6         
                                161, 170, 171, 177    3, 11, 11, 11       
                                184, 211, 257         11, 12, 6           
улсын төсөв                     111, 171, 184         11, 6, 6            
улсын  төсөв                    111, 171, 184         11, 6, 6            
сонгогч                         113, 119, 119, 131    6, 17, 19, 10       
                                133, 134              6, 3                
шуудан                          119                   7                   
мэдээллийн сан                  127, 252              2, 9                
шийдвэр                         129, 131, 134, 134    2, 13, 5, 7         
                                150, 152, 155         8, 10, 10           
өр                              129, 130              5, 11               
нийгмийн даатгал                130                   7                   
санал                           131, 152, 176, 186    7, 12, 12, 22       
                                199, 249              13, 24              
дүгнэлт                         131                   8                   
хувийн ашиг сонирхол            132, 270              16, 14              
ашиг сонирхлын зөрчил           132, 270              20, 18              
урьдчилан сэргийлэх             132, 270              23, 21              
хяналт тавих                    135, 152, 183, 212    9, 15, 20, 25       
                                226                   8                   
оролцогч                        137, 138, 194, 249    7, 7, 7, 19         
мэдээлэл                        141, 151, 194, 195    2, 20, 9, 7         
                                201, 224, 228, 230    20, 5, 5, 12        
                                238, 252, 254, 258    7, 14, 6, 16        
                                259, 260              14, 5               
зохион байгуулагч               143, 151, 196, 200    2, 15, 16, 16       
                                213, 222, 230, 232    21, 17, 10, 5       
                                236, 242, 249, 259    15, 10, 22, 9       
тоног төхөөрөмж                 145                   6                   
түрээслүүлэх                    145                   10                  
санхүүгийн дэмжлэг              149                   15                  
гомдол                          150                   15                  
төсөв                           152                   11                  
ариун цэвэр                     156                   3                   
эрүүл ахуй                      156                   5                   
мэргэжил                        159, 187, 187, 204    4, 13, 25, 15       
нутгийн өөрөө удирдах байгууллага  165, 166              8, 8                
хөрөнгө оруулалт                169                   14                  
гадаад зээл                     171, 177, 184         8, 14, 8            
гадаадын зээл                   171, 177, 184         8, 14, 8            
төсвийн хүрээний мэдэгдэл       177                   25                  
чөлөөт бүс                      178                   7                   
засгийн газрын үнэт цаас        179                   12                  
зөвшөөрөл                       179, 186              11, 18              
захиргаа                        181, 182, 198, 220    9, 7, 21, 4         
                                247                   7                   
төсөл, арга хэмжээ              184                   14                  
хяналт шалгалтын бүртгэл        186                   15                  
төрийн үйлчилгээ                186                   7                   
нээлт                           186                   9                   
техникийн боловсрол             187                   15                  
суралцагч                       187                   23                  
арга хэмжээ                     193                   11                  
зохиогч                         193, 203              9, 4                
цахим мэдээлэл                  197, 228, 238, 251    6, 7, 8, 7          
                                252                   5                   
мэдээ                           202                   4                   
сум                             209, 213, 216, 236    2, 2, 4, 2          
                                244                   9                   
гүйцэтгэгч                      213, 249              25, 36              
эрх бүхий албан тушаалтан       215                   16                  
зөвлөмж                         224, 249              9, 25               
үнэлгээ                         246, 247, 248, 249    10, 18, 2, 6        
                                250                   5                   
хөгжлийн бодлого                248                   11                  
мэдээлэл цуглуулах              249, 262              9, 5                
орон нутгийн төсөв              250                   15                  
төрийн байгууллага              253                   7                   
тайлан                          256                   5                   
бүтээл                          256                   6                   
орон нутгийн өмч                257                   3                   
бараа                           257                   7                   
захиалагч                       257                   12                  
холбоо                          261                   13                  
хөтөч-тайлбарлагч               261                   15                  
шинжээч                         268                   10                  
