File: MNCLW00303.txt
Search Method: Aho-Corasick
Total runtime: 0.005619s
Found terms: 790

Term                            Line                  Word Place          

хүү                             5, 16, 278, 312       2, 353, 2, 274      
                                351, 573              1, 2                
төсв                            6, 10, 10, 10         5, 10, 15, 52       
                                11, 12, 12, 12        7, 5, 10, 13        
                                15, 308, 308, 311     8, 8, 11, 8         
                                682, 685, 691, 694    8, 9, 7, 13         
                                694, 697, 709, 774    18, 5, 7, 6         
                                791, 873              7, 7                
орон нутгийн хөгжлийн нэгдсэн сан  10, 10, 707, 707      26, 33, 7, 14       
                                708, 708, 774, 791    7, 14, 8, 9         
орон нутгийн төсөв              10, 707, 708, 709     20, 1, 1, 9         
төсвийн ерөнхийлөн захирагч     10, 15, 18, 311       45, 10, 1, 10       
                                314                   1                   
улсын  төсөв                    10, 15, 16, 308       6, 4, 155, 4        
улсын төсөв                     10, 15, 16, 308       6, 4, 155, 4        
санхүүгийн дэмжлг               10, 707, 708, 709     24, 5, 5, 13        
                                711, 714              4, 2                
санхүүгийн дэмжлэг              10, 707, 708, 709     24, 5, 5, 13        
                                711, 714              4, 2                
орлогын шилжүүлэг               10, 707, 708, 791     43, 24, 24, 19      
                                796                   1                   
орлогын шилжүүлг                10, 707, 708, 791     43, 24, 24, 19      
                                796                   1                   
төсвийн алдагдл                 10, 697               58, 7               
орлог                           10, 10, 10, 15        13, 17, 32, 19      
                                16, 16, 16, 16        22, 37, 52, 66      
                                16, 16, 16, 16        114, 128, 138, 161  
                                16, 16, 16, 16        189, 229, 264, 302  
                                16, 16, 16, 16        366, 383, 385, 397  
                                25, 32, 39, 46        5, 3, 5, 3          
                                54, 59, 63, 70        5, 3, 5, 5          
                                82, 106, 109, 115     5, 3, 5, 3          
                                121, 124, 136, 139    3, 5, 3, 5          
                                160, 163, 190, 192    3, 5, 3, 1          
                                202, 214, 220, 223    5, 3, 8, 5          
                                229, 241, 245, 257    5, 3, 5, 5          
                                266, 272, 275, 284    5, 8, 5, 3          
                                287, 290, 291, 292    5, 8, 3, 5          
                                304, 308, 682, 707    3, 13, 14, 13       
                                708, 774, 776, 779    13, 14, 2, 2        
орлого                          10, 10, 10, 15        13, 17, 32, 19      
                                16, 16, 16, 16        22, 37, 52, 66      
                                16, 16, 16, 16        114, 128, 138, 161  
                                16, 16, 16, 16        189, 229, 264, 302  
                                16, 16, 16, 16        366, 383, 385, 397  
                                25, 32, 39, 46        5, 3, 5, 3          
                                54, 59, 63, 70        5, 3, 5, 5          
                                82, 106, 109, 115     5, 3, 5, 3          
                                121, 124, 136, 139    3, 5, 3, 5          
                                160, 163, 190, 192    3, 5, 3, 1          
                                202, 214, 220, 223    5, 3, 8, 5          
                                229, 241, 245, 257    5, 3, 5, 5          
                                266, 272, 275, 284    5, 8, 5, 3          
                                287, 290, 291, 292    5, 8, 3, 5          
                                304, 308, 682, 707    3, 13, 14, 13       
                                708, 774, 776, 779    13, 14, 2, 2        
байгууллаг                      10, 15, 15, 16        19, 15, 17, 13      
                                16, 16, 16, 16        29, 44, 56, 64      
                                16, 16, 16, 16        81, 118, 142, 151   
                                16, 16, 16, 16        165, 193, 232, 246  
                                16, 16, 16, 16        278, 287, 306, 319  
                                16, 16, 16, 16        332, 350, 370, 388  
                                25, 39, 54, 63        3, 3, 3, 3          
                                70, 82, 109, 124      3, 3, 3, 3          
                                133, 139, 163, 191    2, 3, 3, 3          
                                202, 223, 229, 245    3, 3, 3, 3          
                                257, 266, 275, 287    3, 3, 3, 3          
                                292                   3                   
байгууллага                     10, 15, 15, 16        19, 15, 17, 13      
                                16, 16, 16, 16        29, 44, 56, 64      
                                16, 16, 16, 16        81, 118, 142, 151   
                                16, 16, 16, 16        165, 193, 232, 246  
                                16, 16, 16, 16        278, 287, 306, 319  
                                16, 16, 16, 16        332, 350, 370, 388  
                                25, 39, 54, 63        3, 3, 3, 3          
                                70, 82, 109, 124      3, 3, 3, 3          
                                133, 139, 163, 191    2, 3, 3, 3          
                                202, 223, 229, 245    3, 3, 3, 3          
                                257, 266, 275, 287    3, 3, 3, 3          
                                292                   3                   
сан                             10, 10, 16, 16        41, 54, 178, 378    
                                142, 148, 154, 480    1, 3, 1, 1          
                                694, 707, 708, 791    15, 22, 22, 17      
төсөв                           10, 16, 16, 16        48, 12, 28, 43      
                                16, 16, 16, 16        55, 63, 80, 117     
                                16, 16, 16, 16        141, 164, 192, 231  
                                16, 16, 16, 16        245, 277, 286, 305  
                                16, 16, 16, 16        318, 331, 349, 369  
                                16, 25, 39, 54        387, 2, 2, 2        
                                63, 70, 82, 109       2, 2, 2, 2          
                                124, 139, 163, 191    2, 2, 2, 2          
                                202, 223, 229, 245    2, 2, 2, 2          
                                257, 266, 275, 287    2, 2, 2, 2          
                                292, 311              2, 15               
хөрөнгө                         10, 14, 312, 312      56, 9, 51, 71       
                                312, 312, 312, 312    113, 125, 139, 154  
                                312, 312, 312, 312    165, 182, 212, 218  
                                312, 312, 312, 312    229, 261, 272, 285  
                                312, 312, 312, 312    300, 320, 345, 356  
                                312, 312, 363, 384    367, 385, 1, 1      
                                426, 438, 450, 462    1, 1, 1, 1          
                                474, 489, 510, 519    1, 1, 1, 1          
                                531, 558, 570, 582    1, 1, 1, 1          
                                597, 614, 635, 647    1, 1, 1, 1          
                                659, 675, 685, 694    1, 1, 6, 21         
                                871                   6                   
хөрөнг                          10, 14, 312, 312      56, 9, 51, 71       
                                312, 312, 312, 312    113, 125, 139, 154  
                                312, 312, 312, 312    165, 182, 212, 218  
                                312, 312, 312, 312    229, 261, 272, 285  
                                312, 312, 312, 312    300, 320, 345, 356  
                                312, 312, 363, 384    367, 385, 1, 1      
                                426, 438, 450, 462    1, 1, 1, 1          
                                474, 489, 510, 519    1, 1, 1, 1          
                                531, 558, 570, 582    1, 1, 1, 1          
                                597, 614, 635, 647    1, 1, 1, 1          
                                659, 675, 685, 694    1, 1, 6, 21         
                                871                   6                   
этгээд                          12                    21                  
төсвийн орлого                  14                    5                   
төсвийн орлог                   14                    5                   
өрийн удирдлаг                  14                    10                  
өрийн удирдлага                 14                    10                  
зарлага                         14                    7                   
зарлаг                          14                    7                   
зарлг                           14                    7                   
зарлиг                          14                    7                   
бүх нийтийн үйлчилгээний үүрг   16                    71                  
бүх нийтийн үйлчилгээний үүрэг  16                    71                  
нийгмийн даатгалын сан          16, 16, 16, 189       222, 268, 340, 1    
                                220, 272, 290         1, 1, 1             
гадаадын тусламж                16, 16, 16, 16        20, 35, 112, 126    
                                16, 16, 16, 16        136, 159, 187, 262  
                                16, 16, 16, 32        300, 364, 395, 1    
                                46, 106, 115, 121     1, 1, 1, 1          
                                136, 160, 214, 241    1, 1, 1, 1          
                                284, 291, 304         1, 1, 1             
зохицуулах хороо                16, 312               32, 73              
оюуны өмч                       16, 91                91, 1               
аялал жуулчлал                  16, 118, 312, 456     133, 5, 149, 5      
улсын бүртгэл                   16, 169               198, 1              
шүүхийн шийдвэр                 16, 178               208, 1              
хот байгуулалт                  16, 16, 205, 211      249, 259, 2, 2      
                                312, 665              374, 2              
ашигт малтмал                   16, 251               311, 1              
газрын тос                      16, 254               314, 1              
эрүүл мэнд                      16, 289, 312, 620     373, 1, 333, 1      
                                626                   2                   
газр                            16, 16, 16, 16        9, 121, 124, 252    
                                22, 112, 112, 208     5, 2, 5, 1          
                                312, 312, 312, 312    8, 67, 132, 135     
                                312, 312, 318, 378    196, 203, 5, 3      
                                444, 444, 498, 501    2, 5, 2, 2          
                                698, 701, 703         7, 2, 2             
зөвлөл                          16, 35, 312, 312      25, 3, 37, 55       
                                312, 345, 366, 396    84, 3, 4, 3         
агаар                           16, 59                50, 1               
мэргэжл                         16, 16, 16, 88        87, 105, 109, 1     
                                100, 103              3, 2                
стандартчилал                   16, 94                94, 1               
хэмжил                          16, 94                95, 2               
хэрэглэгч                       16, 97                100, 3              
нийслэл                         16, 100               104, 2              
үйлчилгээ                       16, 16, 133, 263      152, 325, 3, 3      
                                312, 610, 627         337, 1, 2           
газар                           16, 88, 91, 94        154, 4, 3, 4        
                                97, 100, 133, 145     5, 5, 5, 3          
                                151, 169, 172, 175    3, 4, 3, 3          
                                178, 208, 235, 251    5, 6, 4, 3          
                                254                   3                   
зээл                            16, 16, 16, 16        184, 217, 241, 361  
                                157, 183, 198, 281    5, 5, 5, 5          
                                312, 312, 486, 498    199, 205, 5, 5      
                                501, 555, 579, 594    4, 5, 5, 5          
                                662, 701, 703         5, 7, 7             
архив                           16, 175               205, 1              
эмнэлг                          16, 16, 16, 16        226, 272, 344, 380  
                                189, 220, 272, 290    5, 5, 5, 5          
эмнэлэг                         16, 16, 16, 16        226, 272, 344, 380  
                                189, 220, 272, 290    5, 5, 5, 5          
геодез                          16, 208               254, 3              
геодези                         16, 208               254, 3              
нисэх                           16, 235               293, 2              
мэдээлл                         16, 263               327, 5              
спорт                           16, 289, 312, 620     375, 3, 328, 3      
шүүх                            35, 312, 339, 345     1, 31, 3, 1         
санхүүгийн зохицуулах хороо     42, 50, 387           1, 1, 1             
аудитор                         57, 372               4, 4                
бүх нийтийн үйлчилгээний үүргийн сан  76                    1                   
байгаль орчин                   118, 456              1, 1                
төлөөлөгчийн газр               130                   2                   
улсын төсөвт үйлдвэрийн газар   133                   6                   
батлан хамгаалах                217, 525              1, 1                
зам                             232, 513              1, 1                
захиргаа                        238                   4                   
хүн                             269, 603              1, 1                
хүнс                            278, 573              1, 1                
эрчим хүч                       301, 641              1, 1                
улсын төсв                      311, 682, 685, 871    4, 4, 4, 4          
засгийн газрын үнэт цаас        312, 495              189, 1              
гадаадын зээл                   312, 312, 312, 312    18, 78, 115, 127    
                                312, 312, 312, 312    141, 156, 168, 184  
                                312, 312, 312, 312    220, 231, 263, 287  
                                312, 312, 312, 312    302, 322, 347, 358  
                                312, 330, 393, 429    387, 1, 1, 1        
                                441, 453, 465, 477    1, 1, 1, 1          
                                492, 522, 534, 561    1, 1, 1, 1          
                                585, 600, 617, 638    1, 1, 1, 1          
                                650, 678              1, 1                
гадаад зээл                     312, 312, 312, 312    18, 78, 115, 127    
                                312, 312, 312, 312    141, 156, 168, 184  
                                312, 312, 312, 312    220, 231, 263, 287  
                                312, 312, 312, 312    302, 322, 347, 358  
                                312, 330, 393, 429    387, 1, 1, 1        
                                441, 453, 465, 477    1, 1, 1, 1          
                                492, 522, 534, 561    1, 1, 1, 1          
                                585, 600, 617, 638    1, 1, 1, 1          
                                650, 678              1, 1                
соёлын үйлчилгээ                312, 551              252, 1              
биеийн тамир                    312, 631              341, 2              
комисс                          312, 312, 351, 413    43, 103, 4, 7       
ажл                             312, 413              98, 2               
төсл                            312, 498, 701         198, 4, 6           
кадастр                         312, 671              381, 3              
шүүгч                           339                   5                   
прокурор                        357                   3                   
үндэсний аюулгүй байдл          366                   1                   
авлига                          378                   1                   
авлиг                           378                   1                   
төрийн алба                     396                   1                   
төрийн алб                      396                   1                   
төлбөр                          495, 498, 501         6, 7, 6             
шилжүүлг                        544, 548, 552, 611    3, 2, 2, 1          
                                628, 632, 672, 793    2, 2, 2, 2          
шилжүүлэг                       544, 548, 552, 611    3, 2, 2, 1          
                                628, 632, 672, 793    2, 2, 2, 2          
төсвийн  зарлага                682                   11                  
төсвийн зарлаг                  682                   11                  
төсвийн зарлага                 682                   11                  
төсөл, арга хэмжээ              685, 688, 691, 871    14, 8, 16, 12       
                                873                   16                  
хөрөнгө оруулалт                685, 691, 871, 873    12, 14, 10, 14      
барилга байгууламж              685, 691, 871, 873    17, 19, 15, 19      
банк                            691, 873              4, 4                
үнэт цаас                       698                   10                  
хөтөлбөр                        703, 869, 869         6, 10, 11           
үр                              869                   13                  
