File: MNCLW00067.txt
Search Method: Trie (MWE + Single-Word)
Total runtime: 0.002987s
Found terms: 55

Term                            Line                  Word Place          

төрийн ордон                    5                     1                   
банк                            6, 7, 8, 9            1, 1, 4, 28         
                                10, 11, 13, 13        10, 10, 10, 11      
                                18, 20, 27, 27        8, 10, 10, 18       
                                27, 28, 29            26, 14, 13          
мөрдөгч                         6, 7, 28, 29          10, 10, 32, 27      
журам                           6, 7, 9, 10           11, 11, 17, 32      
үнэт цаас                       8                     14                  
нээлт                           8                     17                  
санал                           8, 9, 21              21, 24, 8           
хувьцаа                         8, 18, 18, 20         24, 17, 18, 11      
                                21, 21, 22, 22        3, 5, 5, 6          
                                23, 23, 25            5, 6, 5             
хөрөнгө                         8, 10                 28, 13              
нээлттэй хувьцаат компани       10                    4                   
санхүүгийн зохицуулах хороо     10                    34                  
компани                         11                    22                  
хангагч                         13                    25                  
урьдчилан сэргийлэх             16                    8                   
удирдлага                       17                    9                   
өөрийн хөрөнгө                  18                    21                  
арга хэмжээ                     19, 26                5, 5                
эд хөрөнгө                      24                    6                   
орлого                          24                    10                  
газар                           27, 27                15, 32              
