File: MNCLW00700.txt
Search Method: Trie (MWE + Single-Word)
Total runtime: 0.002054s
Found terms: 71

Term                            Line                  Word Place          

төрийн ордон                    5                     1                   
мөрдөгч                         6                     7                   
журам                           6                     8                   
үйл ажиллагаа                   7, 7, 8, 8            14, 31, 14, 31      
                                9, 10, 11, 12         19, 19, 6, 6        
                                13, 13, 13, 14        11, 16, 40, 11      
                                14, 14, 17, 18        16, 40, 19, 19      
тусгай зөвшөөрөл                7, 8, 17, 18          34, 34, 22, 22      
зээл                            7, 7, 8, 8            13, 30, 13, 30      
                                9, 10, 11, 12         18, 18, 5, 5        
                                13, 13, 14, 14        15, 39, 15, 39      
                                17, 18                18, 18              
хоршоо                          7, 8, 9, 10           20, 20, 16, 16      
                                11, 12, 13, 14        13, 13, 24, 24      
хүсэлт                          7, 8, 9, 10           38, 38, 14, 14      
                                11, 12, 13, 14        24, 24, 35, 35      
нэхэмжлэл                       11, 12, 15, 16        35, 35, 24, 24      
шүүгч                           11, 12, 15, 16        36, 36, 25, 25      
шүүх                            11, 12, 15, 16        36, 36, 25, 25      
улсын бүртгэл                   13, 14, 15, 16        65, 65, 21, 21      
өргөдөл                         15, 16                15, 15              
