File: MNCLW00605.txt
Search Method: Trie (MWE + Single-Word)
Total runtime: 0.012212s
Found terms: 508

Term                            Line                  Word Place          

төрийн ордон                    5                     1                   
нийтлэх                         8, 88, 99, 171        1, 14, 23, 3        
үйл ажиллагаа                   10, 27, 44, 45        13, 6, 3, 5         
                                46, 47, 48, 51        5, 4, 2, 2          
                                51, 53, 84, 108       9, 3, 2, 6          
                                131, 144, 155, 156    10, 43, 13, 26      
                                169, 178, 186, 190    11, 5, 17, 13       
                                194                   15                  
байгууллага                     10, 17, 55, 60        9, 2, 24, 8         
                                62, 64, 76, 77        32, 2, 3, 3         
                                78, 79, 84, 86        3, 5, 15, 16        
                                90, 92, 93, 95        18, 29, 29, 17      
                                97, 97, 108, 140      15, 23, 4, 2        
                                144, 144, 145, 148    36, 42, 3, 2        
                                152, 155, 172, 174    6, 9, 2, 10         
                                175, 176, 177, 184    8, 11, 2, 14        
                                184, 188, 189, 190    19, 34, 40, 33      
                                191, 191              27, 47              
хангагч                         10, 51, 178, 180      22, 7, 12, 14       
үр                              10, 27, 44, 45        23, 14, 13, 7       
                                113, 115, 146, 154    9, 13, 5, 11        
                                154                   13                  
мөрдөгч                         13, 27, 27, 178       17, 21, 32, 4       
                                186, 194, 197, 199    21, 22, 16, 20      
үйлчлэгч                        14, 15, 50            4, 3, 3             
хуулийн этгээд                  15, 18, 19, 50        5, 11, 17, 5        
                                57, 60, 99, 99        13, 31, 13, 35      
                                119, 132, 140, 148    11, 11, 8, 8        
                                156, 169, 186, 188    6, 22, 8, 6         
                                189, 191, 191, 198    6, 6, 29, 17        
захиргаа                        16, 75, 86, 127       4, 3, 22, 5         
                                174, 175, 184         8, 6, 12            
үйлчилгээ                       16, 51, 64, 65        7, 4, 3, 3          
                                74, 134, 134, 135     6, 9, 28, 4         
                                136, 137, 138, 170    16, 5, 9, 6         
                                171, 179              4, 11               
салбар                          18, 19, 91, 144       5, 5, 18, 40        
                                179, 179              10, 18              
орон нутгийн өмч                19, 62, 63, 121       8, 28, 3, 6         
                                134, 138              3, 3                
банк                            20                    2                   
орон нутгийн төсөв              21, 119, 198          3, 3, 9             
газар                           22, 26, 55, 55        2, 9, 11, 14        
                                57, 60, 62, 79        2, 23, 15, 2        
                                88, 99, 105, 122      17, 31, 6, 10       
                                132, 141, 144, 162    25, 5, 12, 14       
                                163, 164, 167, 168    5, 10, 4, 2         
                                170, 184              15, 16              
сан                             22, 25, 131           7, 5, 9             
зээл                            23                    19                  
хандив                          24, 47                7, 7                
комисс                          26, 83                14, 4               
зөвлөл                          26, 156               15, 10              
этгээд                          27, 57, 62, 95        5, 21, 5, 5         
                                96, 103, 115, 189     5, 5, 23, 28        
                                192, 194              5, 8                
зохион байгуулагч               42, 112, 138, 151     12, 9, 15, 7        
иргэн                           43, 57, 61, 71        4, 5, 4, 2          
                                99, 130, 131, 131     40, 9, 12, 19       
                                144, 180              16, 4               
арга хэмжээ                     44, 114, 139, 155     5, 2, 5, 6          
                                158, 159, 167, 174    5, 8, 7, 13         
төрийн үйлчилгээ                45                    10                  
хяналт шалгалт                  46, 62                19, 17              
хөрөнгө                         46, 90, 95, 134       11, 19, 18, 6       
                                138, 145              6, 4                
мэдээлэл                        46, 144, 191, 191     13, 28, 23, 41      
                                192                   11                  
шинжээч                         47, 144, 195          9, 26, 8            
зарлага                         47                    10                  
зохиогч                         48, 88, 110, 115      4, 10, 9, 18        
                                169                   29                  
стандарт                        48, 179               12, 15              
зам                             49, 91, 105, 124      5, 16, 19, 5        
орлог                           54, 55, 56, 58        6, 37, 12, 8        
                                60, 117               12, 6               
нээлттэй хувьцаат компани       55, 188               29, 14              
бусад этгээд                    55, 61, 137           32, 14, 6           
ажил                            55, 88, 134, 138      15, 5, 8, 8         
                                186, 189, 190, 194    26, 21, 8, 27       
ажилгүй                         55, 60, 74, 117       20, 4, 4, 2         
                                170, 186              16, 22              
шуудан                          55, 60, 108, 155      21, 5, 8, 15        
хариуцагч                       55, 60, 134, 136      22, 6, 48, 6        
эмнэлэг                         55, 78                25, 2               
сум                             56, 61                7, 9                
зөвлөх                          57                    15                  
тушаал                          58, 60, 61            20, 40, 17          
төсвийн байгууллага             60, 169, 170          34, 15, 11          
нийслэл                         61, 61, 144           2, 10, 15           
эрх бүхий этгээд                62, 188               12, 21              
аж ахуйн нэгж                   62                    22                  
тохиолдол                       62, 86, 97, 105       35, 21, 18, 15      
                                114, 118, 131, 135    11, 15, 5, 7        
                                156                   32                  
автотээврийн хэрэгсэл           63, 84                12, 7               
хэрэглэгч                       63                    21                  
шийдвэр                         73, 86, 114, 141      2, 18, 14, 6        
                                144, 189, 190         21, 34, 27          
гүйцэтгэгч                      73, 92, 93, 99        3, 28, 28, 15       
                                136, 156, 156, 169    25, 12, 33, 13      
                                189, 190, 190         14, 5, 17           
боомт                           75                    2                   
прокурор                        76, 90                2, 4                
дүгнэлт                         86, 188               17, 27              
хот төлөвлөлт                   87                    7                   
гадаадын иргэн                  90                    5                   
эрүүл мэнд                      91                    11                  
тусгай хувцас                   91                    22                  
ажилтан                         91                    19                  
цэргийн алба                    92, 93                5, 5                
зэвсэгт хүчин                   92, 93                9, 9                
шүүхийн шийдвэр                 92, 93                26, 26              
тайлбар                         92, 93                1, 1                
тээврийн хэрэгсэл               95, 97                7, 7                
сонгогч                         96, 101, 138, 189     11, 24, 20, 17      
                                189, 189              25, 29              
нэмэгдэл                        98                    5                   
төрийн өмчит хуулийн этгээд     99                    25                  
тэтгэмж                         100, 101, 143         6, 15, 6            
тэтгэвэр                        101                   9                   
төлбөр                          106, 153, 153, 191    3, 6, 12, 15        
мэргэжил                        108, 171              10, 7               
захиалагч                       108, 134              13, 15              
төсөл, арга хэмжээ              109, 115, 121, 122    5, 3, 17, 15        
хөрөнгө оруулалт                110, 117, 119, 122    2, 7, 13, 13        
                                130, 132, 164, 198    32, 19, 13, 26      
төсөл                           110, 111, 112, 113    5, 2, 13, 3         
                                116, 119, 123, 130    25, 15, 6, 34       
                                131, 132, 164, 165    33, 21, 15, 6       
                                166, 166, 173, 173    3, 14, 3, 14        
                                198                   28                  
журам                           110                   12                  
гэрээ                           114, 156, 170, 190    12, 16, 29, 7       
хяналт тавих                    115, 163, 184, 186    21, 11, 24, 23      
барилга байгууламж              116, 116, 150         11, 20, 5           
ашиглалт                        116, 116              9, 13               
санал                           116, 130, 131, 176    26, 10, 2, 7        
хүнс                            117                   4                   
барилга байгууламж шинээр барих  118                   11                  
төсөв                           122, 130, 162, 164    7, 16, 3, 7         
                                178                   17                  
зөвшөөрөл                       122, 130, 132, 164    11, 30, 27, 11      
төсвийн хөрөнгө оруулалт        123                   2                   
хог хаягдал                     125                   3                   
авто зам                        126                   3                   
тоног төхөөрөмж                 127, 131              11, 24              
ариун цэвэр                     128                   3                   
байгаль орчны төлөв байдлын үнэлгээ  130                   21                  
сангийн хөрөнгө                 130                   4                   
тусгай зөвшөөрөл эзэмшигч       132                   8                   
ашигт малтмал                   132                   6                   
цахим дэлгүүр                   134, 136              30, 17              
захиргааны байгууллага          134, 136              50, 8               
бараа                           134, 134, 135, 136    7, 27, 3, 15        
                                137, 138, 146, 146    4, 7, 3, 12         
хүсэлт                          134, 135, 136         33, 12, 12          
нэгж                            134                   40                  
зарлаг                          138                   23                  
охин компани                    141                   10                  
зарлиг                          144                   4                   
мэдээ                           144                   27                  
нэвтрүүлэг                      144                   46                  
контент                         144                   47                  
цуврал                          144                   50                  
кино                            144                   51                  
бүтээл                          144                   53                  
бэлэг                           145                   5                   
согтууруулах ундаа              147                   3                   
эрчим хүч                       149                   4                   
ус                              149                   7                   
систем                          150                   3                   
өр                              153, 153              5, 11               
орлого                          154, 170              9, 7                
шалгуур үзүүлэлт                156, 190              28, 15              
төрийн байгууллага              158                   1                   
тал                             160, 161, 162, 168    7, 19, 12, 4        
                                175, 178, 179         10, 14, 6           
талууд                          160, 161, 162, 168    7, 19, 12, 4        
                                175, 178, 179         10, 14, 6           
улсын их хурлын бусад шийдвэрийн төсөл  161                   21                  
удирдлага                       169, 178, 180         33, 11, 13          
төрийн бус байгууллага          170                   26                  
мэргэжлийн холбоо               170                   24                  
ачаа                            177, 180              6, 2                
зохицуулалт                     177, 178              14, 10              
холбоо                          178                   9                   
удирдамж@@                      178                   19                  
тариф                           179                   4                   
төрийн аудитын байгууллага      184                   4                   
цахим хуудас                    188, 189, 190, 191    35, 41, 34, 48      
нээлт                           188, 189, 189, 190    39, 16, 45, 38      
                                191                   52                  
төлөөлөн удирдах зөвлөлийн хараат бус гишүүн  189                   8                   
үнэлгээний тайлан               189                   31                  
тэмдэглэл                       190                   23                  
эрүүл мэндийн даатгалын шимтгэл  191                   19                  
албан татвар                    191                   13                  
хураамж                         191                   16                  
гүйцэтгэх удирдлага             194                   9                   
гэмт хэрэг                      195                   5                   
