File: MNCLW00436.txt
Search Method: Aho-Corasick
Total runtime: 0.009552s
Found terms: 879

Term                            Line                  Word Place          

хувийн ашиг сонирхол            6, 11, 12, 13         5, 8, 7, 5          
                                18, 20, 35, 35        17, 14, 24, 37      
                                40, 65, 82, 99        13, 22, 4, 13       
                                114, 197, 198, 200    6, 1, 1, 20         
                                200, 201, 202, 203    40, 3, 3, 3         
                                204, 205, 217, 218    7, 10, 25, 9        
                                219, 220, 222, 223    10, 9, 8, 5         
                                223, 223, 223, 224    20, 30, 39, 4       
                                226, 227, 228, 229    3, 11, 3, 3         
                                232, 233, 235, 238    9, 5, 16, 8         
                                238, 240, 241, 250    27, 7, 3, 5         
                                252, 253, 261, 263    7, 5, 5, 21         
                                265, 266, 268         49, 49, 23          
ашиг сонирхлын зөрчил           6, 11, 12, 13         9, 20, 11, 9        
                                35, 35, 43, 44        15, 41, 1, 1        
                                47, 52, 58, 95        4, 9, 6, 11         
                                176, 205, 206, 206    11, 25, 12, 24      
                                250, 252, 253, 261    9, 11, 9, 9         
урьдчилан сэргийлэх             6, 11, 12, 13         12, 18, 14, 12      
                                35, 35, 41, 43        18, 44, 14, 4       
                                44, 45, 47, 48        4, 6, 7, 4          
                                52, 250, 252, 253     12, 12, 14, 12      
                                261                   12                  
нийтлэх                         8, 9, 45              1, 1, 12            
нийтийн албан тушаалтан         11, 18, 19, 20        5, 5, 5, 5          
                                22, 23, 25, 26        6, 6, 3, 3          
                                26, 29                18, 10              
үйл ажиллагаа                   11, 13, 24, 24        28, 29, 3, 21       
                                29, 92, 93, 99        50, 9, 9, 33        
                                101, 103, 112, 139    33, 42, 17, 25      
                                150, 160, 166, 176    3, 42, 5, 17        
                                191, 246, 247, 250    26, 13, 4, 25       
                                251                   9                   
зам                             11, 41, 82, 83        25, 13, 44, 47      
                                85, 92, 93            38, 3, 3            
хангагч                         13, 63, 227           33, 24, 18          
захиргаа                        13, 56, 62, 84        43, 10, 7, 24       
                                99, 101, 103, 105     17, 21, 45, 5       
                                108, 119, 130, 132    14, 10, 13, 14      
                                145, 173, 193, 253    9, 10, 9, 25        
                                270                   2                   
мөрдөгч                         15, 154, 246, 249     17, 10, 8, 9        
                                274                   12                  
тодорхойлолт                    16                    6                   
хэрэглэгч                       17                    3                   
хамаарал бүхий этгээд           19, 26, 39, 82        15, 21, 10, 15      
                                83, 85, 94, 99        18, 19, 4, 10       
                                108, 117, 118, 119    7, 3, 5, 4          
                                143, 144, 145, 169    11, 5, 3, 77        
                                172                   8                   
этгээд                          21, 22, 23, 29        9, 3, 3, 21         
                                29, 31, 69, 71        47, 6, 8, 3         
                                101, 130, 130, 132    19, 11, 31, 5       
                                132, 182, 183, 186    12, 8, 8, 9         
                                200, 204, 205, 206    15, 6, 9, 6         
                                209, 223, 248, 253    11, 44, 7, 18       
                                255, 256, 257, 261    11, 8, 8, 18        
                                265, 265, 266, 266    26, 45, 26, 45      
гэр бүлийн гишүүн               22                    15                  
нэгдмэл сонирхолтой этгээд      22, 101               29, 4               
хамтран амьдрагч                22                    18                  
ашгийн төлөө үйл ажиллагаа      23, 101               9, 7                
хуулийн этгээд                  23, 40, 81, 82        16, 5, 12, 45       
                                83, 85, 92, 93        48, 39, 4, 4        
                                105, 134, 134, 134    16, 6, 17, 31       
                                138, 144, 145, 173    16, 13, 13, 6       
                                181, 191              9, 8                
хүн                             23, 29, 111, 169      15, 36, 14, 74      
                                181, 228, 229         8, 23, 23           
компани                         24, 169               6, 61               
нөхөрлөл                        24                    7                   
ажилгүй                         24, 24, 160, 169      10, 13, 33, 34      
зээл                            24, 169               16, 103             
байгууллага                     24, 29, 46, 46        20, 31, 2, 13       
                                47, 58, 59, 60        2, 21, 15, 11       
                                62, 62, 64, 65        2, 21, 20, 3        
                                68, 72, 74, 75        20, 21, 15, 8       
                                83, 84, 103, 105      54, 26, 15, 21      
                                115, 116, 118, 119    15, 9, 14, 16       
                                122, 140, 159, 169    10, 13, 12, 38      
                                177, 178, 178, 179    12, 4, 13, 4        
                                179, 181, 202, 204    13, 4, 40, 15       
                                205, 209, 216, 223    34, 32, 6, 12       
                                227, 228, 229, 239    5, 10, 10, 8        
                                246, 249, 249, 251    6, 4, 12, 6         
                                254                   11                  
нийтэд санал болгох             25                    11                  
эд хөрөнгө                      25, 26                22, 8               
төлбөр                          25, 26, 27, 28        9, 7, 4, 4          
                                121, 122, 122         8, 12, 17           
хөнгөлөлт                       25, 25                15, 17              
үйлчилгээ                       25, 26, 46, 69        26, 11, 7, 10       
                                127, 127, 128, 129    14, 36, 5, 10       
                                129, 135, 160, 169    18, 7, 4, 93        
                                173, 174, 255         25, 18, 17          
үр                              26, 83, 192           32, 10, 15          
ажил                            27, 28, 50, 53        2, 2, 8, 16         
                                119, 146, 147, 148    11, 4, 7, 9         
                                149, 150, 154, 155    7, 6, 19, 16        
                                155, 156, 157, 159    19, 9, 12, 21       
                                160, 162, 162, 163    3, 19, 26, 4        
                                164, 165, 165, 169    10, 10, 21, 92      
                                173, 174, 189, 191    24, 17, 17, 12      
                                191, 192, 205, 220    17, 6, 15, 18       
                                247                   20                  
орлого                          27, 28, 82, 85        5, 5, 9, 55         
                                160, 160, 182, 183    11, 44, 31, 31      
                                188, 189              4, 28               
бүтээл                          27, 28                14, 14              
холбоо                          29                    26                  
сан                             29                    27                  
шийдвэр                         29, 56, 60, 65        29, 11, 22, 32      
                                65, 99, 101, 103      35, 18, 22, 46      
                                105, 108, 122, 130    6, 15, 11, 14       
                                132, 141, 165, 174    15, 26, 30, 33      
гишүүн                          29, 103, 105, 127     33, 16, 22, 3       
                                134, 148, 154, 162    35, 7, 4, 4         
                                169, 169, 169, 190    7, 14, 18, 4        
                                217, 217, 219, 235    7, 12, 4, 5         
үйлчлэгч                        31, 32, 34            4, 3, 4             
арга хэмжээ                     35                    20                  
шалгагч                         35, 49, 50, 132       31, 17, 14, 19      
                                208, 231, 233, 235    15, 8, 29, 23       
                                238, 239, 240         31, 39, 18          
иргэн                           37, 40, 103, 115      10, 3, 27, 11       
                                116, 138, 144, 169    5, 15, 11, 46       
                                220, 220, 227, 233    5, 15, 8, 9         
гүйцэтгэгч                      37, 62, 103, 105      16, 14, 13, 19      
                                134, 155, 155, 164    24, 17, 20, 13      
                                169, 174, 177, 190    114, 12, 2, 11      
                                218                   6                   
нийтийн ашиг сонирхол           40                    24                  
төрийн байгууллага              45                    9                   
тал                             45, 52, 59, 60        8, 16, 7, 4         
                                68, 85, 187, 205      12, 56, 10, 30      
                                206, 209, 228, 229    31, 19, 9, 9        
талууд                          45, 52, 59, 60        8, 16, 7, 4         
                                68, 85, 187, 205      12, 56, 10, 30      
                                206, 209, 228, 229    31, 19, 9, 9        
аж ахуйн нэгж                   46, 103, 103, 103     10, 9, 24, 39       
                                115, 116, 118, 119    12, 6, 11, 13       
                                167, 169, 174, 174    19, 105, 36, 45     
                                177                   9                   
удирдлага                       47, 53, 119, 130      3, 11, 8, 15        
                                134, 140, 145, 173    34, 9, 7, 8         
                                193                   8                   
мэдүүлэг                        49, 65, 82, 197       4, 25, 10, 4        
                                198, 199, 200, 200    4, 6, 17, 23        
                                200, 201, 202, 203    43, 6, 6, 6         
                                203, 204, 205, 208    19, 11, 14, 4       
                                215, 216, 217, 218    6, 4, 28, 12        
                                219, 220, 222, 223    13, 12, 11, 8       
                                223, 223, 223, 224    23, 33, 42, 7       
                                225, 226, 227, 228    6, 6, 14, 6         
                                229, 231, 232, 233    6, 6, 12, 8         
                                235, 238, 238, 238    19, 11, 25, 30      
                                239, 239, 239, 240    4, 12, 22, 10       
                                241, 260, 262, 263    6, 4, 4, 24         
                                265, 266, 268         52, 52, 26          
мэдэгдэл                        49, 50, 56, 60        10, 12, 33, 5       
                                63, 65, 66, 74        18, 21, 12, 5       
                                206, 208, 213         36, 10, 13          
журам                           49, 53, 56, 125       12, 7, 5, 20        
                                126, 126, 135, 136    4, 9, 13, 9         
                                157, 163, 208, 223    10, 9, 17, 35       
                                239, 272              24, 18              
зохион байгуулагч               50                    9                   
мэдээлэл                        50, 50, 60, 79        5, 11, 6, 4         
                                80, 224, 237, 271     8, 13, 5, 14        
                                272                   8                   
зөвлөмж                         52                    18                  
газар                           53, 54, 68, 84        5, 15, 27, 30       
                                85, 94, 112, 122      62, 84, 13, 5       
                                126, 135, 148, 152    11, 15, 6, 14       
                                157, 162, 169, 169    8, 6, 13, 56        
                                190, 190, 200, 204    6, 15, 37, 22       
                                205, 206, 211, 213    3, 22, 9, 3         
                                217, 217, 217, 218    11, 21, 31, 3       
                                223, 224, 232, 233    49, 3, 3, 28        
                                235, 235, 237, 238    7, 22, 3, 23        
                                239, 250, 251, 272    47, 21, 13, 21      
тохиолдол                       53, 61, 69, 75        9, 2, 16, 5         
                                85, 94, 111, 116      14, 56, 8, 4        
                                127, 128, 142, 143    48, 16, 4, 6        
                                169, 200, 209         85, 27, 5           
шинжээч                         54, 239               9, 42               
хяналт шалгалт                  56, 99, 101, 108      14, 21, 25, 18      
                                130, 162, 162, 237    16, 17, 24, 9       
гэрээ                           56, 99, 101, 130      19, 26, 30, 20      
                                132, 164, 165, 178    22, 12, 24, 5       
                                179, 182, 182, 183    5, 17, 49, 17       
                                183, 256, 257, 265    49, 24, 24, 27      
                                266                   27                  
бусад этгээд                    59, 115, 127, 142     10, 16, 8, 7        
мэдээ                           59                    8                   
даруй                           60, 68, 72, 187       24, 29, 23, 16      
нэгж                            62, 62                3, 10               
мэргэжил                        63, 246               5, 4                
тайлбар                         64, 65, 66            16, 14, 18          
нээлт                           66, 169, 182, 183     19, 80, 24, 24      
                                225, 226              7, 7                
бэлэг                           69, 72, 72, 124       9, 5, 10, 8         
                                125, 125, 126, 127    13, 22, 5, 13       
                                127, 128, 129, 129    35, 4, 9, 17        
                                130, 130, 130, 130    3, 9, 29, 36        
                                132, 134, 135, 138    6, 36, 6, 18        
                                193, 255              11, 16              
санал                           69, 84, 162, 200      14, 27, 30, 38      
                                233                   23                  
гэрч                            73                    6                   
үл хөдлөх хөрөнгө               81, 82, 83, 85        8, 38, 41, 32       
                                90, 91, 94, 94        2, 2, 39, 77        
банк                            81, 82, 83, 84        4, 31, 34, 13       
                                85, 86, 87, 94        25, 2, 2, 32        
                                94                    70                  
үүрэг гүйцэтгэгч                82, 191               23, 13              
хөрөнгө                         82, 82, 83, 85        8, 35, 38, 29       
                                94, 94, 169, 174      36, 74, 109, 40     
                                174, 194              48, 9               
нэр дэвшигч                     83, 85, 200, 204      15, 7, 13, 4        
                                205, 206, 209         7, 4, 9             
санхүүгийн байгууллага          84                    14                  
эмнэлгийн тусламж, үйлчилгээ    94, 94                19, 63              
орон нутгийн өмч                105                   12                  
тушаал                          108, 111, 147, 148    28, 16, 9, 11       
                                152, 153, 154, 162    16, 9, 21, 9        
                                169, 175, 195, 200    68, 4, 8, 46        
                                202, 235, 247, 255    21, 10, 22, 39      
                                263, 265, 266         36, 67, 67          
зар сурталчилгаа                111                   10                  
шуудан                          115, 115, 124, 124    6, 8, 9, 11         
                                169                   35                  
эрх бүхий албан тушаалтан       127, 187, 222, 254    54, 11, 16, 12      
                                260, 261              20, 23              
төрөл, садангийн хүн            127                   5                   
нутгийн өөрөө удирдах байгууллага  138, 139, 141         8, 8, 16            
захиргааны байгууллага          138, 139, 141         6, 6, 14            
гуравдагч этгээд                139, 192              16, 3               
ажилтан                         139                   23                  
зохиогч                         139                   27                  
хандив                          139, 140, 141, 142    38, 3, 5, 10        
                                142                   12                  
зөвшөөрөл                       140, 155, 159, 178    14, 11, 15, 15      
                                179, 256, 257, 265    15, 31, 31, 34      
                                266                   34                  
бүтээлч ажил                    151, 158              5, 5                
олон улсын байгууллага          153, 169              4, 62               
шүүгч                           154, 169, 169, 253    8, 23, 27, 23       
шүүх                            154, 169, 169, 253    8, 23, 27, 23       
прокурор                        154, 169              9, 30               
салбар                          154, 246              14, 5               
хүнс                            160                   28                  
ой                              160                   32                  
амьтан                          160                   37                  
танилцуулга                     165                   5                   
аж ахуйн үйл ажиллагаа          167, 189              12, 24              
аж ахуй эрхлэгч                 169                   117                 
тендер шалгаруулалт             169, 182, 183         81, 25, 25          
хариуцагч                       169                   36                  
нийслэл                         169, 169, 220         41, 45, 3           
бараа                           169, 173, 174         91, 23, 16          
хуулийн этгээдийг нийлүүлэх     173                   15                  
хөдөлмөрийн гэрээ               178, 179, 182, 183    9, 9, 21, 21        
                                256, 257, 265, 266    28, 28, 31, 31      
төрийн өмчит хуулийн этгээд     193, 194, 195         2, 2, 2             
үнэт цаас                       194                   7                   
хувьцаа                         194                   6                   
дүгнэлт                         213, 233              12, 24              
зөвлөл                          219, 250              16, 24              
сум                             220                   2                   
хүний хувийн мэдээлэл           228, 229              31, 31              
захидал                         228, 229              15, 15              
хүсэлт                          228, 229              16, 16              
хяналт тавих                    232, 239, 248, 249    14, 20, 5, 13       
                                260                   6                   
өргөдөл                         233, 237              10, 4               
дүрэм                           245                   7                   
торгуул                         254, 255, 256, 257    29, 34, 22, 22      
                                260                   37                  
холбогдох этгээд                271, 272              15, 9               
