File: MNCLW00335.txt
Search Method: Trie (MWE + Single-Word)
Total runtime: 0.006220s
Found terms: 283

Term                            Line                  Word Place          

хүү                             5, 13, 32, 52         2, 6, 16, 33        
                                111                   17                  
гадаадад хувийн хэргээр зорчих  6, 8, 10, 13          4, 8, 4, 43         
                                19, 23, 63, 69        4, 17, 12, 2        
                                72, 73, 79, 80        11, 8, 6, 4         
                                81, 110               4, 4                
иргэн                           6, 8, 9, 10           3, 7, 5, 3          
                                14, 16, 17, 19        3, 3, 5, 3          
                                27, 28, 35, 36        11, 10, 6, 9        
                                40, 49, 70, 74        3, 3, 2, 5          
                                79, 80, 86, 87        5, 3, 2, 5          
                                91, 107, 108, 110     3, 3, 3, 3          
                                111, 112              9, 10               
цагаачлах                       6, 8, 9, 10           8, 12, 10, 8        
                                12, 14, 15, 16        7, 14, 7, 8         
                                18, 19, 22, 23        7, 8, 14, 21        
                                27, 28, 32, 34        14, 13, 35, 7       
                                35, 40, 49, 56        5, 2, 2, 28         
                                63, 69, 72, 73        22, 6, 15, 12       
                                74, 79, 80, 81        11, 10, 8, 8        
                                106, 108, 108, 110    7, 5, 10, 8         
олон улсын гэрээ                9, 11                 14, 12              
хувийн хэрэг                    9, 12, 14, 15         6, 4, 5, 4          
                                16, 18, 34, 35        4, 4, 4, 2          
                                106, 112              4, 2                
хувийн хэрг                     9, 12, 14, 15         6, 4, 5, 4          
                                16, 18, 34, 35        4, 4, 4, 2          
                                106, 112              4, 2                
захиргаа                        13, 63                4, 32               
нэгж                            13                    5                   
байгууллаг                      13, 13, 13, 23        10, 19, 39, 29      
                                25, 28, 44, 47        23, 30, 6, 6        
                                51, 56, 75, 75        2, 3, 18, 23        
                                87                    26                  
байгууллага                     13, 13, 13, 23        10, 19, 39, 29      
                                25, 28, 44, 47        23, 30, 6, 6        
                                51, 56, 75, 75        2, 3, 18, 23        
                                87                    26                  
салбар                          13                    25                  
газр                            13, 77, 103           30, 14, 16          
шийдвэр                         13, 23, 23, 25        31, 30, 33, 24      
гэрээ                           13, 36, 51            33, 3, 7            
ажл                             13, 22                40, 19              
төрийн нууц                     22                    3                   
хүсэлт                          22, 36, 37, 42        15, 11, 9, 2        
                                56, 56                9, 29               
зөрчил шалган шийдвэрлэх        23                    6                   
шүүхийн шийдвэр                 23, 23                10, 26              
шүүх                            23, 69                24, 9               
прокурор                        23                    25                  
баримт бичг                     25, 40, 49, 52        4, 13, 14, 9        
                                52, 79, 81, 87        12, 12, 13, 38      
баримт бичиг                    25, 40, 49, 52        4, 13, 14, 9        
                                52, 79, 81, 87        12, 12, 13, 38      
паспорт                         25, 25, 37, 56        3, 16, 17, 7        
                                79, 80, 82, 83        16, 13, 3, 9        
                                85, 86, 90, 91        15, 10, 5, 8        
                                91, 92, 97, 97        15, 5, 10, 28       
                                100, 103              5, 5                
баар                            25, 97                14, 25              
этгээд                          25, 32, 115           20, 21, 7           
улсын бүртгэл                   28                    20                  
захиргааны байгууллаг           28, 40, 45, 49        25, 10, 7, 24       
                                56, 70, 97            26, 7, 20           
захиргааны байгууллага          28, 40, 45, 49        25, 10, 7, 24       
                                56, 70, 97            26, 7, 20           
нийслэл                         28                    19                  
аюулт үзэгдэл                   32                    5                   
дайны байдал                    32                    11                  
эрүүл мэнд                      32                    19                  
арга хэмжээ                     32                    41                  
гамшг                           32                    4                   
гамшиг                          32                    4                   
аюул                            32, 32                8, 23               
газар                           32, 91, 92, 97        31, 27, 14, 7       
                                100, 111, 112         11, 16, 17          
зөвшөөрөл                       34, 47                8, 7                
гадаадын иргэн                  40, 49, 52, 56        4, 18, 4, 20        
                                63, 87                26, 6               
аж ахуйн нэгж                   44                    3                   
хөдөлмөрийн гэрээ               44                    7                   
өр                              44                    13                  
тодорхойлолт                    44, 45                17, 9               
тохиолдол                       49, 63, 63, 74        5, 18, 25, 12       
                                75, 91                15, 11              
эрх бүхий этгээд                52                    17                  
шуудан                          52                    35                  
нотариатч                       52                    38                  
иргэний улсын бүртгэл           56                    10                  
улсын бүртгэлийн байгууллаг     63, 92                19, 6               
улсын бүртгэлийн байгууллага    63, 92                19, 6               
гомдл                           69                    8                   
хүн                             72, 73, 81, 115       10, 7, 3, 4         
асран хамгаалагч, харгалзан дэмжигч  73                    19                  
зөвшөөрл                        74                    14                  
монгол улсын хил                75, 77                10, 2               
хяналт тавих                    77                    6                   
журм                            77, 100               8, 9                
гишүүн                          77, 103               15, 17              
баталгаажуулах                  83                    12                  
иргэний бүртгэл                 87, 97                24, 15              
гэрчилгээ                       87                    29                  
тал                             97, 97                14, 29              
талууд                          97, 97                14, 29              
мэдээлэл                        97                    30                  
гэр бүл                         108                   11                  
гадаад валют                    108                   16                  
гадаадын валют                  108                   16                  
гэмт хэрэг                      114                   8                   
гэмт хэрг                       114                   8                   
төрийн алб                      114                   12                  
төрийн алба                     114                   12                  
тушаал                          114                   5                   
хуулийн этгээд                  115                   5                   
