File: MNCLW00619.txt
Search Method: Trie (MWE + Single-Word)
Total runtime: 0.016296s
Found terms: 771

Term                            Line                  Word Place          

тэсэрч дэлбэрэх бодис, тэсэлгээний хэрэгслийн эргэлт  6, 7, 14, 19          1, 1, 7, 7          
                                32, 37                16, 4               
хяналт тавих                    6, 7, 14, 15          7, 7, 13, 9         
                                16, 19, 37, 80        7, 13, 10, 7        
                                96, 97, 171, 309      13, 13, 41, 11      
                                314, 315, 324         9, 7, 24            
нийтлэх                         10, 12                3, 1                
үйлдвэрлэл-үйлчилгээний зориулалт  14                    5                   
урьдчилан сэргийлэх             14, 176, 322          18, 12, 13          
аюул                            14, 46, 81, 86        20, 3, 16, 6        
                                89, 91, 92, 92        11, 13, 12, 16      
                                94, 105, 107, 110     27, 13, 6, 11       
                                121, 127, 128, 135    20, 12, 21, 12      
                                171, 171, 171, 176    11, 19, 39, 24      
                                177, 179, 181, 184    16, 6, 7, 13        
                                203, 212, 226, 229    21, 12, 18, 7       
                                254, 263, 266, 273    11, 9, 15, 6        
                                287, 293, 293, 320    23, 12, 22, 8       
хангагч                         14, 86, 105, 107      22, 8, 17, 9        
                                109, 128, 135, 146    15, 33, 15, 6       
                                171, 176, 177, 179    21, 26, 20, 9       
                                203, 217, 238, 254    31, 7, 8, 13        
                                256, 263, 273, 325    23, 12, 8, 22       
тэсэлгээний хэрэгсэл            15, 16, 22, 25        6, 4, 5, 4          
                                25, 28, 38, 42        11, 4, 13, 4        
                                44, 45, 49, 51        4, 4, 13, 4         
                                56, 57, 61, 72        4, 4, 7, 4          
                                73, 76, 79, 80        4, 7, 4, 4          
                                81, 82, 86, 87        4, 4, 4, 6          
                                88, 91, 92, 94        4, 6, 4, 4          
                                96, 97, 99, 100       4, 4, 7, 7          
                                102, 103, 105, 107    6, 4, 10, 4         
                                109, 110, 115, 117    4, 6, 4, 4          
                                120, 121, 122, 125    5, 4, 4, 4          
                                128, 130, 132, 133    28, 4, 6, 4         
                                135, 141, 143, 145    9, 4, 4, 4          
                                151, 155, 156, 159    4, 8, 8, 6          
                                160, 162, 165, 166    4, 12, 9, 9         
                                168, 170, 171, 175    9, 6, 4, 4          
                                176, 177, 179, 180    4, 4, 4, 4          
                                181, 184, 187, 216    4, 4, 4, 6          
                                226, 262, 263, 264    7, 6, 4, 4          
                                266, 267, 270, 273    7, 4, 4, 4          
                                274, 281, 283, 284    11, 4, 4, 4         
                                285, 286, 287, 291    7, 6, 12, 4         
                                296, 297, 298, 300    4, 6, 30, 4         
                                301, 301, 302, 302    4, 26, 4, 26        
                                305, 308, 309, 312    4, 10, 4, 4         
                                313, 314, 315, 322    6, 4, 4, 4          
                                324, 324, 325         7, 14, 11           
үндэсний аюулгүй байдал         16                    17                  
ашигт малтмал                   16                    21                  
зөвшөөрөл                       16, 61, 103, 133      24, 21, 9, 9        
                                143, 151, 153, 168    9, 14, 16, 22       
                                171, 192, 235, 252    28, 6, 7, 7         
үйлчлэгч                        18, 19                4, 16               
тодорхойлолт                    20, 146, 238          6, 12, 19           
хэрэглэгч                       21                    3                   
тэсэрч дэлбэрэх бодис           23, 25, 33, 38        4, 8, 20, 10        
                                42, 49, 61, 76        1, 10, 4, 4         
                                86, 99, 100, 105      1, 4, 4, 7          
                                110, 120, 135, 155    3, 2, 6, 5          
                                156, 162, 165, 166    5, 9, 6, 6          
                                168, 226, 266, 274    6, 4, 4, 8          
                                277, 285, 287, 296    4, 4, 9, 1          
                                298, 301, 302, 308    27, 23, 23, 7       
                                312, 324, 324, 325    1, 4, 11, 8         
агуулах                         23, 88, 92, 94        11, 10, 10, 6       
                                94, 105, 135, 309     20, 22, 17, 23      
тэсэлгээний ажил явуулах        25, 162, 214, 217     21, 18, 10, 8       
                                217, 274              28, 24              
үйл ажиллагаа                   25, 29, 199, 217      24, 13, 18, 24      
                                270, 301, 302         11, 11, 11          
үйлдвэрлэгч                     25, 48, 61, 61        13, 3, 9, 14        
                                87, 103, 121, 125     8, 6, 13, 6         
                                130, 141, 145, 160    6, 6, 6, 6          
                                222, 229, 235, 248    16, 3, 3, 3         
                                256, 274, 274, 298    18, 13, 19, 21      
                                301, 302              18, 18              
тээвэрлэгч                      25, 171, 177, 180     17, 24, 14, 27      
                                184, 279, 283, 284    9, 12, 6, 12        
ажил                            29, 29, 46, 61        2, 6, 2, 2          
                                81, 81, 89, 92        15, 25, 10, 15      
                                94, 110, 125, 127     26, 10, 24, 11      
                                128, 128, 148, 189    12, 20, 17, 4       
                                190, 192, 197, 199    2, 2, 2, 2          
                                199, 203, 203, 203    23, 12, 20, 27      
                                212, 214, 225, 226    11, 2, 10, 17       
                                256, 266, 283, 287    12, 14, 11, 22      
захиргааны байгууллага          32, 77, 113, 137      6, 2, 9, 11         
                                162, 241, 243, 287    6, 9, 21, 45        
                                293, 305, 322         20, 33, 23          
хуулийн этгээд                  32, 33, 66, 74        9, 35, 14, 11       
                                103, 118, 125, 125    7, 10, 9, 18        
                                128, 130, 133, 141    6, 9, 7, 9          
                                143, 160, 187, 190    7, 18, 12, 5        
                                192, 199, 203, 214    4, 6, 6, 6          
                                217, 225, 225, 235    20, 6, 14, 5        
                                243, 248, 248, 250    6, 7, 17, 6         
                                254, 256, 267, 270    17, 6, 24, 9        
                                274, 287, 298, 301    6, 18, 16, 15       
                                302, 309, 336         15, 8, 5            
сан                             32, 50                3, 3                
мэдээ                           32, 308               23, 12              
мэдээлэл                        32, 125, 153, 281     24, 17, 18, 9       
                                293, 305, 309, 309    9, 10, 22, 25       
мэргэжлийн зөвлөл               33, 72, 77, 77        5, 8, 5, 8          
                                122, 330, 330         15, 5, 17           
байгууллага                     33, 33, 37, 53        3, 17, 21, 16       
                                55, 56, 68, 77        6, 15, 3, 15        
                                82, 120, 125, 128     21, 27, 36, 5       
                                137, 148, 151, 153    5, 5, 23, 9         
                                153, 162, 165, 166    26, 23, 22, 22      
                                168, 168, 171, 180    15, 21, 32, 17      
                                180, 181, 181, 184    20, 12, 21, 24      
                                195, 199, 199, 203    5, 13, 31, 5        
                                205, 238, 252, 256    16, 18, 16, 5       
                                287, 298, 305, 305    38, 9, 18, 27       
                                308, 308, 314, 315    2, 27, 8, 21        
                                315, 320, 325, 330    27, 19, 6, 29       
                                333                   3                   
дүгнэлт                         33, 38, 73, 122       7, 6, 15, 17        
                                330, 330, 333, 333    4, 14, 6, 11        
захиргаа                        33, 53, 55, 56        15, 14, 4, 13       
                                120, 125, 151, 153    25, 34, 21, 7       
                                153, 165, 166, 180    24, 20, 20, 15      
                                181, 205, 252, 287    19, 14, 14, 36      
                                298, 305, 305, 308    7, 16, 25, 25       
                                315                   19                  
сорилт                          33                    25                  
төрийн байгууллага              37, 309, 329          14, 16, 5           
мэргэжлийн холбоо               37                    17                  
зөвлөл                          37, 37, 47, 65        2, 24, 2, 2         
                                66, 71, 76, 328       2, 4, 2, 2          
                                329                   2                   
мэргэжил                        38, 96, 97, 99        5, 10, 10, 10       
                                100, 127, 212, 238    10, 5, 5, 9         
зөвлөх                          38, 76, 330, 331      18, 12, 24, 8       
зохицуулалт                     42                    8                   
газар                           43, 44, 53, 68        4, 8, 2, 18         
                                80, 81, 82, 105       16, 11, 22, 4       
                                135, 209, 214, 217    3, 23, 13, 14       
                                233, 237, 245, 300    17, 3, 17, 18       
журам                           50, 68, 94, 180       6, 11, 24, 31       
                                181, 205, 209, 245    9, 7, 16, 10        
                                254, 309, 324         8, 33, 19           
хилийн боомт                    51                    8                   
санал                           53, 74, 113, 137      17, 19, 11, 13      
                                148, 148, 195, 241    10, 14, 6, 11       
                                243                   23                  
аюултай бүс                     57, 82, 87, 88        11, 12, 10, 12      
                                89, 282               5, 5                
пиротехникийн хэрэгсэл          61, 122, 233, 243     12, 6, 8, 3         
                                243, 248, 250, 256    8, 11, 3, 16        
                                258, 259, 274, 277    5, 5, 17, 9         
                                279, 298, 317, 318    6, 12, 6, 6         
тусгай зөвшөөрөл                61, 74, 130, 145      19, 13, 23, 7       
                                225, 274              11, 27              
хүн                             65, 176, 282, 283     5, 21, 7, 17        
                                284, 336              7, 4                
тусгай зөвшөөрөл эзэмшигч       66, 217, 218, 220     11, 31, 21, 17      
                                222                   17                  
хамаарал бүхий этгээд           66                    16                  
гишүүн                          68, 77, 209, 233      19, 7, 24, 18       
                                245, 328, 329         18, 3, 3            
зураг төсөл                     73                    8                   
дүрэм                           74                    8                   
заавар                          74                    9                   
удирдлага                       77                    16                  
нийслэл                         78, 79                4, 8                
зохион байгуулагч               80, 83                23, 17              
шийдвэр                         80, 330               18, 19              
мэдээллийн нэгдсэн сан          81, 99, 100, 155      22, 17, 17, 21      
                                156, 258, 259, 291    21, 19, 19, 14      
                                296, 297, 298, 300    6, 8, 39, 6         
                                301, 302, 305, 309    37, 37, 6, 18       
аж ахуйн нэгж                   82                    18                  
иргэн                           82, 83, 118, 147      16, 15, 9, 6        
                                209, 270              5, 14               
барилга байгууламж              105                   19                  
тоног төхөөрөмж                 105, 107, 135, 197    23, 14, 21, 5       
ачаа                            107, 135, 179, 180    10, 18, 12, 28      
стандарт                        109, 110, 146, 171    13, 21, 3, 13       
                                325                   19                  
шинжээчийн дүгнэлт              110, 287              18, 14              
хариуцагч                       113, 137, 162, 187    7, 9, 4, 14         
                                241, 243, 254, 287    7, 19, 19, 43       
                                293, 305, 322, 330    18, 31, 21, 9       
                                333                   8                   
үнэлгээ                         115                   12                  
эмзэг байдал                    117                   10                  
эрсдэлийн үнэлгээ               117                   12                  
гамшиг                          117                   9                   
этгээд                          118, 160, 165, 166    2, 10, 5, 5         
                                168, 226, 266, 285    2, 2, 2, 2          
                                324                   2                   
хувьцаа                         118                   3                   
цуврал                          120, 120              8, 17               
боодол                          120, 121              13, 8               
баталгаат хугацаа               121                   16                  
тал                             121, 128, 203, 238    10, 35, 33, 12      
                                256, 267              25, 27              
талууд                          121, 128, 203, 238    10, 35, 33, 12      
                                256, 267              25, 27              
ашиглалт                        122, 301, 302         11, 10, 10          
хөрөнгө                         125, 130, 300         13, 13, 9           
хүсэлт                          128, 203, 256         8, 8, 8             
мэргэжлийн итгэмжлэгдсэн байгууллага  146, 325              9, 27               
бүтээгдэхүүн                    146                   2                   
баримт бичиг                    147                   12                  
гэрээ                           147                   5                   
тээвэрлэлт                      147, 170, 171, 176    9, 8, 29, 6         
                                181, 187, 254         6, 6, 10            
жанжин штаб                     148                   8                   
гаалийн байгууллага             155, 156, 258, 259    14, 14, 12, 12      
                                317, 318              11, 11              
мэргэжлийн байгууллага          162                   14                  
мэдээллийн сан                  162                   41                  
борлуулалт                      165, 166              11, 11              
хяналт шалгалт                  168, 184, 199, 199    16, 19, 8, 26       
                                238, 315, 320         13, 22, 14          
тээврийн хэрэгсэл               171, 171, 184, 279    17, 26, 11, 10      
                                282, 283              8, 8                
гүйцэтгэгч                      171, 190              38, 7               
тээврийн хэрэгслийн жолооч      176                   15                  
эрсдэл                          176, 270              10, 13              
суурин газар                    177                   9                   
аюултай ачаа                    177, 180              12, 25              
зам                             180, 180, 180         7, 10, 24           
бэлэн байдал                    184                   15                  
тайлан                          205                   5                   
нэгж                            217                   11                  
замын байгууламж                220                   13                  
барилгын материал               222                   14                  
мөрдөгч                         226                   22                  
мэргэжилтэн                     243, 245, 298         10, 3, 14           
харуул хамгаалалтын байгууллага  264                   15                  
галт зэвсэг                     264                   9                   
орлого                          266, 301, 302         9, 28, 28           
зарлага                         266, 301, 302         10, 29, 29          
тагнуулын байгууллага           267, 305, 308         11, 37, 16          
тохиолдол                       267, 293, 331         8, 14, 5            
даруй                           267                   13                  
хөдөлмөрийн аюулгүй байдал, эрүүл ахуй  270                   19                  
бусад газар                     277                   2                   
ажилтан                         283                   15                  
оролцогч                        309                   7                   
галын аюулгүй байдал            322                   9                   
осол                            322                   12                  
технологийн горим               324                   20                  
хувийн ашиг сонирхол            329                   12                  
нийтийн ашиг сонирхол           329                   15                  
шинжээч                         330, 338              10, 10              
