File: MNCLW00114.txt
Search Method: Trie (MWE + Single-Word)
Total runtime: 0.000760s
Found terms: 58

Term                            Line                  Word Place          

төрийн ордон                    5                     1                   
албан татвар                    6, 7, 8, 9            2, 58, 58, 4        
                                10                    4                   
түүхий тос                      7, 8, 9, 10           54, 54, 35, 35      
халдвар                         7, 8                  4, 4                
хүнс                            7, 7, 7, 8            12, 20, 47, 12      
                                8, 8, 9, 9            20, 47, 9, 28       
                                10, 10                9, 28               
хангагч                         7, 8                  16, 16              
ургамал                         7, 7, 7, 8            29, 52, 53, 29      
                                8, 8, 9, 9            52, 53, 18, 33      
                                9, 10, 10, 10         34, 18, 33, 34      
мал                             7, 8, 9, 10           39, 39, 20, 20      
амьтан                          7, 8, 9, 10           40, 40, 21, 21      
үр                              7, 7, 8, 8            46, 50, 46, 50      
                                9, 9, 10, 10          27, 31, 27, 31      
систем                          9, 10                 42, 42              
газар                           9, 10                 49, 49              
мөрдөгч                         11, 12                22, 22              
