File: MNCLW00636.txt
Search Method: Trie (MWE + Single-Word)
Total runtime: 0.010203s
Found terms: 356

Term                            Line                  Word Place          

нийтлэх                         11, 12                1, 1                
нисэхийн аюулгүй ажиллагаа      14, 47, 109, 110      11, 2, 2, 2         
                                111                   4                   
нислэг                          14, 24, 25, 39        8, 9, 9, 3          
                                42, 42, 55, 56        3, 13, 5, 4         
                                57, 59, 63, 64        4, 5, 5, 5          
                                72, 73, 74, 76        3, 3, 6, 4          
                                77, 78, 79, 80        3, 3, 3, 2          
                                81, 82, 83, 83        2, 3, 3, 10         
                                84, 84, 85, 85        3, 20, 3, 8         
                                85, 85, 85, 86        19, 42, 45, 5       
                                87, 87, 88, 88        2, 13, 3, 19        
                                89, 90, 92, 93        6, 6, 8, 6          
                                115, 133, 139, 140    9, 5, 3, 3          
                                141, 142, 142, 144    5, 3, 13, 3         
                                145, 145, 145, 147    2, 7, 20, 5         
                                148, 151, 153         3, 5, 4             
аюул                            14, 22, 23, 56        15, 10, 10, 7       
                                109, 110, 122, 130    5, 5, 5, 4          
                                132, 134              4, 10               
мөрдөгч                         17                    17                  
үйлчлэгч                        18, 84                4, 19               
үйл ажиллагаа                   19, 22, 23, 26        5, 16, 16, 7        
                                27, 35, 36, 39        7, 3, 3, 4          
                                45, 56, 57, 122       3, 5, 6, 3          
                                131, 132, 149         7, 16, 3            
хэрэглэгч                       21                    3                   
агаарын хөлөг                   22, 22, 22, 23        3, 6, 22, 3         
                                23, 23, 24, 25        6, 22, 3, 3         
                                28, 29, 30, 31        2, 2, 2, 2          
                                99, 132, 134, 135     4, 24, 38, 5        
нисэх баг                       22, 23, 54, 67        13, 13, 8, 7        
                                68, 69, 119, 130      6, 8, 7, 10         
                                132, 134, 135, 136    9, 24, 7, 6         
нисэх                           26, 27                2, 2                
байгууллага                     28, 29, 39, 44        16, 16, 8, 7        
                                45, 46, 66, 68        9, 5, 18, 14        
                                69, 85, 85, 90        15, 36, 51, 15      
                                92, 92, 102, 103      18, 26, 9, 25       
                                106, 114, 115, 117    17, 16, 16, 17      
                                130, 132, 133, 134    30, 22, 10, 20      
                                136, 151              26, 4               
иргэн                           32, 72, 86, 92        7, 7, 8, 19         
                                105, 105, 106, 115    3, 10, 10, 14       
                                117, 133, 134, 145    15, 8, 9, 18        
газар                           37, 38, 101, 130      8, 6, 20, 19        
                                136, 142, 149         30, 25, 6           
гишүүн                          38, 69                7, 10               
журам                           39, 48, 73, 92        6, 4, 16, 28        
                                106, 112              6, 15               
зохиогч                         40                    4                   
шинжлэн шалгах                  42, 42, 59, 139       6, 14, 8, 6         
                                140, 141, 142, 142    6, 8, 6, 14         
                                144, 145, 145         6, 12, 23           
осол                            42, 59, 130, 139      4, 6, 18, 4         
                                140, 141, 142, 144    4, 6, 4, 4          
                                144, 144, 145, 145    11, 18, 8, 21       
                                147, 148, 153         6, 4, 5             
мэргэжлийн удирдлага            44, 46                4, 2                
цэргийн мэргэжлийн удирдлага    45, 66, 69, 102       5, 14, 11, 5        
                                132                   18                  
хяналт тавих                    46, 48, 56, 152       10, 6, 9, 6         
мэргэжил                        46, 54, 69, 90        9, 13, 17, 12       
                                145                   28                  
зохион байгуулагч               47, 129, 130          8, 8, 31            
дүрэм                           48, 50, 73            3, 6, 15            
зөвшөөрөл                       49, 115, 115, 117     8, 11, 20, 10       
гэрчилгээ                       53, 66, 112           5, 10, 8            
туслагч                         58, 127, 128, 129     4, 4, 4, 6          
                                131, 132, 133         6, 15, 4            
гүйцэтгэгч                      58, 73, 85, 85        6, 4, 35, 39        
                                132, 133, 151         35, 12, 7           
улсын агаарын хөлөг             63, 64, 130, 132      1, 1, 6, 6          
                                136                   3                   
нислэгт тэнцэх чадвар           66, 112               7, 5                
агаарын хөлгийн дарга           67, 71                4, 2                
тохиолдол                       72, 136, 145          6, 17, 4            
шийдвэр                         73, 90, 117, 117      19, 16, 12, 19      
                                136                   21                  
гэмт хэрэгтэй тэмцэх            85                    11                  
батлан хамгаалах                85, 92, 103, 106      6, 11, 18, 7        
                                130, 142              23, 20              
урьдчилан сэргийлэх             85, 144               14, 20              
аюулт үзэгдэл                   85                    21                  
арга хэмжээ                     85, 136               29, 12              
гамшиг                          85                    20                  
эмнэлэг                         85, 134               24, 31              
спорт                           85                    28                  
ажил                            85, 115, 127, 128     37, 24, 5, 5        
                                129, 135, 136         7, 12, 19           
захиалагч                       85                    50                  
хариуцагч                       85                    52                  
тоног төхөөрөмж                 88                    14                  
шалгагч                         88, 145, 147, 148     9, 34, 8, 6         
үйлчилгээ                       88                    12                  
зохицуулалт                     89, 90, 92, 93        7, 8, 10, 8         
агаарын цэрэг                   90, 93, 115, 117      17, 11, 3, 3        
удирдлага                       90                    14                  
захиргаа                        92, 92, 103, 106      16, 24, 23, 15      
                                130                   28                  
ашиглалт                        97, 98, 152           4, 4, 4             
аэродром                        99, 100, 101, 105     7, 3, 4, 8          
бэлэн байдал                    100, 101              6, 7                
барилга байгууламж              103                   8                   
шугам                           103                   15                  
хангагч                         105, 111, 113, 119    16, 7, 5, 5         
                                122                   7                   
нисэхийн аюулгүй байдал         113, 119              2, 2                
мэргэжлийн байгууллага          113                   22                  
тээш                            113                   16                  
заавар                          113                   25                  
үйлчлүүлэгч                     114                   7                   
хилийн агаарын бүс              115                   6                   
хил хамгаалах байгууллага       117                   21                  
даруй                           117, 134              14, 22              
ажилтан                         119                   11                  
үйлдвэрлэгч                     122                   23                  
бие бүрэлдэхүүн                 132                   30                  
аж ахуйн нэгж                   134                   6                   
захиргааны байгууллага          134                   4                   
тал                             134                   15                  
талууд                          134                   15                  
мэдээлэл                        134                   18                  
үр                              136                   14                  
эрэл                            136                   18                  
санал                           136, 150              27, 7               
шинжээч                         142, 148, 159         9, 7, 10            
комисс                          142, 144, 145         16, 8, 32           
дүгнэлт                         152                   8                   
зөвлөмж                         152                   10                  
холбогдох этгээд                153                   17                  
мэдээ                           153                   12                  
хуулийн этгээд                  160                   5                   
хүн                             160                   4                   
