File: MNCLW00362.txt
Search Method: Trie (MWE + Single-Word)
Total runtime: 0.001111s
Found terms: 78

Term                            Line                  Word Place          

төрийн ордон                    5                     1                   
хүү                             5                     4                   
монгол улсын нэгдсэн төсв       6, 7                  1, 1                
төсвийн хүрээний мэдэгдэл       6, 7, 8, 9            7, 7, 9, 9          
                                13, 16                5, 1                
төсв                            6, 7, 8, 9            12, 12, 14, 14      
                                13, 13, 17, 86        8, 160, 1, 7        
нэгдсэн төсв                    8, 9, 13, 13          5, 5, 55, 75        
                                13, 41, 50, 68        113, 1, 1, 1        
нэгдсэн төсвийн тэнцвэржүүлсэн орлог  13, 32                36, 1               
нэгдсэн төсвийн тэнцвэржүүлсэн орлого  13, 32                36, 1               
нэгдсэн төсвийн тэнцвэржүүлсэн тэнцэл  13, 59                95, 1               
засгийн газрын өр               13, 77                132, 1              
үнэ цэнэ                        13, 77                138, 7              
үнэ цэн                         13, 77                138, 7              
нийгмийн халамж                 13, 86                154, 1              
этгээд                          13, 15                1, 1                
баар                            13, 22                20, 4               
бүтээгдэхүүн                    13, 13, 13, 13        48, 68, 88, 106     
                                13, 13, 13, 36        125, 147, 172, 3    
                                45, 54, 63, 72        3, 3, 3, 3          
                                81, 90                3, 3                
зарлага                         13, 13, 41, 50        58, 78, 4, 4        
зарлг                           13, 13, 41, 50        58, 78, 4, 4        
зарлаг                          13, 13, 41, 50        58, 78, 4, 4        
зарлиг                          13, 13, 41, 50        58, 78, 4, 4        
хөрөнг                          13, 68                115, 3              
хөрөнгө                         13, 68                115, 3              
