File: MNCLW00408.txt
Search Method: Trie (MWE + Single-Word)
Total runtime: 0.000800s
Found terms: 120

Term                            Line                  Word Place          

хүү                             5                     2                   
нийгмийн даатгалын сан          6, 11, 12, 15         1, 5, 4, 1          
                                16                    1                   
төсв                            6, 11, 12, 13         6, 10, 9, 6         
                                17, 18                8, 8                
орлого                          11, 17, 18, 27        13, 11, 11, 1       
                                51, 53                2, 2                
орлог                           11, 17, 18, 27        13, 11, 11, 1       
                                51, 53                2, 2                
зарлиг                          11, 15, 16, 56        15, 8, 8, 6         
                                57, 67, 146           6, 1, 2             
зарлг                           11, 15, 16, 56        15, 8, 8, 6         
                                57, 67, 146           6, 1, 2             
зарлаг                          11, 15, 16, 56        15, 8, 8, 6         
                                57, 67, 146           6, 1, 2             
зарлага                         11, 15, 16, 56        15, 8, 8, 6         
                                57, 67, 146           6, 1, 2             
монгол улсын нэгдсэн төсв       13                    11                  
төсвийн байгууллага             13                    17                  
төсвийн байгууллаг              13                    17                  
нийгмийн даатгал                13, 17, 42            23, 40, 4           
сан                             13, 17, 18, 56        3, 5, 5, 5          
                                57, 71, 75, 79        5, 3, 3, 7          
                                83                    3                   
удирдлага                       13                    19                  
удирдлаг                        13                    19                  
этгээд                          13, 56, 111           29, 54, 2           
төсвийн орлог                   15, 16                6, 6                
төсвийн орлого                  15, 16                6, 6                
эрүүл мэндийн даатгал           17, 39                34, 5               
нэгж                            17                    22                  
байгууллага                     17, 17, 30, 36        23, 28, 4, 2        
байгууллаг                      17, 17, 30, 36        23, 28, 4, 2        
даатгуулагч                     17, 17, 17, 33        33, 44, 47, 1       
                                39, 45, 48            4, 3, 2             
аж ахуйн нэгж                   30                    1                   
төсөв                           36, 56, 143           1, 94, 3            
хураамж                         39                    8                   
тоног төхөөрөмж                 56, 56, 115, 135      59, 82, 2, 3        
орон сууц                       56, 119               65, 2               
осол                            56                    22                  
мэргэжл                         56, 79                23, 3               
дүрэм                           56, 127               73, 2               
тэтгэвр                         71                    1                   
тэтгэмж                         75                    1                   
үйлдвэрлэлийн осол              79                    1                   
эрүүл мэндийн даатгалын сан     87                    1                   
үйл ажиллагааны зардал          91                    1                   
хөрөнгө оруулалт                99                    1                   
ажил                            119                   1                   
хөнгөлөлт                       119                   4                   
ажл                             127                   1                   
агуулах                         139                   1                   
