File: MNCLW00047.txt
Search Method: Aho-Corasick
Total runtime: 0.042374s
Found terms: 2758

Term                            Line                  Word Place          

төрийн ордон                    5                     1                   
ашигт малтмал                   6, 7, 26, 33          1, 1, 3, 3          
                                35, 35, 39, 43        4, 18, 5, 14        
                                69, 77, 81, 83        7, 20, 12, 8        
                                87, 87, 89, 89        9, 23, 10, 14       
                                94, 98, 99, 101       6, 4, 12, 10        
                                101, 101, 103, 103    33, 36, 13, 54      
                                103, 106, 106, 106    57, 13, 53, 56      
                                109, 110, 118, 118    5, 4, 8, 12         
                                124, 124, 128, 130    3, 26, 22, 44       
                                134, 140, 140, 143    1, 9, 16, 3         
                                145, 151, 153, 187    12, 7, 5, 10        
                                209, 219, 248, 248    5, 6, 3, 7          
                                252, 262, 284, 285    9, 4, 6, 6          
                                291, 309, 315, 361    17, 3, 3, 3         
                                361, 479, 482, 485    8, 14, 9, 8         
                                556, 579, 587, 591    3, 6, 12, 3         
                                594, 597, 597, 597    9, 3, 7, 13         
                                655, 703, 854, 855    25, 5, 4, 4         
                                861, 861, 861, 861    3, 13, 21, 32       
                                871, 873, 1530, 1537  9, 22, 17, 12       
                                1537, 1537, 1540, 1540  39, 59, 15, 29      
                                1544, 1544, 1544, 1549  16, 30, 39, 14      
                                1551, 1557, 1560, 1560  15, 12, 14, 18      
                                1565, 1623, 1623, 1623  4, 7, 12, 30        
                                1623, 1625, 1625, 1625  40, 7, 21, 24       
                                1627, 1628, 1630, 1634  5, 5, 3, 7          
                                1634, 1635, 1635, 1636  10, 7, 10, 9        
                                1636, 1636, 1637, 1637  41, 44, 9, 12       
                                1638, 1638, 1640, 1640  9, 12, 6, 10        
                                1641, 1641, 1642, 1643  6, 10, 6, 9         
                                1658, 1671, 1675, 1682  36, 23, 9, 13       
                                1719, 1828, 1848, 1849  10, 4, 8, 29        
нийтлэх                         11, 12, 422, 467      1, 1, 34, 33        
                                505, 565, 621, 682    17, 52, 27, 7       
                                683, 1717, 1733, 1773  13, 19, 21, 21      
                                1784, 1819, 1831, 1832  20, 24, 28, 28      
монгол улсын нутаг дэвсгэр      14, 355, 623, 715     5, 2, 6, 6          
ашигт малтмал эрэх              14, 23, 57, 59        9, 17, 25, 21       
                                61, 73, 100, 119      8, 8, 11, 8         
                                124, 139, 142, 150    10, 5, 11, 8        
                                156, 207, 258, 274    7, 8, 17, 8         
                                323, 335, 343, 352    7, 4, 20, 1         
                                353, 362, 408, 412    1, 4, 14, 5         
                                473, 560, 683, 725    8, 5, 5, 6          
                                796, 1656, 1735, 1898  16, 17, 8, 14       
хайгуулын талбай                14, 384, 479, 491     15, 5, 9, 6         
                                553, 652, 729, 731    20, 5, 13, 7        
                                732, 1777             12, 26              
уурхайн эдэлбэр                 14, 579, 582, 844     17, 2, 2, 23        
                                1857                  14                  
үндэсний аюулгүй байдал         17, 54, 166           18, 9, 7            
хөрөнгө оруулалт                17, 103, 106, 230     26, 35, 34, 4       
                                623, 634, 643, 1671   17, 4, 6, 19        
                                1735, 1889, 1890      19, 4, 10           
газар                           17, 17, 26, 32        9, 11, 14, 8        
                                35, 41, 43, 48        10, 13, 5, 9        
                                57, 57, 57, 99        3, 5, 33, 3         
                                128, 128, 138, 139    6, 26, 12, 4        
                                140, 142, 145, 146    2, 2, 2, 5          
                                147, 155, 180, 211    5, 2, 10, 13        
                                213, 258, 258, 301    26, 15, 46, 10      
                                304, 305, 320, 331    9, 9, 12, 2         
                                336, 337, 338, 339    5, 4, 4, 2          
                                340, 341, 342, 345    2, 2, 7, 15         
                                348, 358, 364, 371    6, 4, 3, 28         
                                376, 376, 378, 381    3, 9, 13, 3         
                                381, 491, 493, 528    9, 9, 11, 11        
                                531, 531, 601, 603    3, 9, 5, 11         
                                605, 633, 633, 635    5, 10, 23, 14       
                                666, 685, 730, 737    11, 13, 15, 23      
                                769, 783, 802, 841    23, 17, 26, 4       
                                844, 844, 850, 878    11, 28, 20, 592     
                                878, 1329, 1331, 1526  596, 1, 1, 14       
                                1534, 1537, 1553, 1637  32, 67, 25, 21      
                                1847, 1854, 1876, 1876  15, 8, 11, 23       
зөвшөөрөл                       17, 71, 181, 246      23, 2, 2, 2         
                                247, 256, 321, 322    2, 2, 2, 2          
                                358, 482, 553, 660    18, 19, 6, 2        
                                663, 671, 672, 720    2, 2, 2, 45         
                                725, 729, 746, 784    4, 2, 20, 2         
                                796, 813, 1693, 1694  14, 2, 2, 2         
                                1705, 1706, 1712, 1715  2, 2, 2, 2          
                                1725, 1738, 1745, 1749  9, 2, 2, 2          
                                1751, 1752, 1759, 1763  2, 2, 2, 2          
                                1764, 1766, 1776, 1782  2, 2, 9, 2          
                                1857, 1868, 1872, 1872  6, 2, 2, 10         
мөрдөгч                         21, 1802              17, 24              
үйлчлэгч                        22                    5                   
түгээмэл тархацтай ашигт малтмал  23, 117, 128, 234     11, 12, 8, 12       
                                252, 526, 1629, 1630  3, 3, 21, 18        
                                1631                  9                   
газрын тос                      23, 706, 708          4, 11, 13           
байгалийн хий                   23                    6                   
ус                              23, 43, 749, 754      3, 13, 15, 5        
журам                           26, 26, 73, 100       8, 12, 21, 9        
                                169, 172, 177, 184    10, 11, 3, 13       
                                185, 191, 193, 195    8, 8, 8, 37         
                                197, 199, 201, 205    9, 11, 16, 28       
                                304, 313, 365, 386    6, 17, 15, 14       
                                388, 424, 431, 435    19, 19, 9, 16       
                                482, 518, 535, 569    5, 18, 10, 15       
                                579, 712, 740, 746    12, 21, 39, 13      
                                774, 783, 829, 830    40, 11, 29, 29      
                                837, 850, 863, 1526   29, 18, 8, 12       
                                1537, 1537, 1537, 1636  10, 57, 68, 54      
                                1656, 1713, 1725, 1729  23, 37, 22, 10      
                                1776, 1802, 1831, 1832  17, 25, 25, 25      
                                1854, 1863            6, 10               
ашигт малтмал хайх              28, 376, 381, 524     3, 4, 4, 5          
                                531, 554, 1792, 1802  4, 10, 18, 16       
тодорхойлолт                    30, 92, 395, 405      7, 4, 9, 25         
                                538, 550, 1695, 1709  20, 25, 20, 11      
                                1777, 1780            22, 26              
хэрэглэгч                       31                    3                   
агуулах                         33, 81, 83, 87        13, 17, 13, 12      
мэдээлэл ашиглах                35                    21                  
сорьц                           35, 847, 850          14, 13, 14          
хөрөнгө                         37, 101, 103, 106     3, 3, 3, 20         
                                154, 182, 184, 313    14, 3, 3, 9         
                                323, 360, 362, 363    3, 3, 3, 3          
                                364, 365, 424, 547    6, 3, 3, 3          
                                569, 607, 633, 637    3, 26, 26, 4        
                                639, 641, 642, 642    5, 10, 9, 48        
                                738, 740, 740, 742    32, 23, 33, 18      
                                774, 774, 775, 778    22, 34, 24, 6       
                                780, 1671, 1845, 1846  11, 35, 6, 6        
                                1847, 1848, 1849, 1850  3, 3, 19, 3         
                                1859                  10                  
гүйцэтгэгч                      37, 37, 89, 182       4, 12, 35, 4        
                                184, 184, 207, 274    4, 9, 33, 21        
                                360, 360, 361, 362    4, 13, 31, 10       
                                363, 364, 365, 393    4, 13, 9, 13        
                                424, 499, 502, 659    4, 18, 6, 23        
                                1678, 1708, 1729, 1794  30, 16, 11, 3       
эрэл                            37, 81, 101, 1656     20, 9, 4, 12        
                                1689, 1735, 1848, 1848  6, 26, 12, 13       
хайгуул                         37, 41, 46, 59        21, 18, 7, 7        
                                81, 83, 96, 101       10, 6, 16, 5        
                                103, 106, 130, 142    4, 4, 46, 17        
                                161, 181, 205, 238    12, 22, 21, 3       
                                241, 248, 252, 260    3, 9, 11, 6         
                                262, 269, 334, 343    6, 3, 15, 3         
                                348, 349, 393, 489    23, 11, 14, 5       
                                547, 569, 591, 646    4, 4, 5, 1          
                                647, 659, 665, 666    1, 18, 10, 6        
                                685, 690, 736, 737    8, 8, 14, 19        
                                796, 796, 802, 807    3, 11, 22, 5        
                                1537, 1537, 1655, 1656  6, 52, 28, 13       
                                1666, 1666, 1678, 1689  9, 18, 5, 7         
                                1732, 1735, 1747, 1765  10, 27, 12, 6       
                                1819, 1830, 1845, 1846  4, 8, 7, 7          
                                1847, 1847, 1848, 1850  4, 22, 19, 4        
ажил                            37, 39, 46, 81        22, 21, 2, 11       
                                83, 166, 181, 182     7, 46, 23, 9        
                                184, 187, 187, 205    7, 8, 39, 22        
                                336, 359, 360, 362    18, 13, 10, 7       
                                364, 365, 393, 409    12, 7, 15, 15       
                                420, 424, 435, 439    17, 7, 8, 13        
                                451, 453, 455, 455    19, 17, 20, 32      
                                459, 463, 489, 499    19, 19, 2, 17       
                                503, 509, 543, 544    12, 2, 2, 2         
                                557, 563, 565, 619    16, 17, 15, 13      
                                621, 631, 641, 659    14, 4, 28, 19       
                                665, 668, 690, 695    11, 23, 9, 13       
                                710, 710, 734, 740    10, 23, 2, 28       
                                774, 778, 780, 781    27, 10, 22, 5       
                                781, 809, 820, 827    24, 16, 13, 15      
                                827, 829, 830, 1537   35, 14, 14, 7       
                                1537, 1650, 1652, 1655  53, 2, 2, 18        
                                1655, 1655, 1664, 1666  29, 35, 7, 13       
                                1666, 1670, 1670, 1680  19, 2, 16, 12       
                                1680, 1697, 1708, 1735  19, 2, 12, 28       
                                1812, 1829, 1847, 1848  10, 10, 5, 14       
                                1879, 1881            18, 8               
үнэлгээ                         41, 213, 219, 221     30, 10, 17, 18      
                                284, 285, 429, 431    18, 18, 13, 17      
                                439, 443, 445, 445    9, 10, 5, 12        
                                546, 556, 696, 748    5, 7, 5, 5          
                                760, 770, 786, 792    5, 5, 8, 7          
                                861, 863, 869, 870    35, 6, 15, 14       
                                871, 1530, 1544, 1549  17, 21, 35, 22      
                                1553, 1560, 1623, 1629  4, 17, 38, 19       
                                1630, 1642, 1645, 1806  24, 15, 7, 25       
                                1835, 1879, 1883      5, 6, 4             
үйл ажиллагаа                   43, 59, 77, 89        31, 26, 48, 30      
                                120, 124, 156, 169    12, 23, 13, 8       
                                172, 172, 185, 186    4, 8, 6, 9          
                                189, 193, 199, 207    7, 5, 9, 13         
                                221, 237, 274, 309    11, 7, 13, 6        
                                335, 346, 508, 509    9, 16, 6, 34        
                                511, 599, 623, 630    3, 2, 27, 4         
                                685, 708, 710, 712    9, 20, 6, 23        
                                712, 715, 725, 762    35, 10, 19, 2       
                                807, 813, 825, 835    8, 10, 9, 26        
                                1560, 1656, 1678, 1735  10, 21, 22, 13      
                                1797, 1898, 1899      6, 19, 6            
бүтээгдэхүүн                    43, 54, 54, 89        24, 25, 30, 23      
                                185, 232, 509, 587    10, 3, 27, 15       
                                607, 625, 639, 699    13, 5, 11, 4        
                                715, 865, 865, 865    5, 2, 17, 22        
                                866, 866, 867, 871    7, 12, 6, 15        
                                873, 876, 878, 878    2, 8, 2, 9          
                                878, 878, 878, 878    15, 27, 458, 466    
                                880, 884, 887, 890    1, 1, 1, 1          
                                1224, 1224, 1530, 1534  2, 10, 9, 8         
                                1553, 1553, 1565, 1565  2, 20, 3, 16        
                                1567, 1567, 1567, 1567  2, 9, 80, 88        
                                1569, 1572, 1608, 1608  1, 3, 2, 10         
                                1629, 1630, 1640, 1641  17, 22, 8, 8        
                                1642, 1642, 1671, 1676  4, 13, 6, 8         
                                1852                  9                   
үйлдвэрлэгч                     43, 54, 54, 89        25, 31, 34, 24      
                                229, 587, 625, 1530   3, 14, 4, 10        
                                1671, 1852, 1859      3, 8, 6             
ажилгүй                         46, 138, 393, 665     8, 16, 24, 2        
                                666, 736, 1707, 1847  7, 15, 2, 23        
                                1848                  22                  
үндсэн орд                      50                    3                   
шороон орд                      52                    3                   
ашигт малтмалын орд             54, 112, 113, 114     5, 5, 3, 2          
                                154, 186, 509, 760    5, 5, 4, 19         
ачаа                            54, 81, 101, 103      2, 22, 30, 10       
                                103, 106, 106, 109    51, 10, 50, 2       
                                112, 140, 145, 151    2, 13, 9, 4         
                                153, 154, 164, 186    2, 2, 2, 2          
                                209, 1634, 1635, 1636  2, 4, 4, 6          
                                1636, 1637, 1638, 1797  38, 6, 6, 2         
байгууллага                     57, 59, 161, 174      17, 16, 9, 7        
                                175, 197, 207, 207    12, 17, 26, 32      
                                257, 274, 291, 293    19, 20, 37, 9       
                                336, 343, 345, 365    3, 31, 21, 24       
                                371, 422, 467, 482    24, 18, 18, 18      
                                547, 565, 621, 638    14, 26, 22, 21      
                                641, 642, 642, 643    8, 8, 28, 22        
                                690, 695, 702, 720    6, 10, 9, 24        
                                725, 758, 762, 762    33, 24, 29, 41      
                                772, 773, 774, 774    8, 8, 17, 29        
                                778, 781, 784, 790    26, 19, 29, 29      
                                803, 817, 837, 842    27, 5, 19, 11       
                                844, 1534, 1537, 1551  35, 28, 35, 37      
                                1636, 1662, 1673, 1733  3, 10, 21, 16       
                                1773, 1784, 1795, 1809  16, 15, 32, 10      
                                1835, 1863, 1877, 1879  40, 18, 4, 30       
ашиглалтын тусгай зөвшөөрөл     59, 109, 120, 130     9, 8, 3, 48         
                                142, 161, 209, 238    19, 20, 8, 5        
                                241, 248, 252, 260    5, 11, 13, 8        
                                262, 269, 320, 334    8, 4, 3, 17         
                                343, 348, 349, 479    5, 25, 13, 16       
                                516, 517, 518, 535    4, 11, 7, 4         
                                536, 553, 559, 559    5, 9, 8, 22         
                                561, 563, 565, 569    15, 24, 4, 10       
                                575, 577, 587, 594    3, 4, 2, 11         
                                597, 613, 621, 623    9, 4, 4, 20         
                                646, 647, 668, 702    3, 3, 3, 16         
                                744, 746, 746, 1537   8, 6, 14, 44        
                                1636, 1662, 1688, 1722  32, 12, 3, 3        
                                1725, 1732, 1735, 1747  3, 12, 3, 14        
                                1758, 1769, 1776, 1779  3, 3, 3, 3          
                                1858                  5                   
уригч                           59, 334, 348, 349     5, 11, 21, 9        
                                1715                  15                  
шийдвэр                         59, 180, 182, 301     17, 12, 21, 12      
                                304, 311, 320, 324    15, 10, 13, 12      
                                331, 336, 336, 343    9, 9, 15, 29        
                                345, 409, 418, 419    19, 20, 24, 5       
                                423, 453, 538, 543    11, 22, 12, 16      
                                547, 557, 562, 568    17, 21, 11, 10      
                                572, 621, 722, 725    18, 10, 15, 15      
                                1658, 1708, 1753, 1815  56, 18, 16, 27      
                                1816, 1816, 1823, 1873  13, 23, 9, 14       
                                1874, 1881, 1887      7, 13, 5            
мэдээ                           59, 166, 181, 1647    19, 26, 25, 4       
                                1648, 1655, 1660, 1661  7, 26, 9, 7         
                                1671, 1672, 1770, 1830  37, 10, 11, 12      
                                1830                  28                  
тусгай зөвшөөрөл                61, 63, 65, 67        2, 2, 8, 8          
                                71, 94, 119, 123      5, 8, 4, 5          
                                124, 124, 127, 130    8, 29, 2, 13        
                                166, 166, 166, 169    3, 33, 59, 4        
                                181, 209, 213, 223    8, 15, 3, 13        
                                227, 234, 257, 258    2, 2, 3, 33         
                                302, 329, 342, 343    5, 12, 8, 32        
                                348, 349, 366, 371    40, 21, 4, 2        
                                377, 384, 386, 413    3, 2, 4, 13         
                                415, 418, 419, 420    7, 26, 14, 34       
                                426, 426, 445, 449    4, 11, 19, 2        
                                455, 457, 463, 476    15, 10, 36, 17      
                                496, 497, 499, 503    2, 2, 3, 34         
                                503, 507, 524, 554    45, 29, 13, 18      
                                560, 560, 562, 562    21, 34, 7, 20       
                                563, 563, 563, 565    4, 31, 36, 11       
                                565, 572, 582, 614    34, 31, 18, 2       
                                615, 619, 619, 649    2, 31, 41, 26       
                                655, 659, 661, 662    7, 6, 2, 2          
                                665, 668, 670, 671    6, 8, 9, 10         
                                677, 680, 681, 682    22, 1, 1, 4         
                                686, 693, 720, 739    2, 2, 11, 21        
                                740, 772, 773, 774    34, 24, 24, 35      
                                788, 790, 799, 800    2, 2, 7, 7          
                                815, 817, 867, 1625   4, 19, 14, 3        
                                1656, 1660, 1666, 1669  5, 4, 2, 5          
                                1685, 1686, 1687, 1688  1, 1, 4, 36         
                                1689, 1690, 1691, 1692  30, 30, 6, 3        
                                1694, 1695, 1704, 1709  9, 2, 2, 14         
                                1712, 1713, 1713, 1714  14, 21, 29, 20      
                                1715, 1716, 1717, 1724  20, 15, 4, 4        
                                1728, 1730, 1734, 1735  15, 10, 4, 24       
                                1735, 1735, 1737, 1738  57, 69, 9, 18       
                                1738, 1738, 1739, 1741  23, 31, 6, 2        
                                1742, 1743, 1744, 1744  13, 2, 18, 43       
                                1745, 1745, 1746, 1749  17, 31, 4, 11       
                                1750, 1753, 1755, 1756  2, 11, 1, 1         
                                1757, 1760, 1761, 1762  4, 11, 4, 6         
                                1762, 1764, 1764, 1766  18, 9, 23, 9        
                                1768, 1769, 1771, 1772  4, 15, 25, 6        
                                1772, 1773, 1775, 1784  15, 6, 4, 5         
                                1787, 1788, 1792, 1804  4, 4, 26, 8         
                                1812, 1812, 1812, 1815  4, 14, 23, 13       
                                1815, 1816, 1818, 1819  23, 10, 14, 10      
                                1823, 1823, 1829, 1830  6, 19, 3, 4         
                                1830, 1855, 1855, 1858  19, 27, 31, 17      
                                1861, 1870, 1870, 1871  5, 4, 27, 12        
                                1898, 1898, 1899, 1899  11, 31, 32, 46      
ашигт малтмал ашиглах           63, 515, 725          8, 1, 16            
уурхайн талбай                  69, 520, 528, 559     4, 6, 8, 19         
                                560, 563, 564, 594    31, 34, 14, 15      
                                655, 719, 720, 720    10, 4, 29, 38       
                                722, 755, 1777, 1792  6, 5, 41, 3         
төлбөр                          71, 71, 252, 303      3, 18, 16, 16       
                                364, 418, 419, 420    16, 30, 20, 6       
                                457, 459, 461, 463    14, 7, 6, 8         
                                497, 559, 560, 562    25, 27, 38, 24      
                                563, 615, 668, 670    8, 25, 12, 7        
                                671, 671, 671, 675    3, 7, 20, 6         
                                675, 827, 829, 830    16, 47, 5, 5        
                                851, 1526, 1530, 1530  8, 8, 12, 19        
                                1530, 1540, 1544, 1631  41, 34, 36, 5       
                                1634, 1635, 1636, 1637  15, 15, 49, 17      
                                1638, 1642, 1643, 1676  17, 23, 14, 19      
                                1706, 1715, 1826, 1826  3, 12, 2, 5         
                                1827, 1827, 1845, 1846  2, 5, 11, 11        
                                1851, 1851, 1851, 1852  2, 5, 12, 4         
                                1853, 1853, 1854, 1855  2, 13, 2, 23        
зөвшөөрөл эзэмшигч              73, 123, 507, 512     2, 2, 2, 2          
                                619, 625, 649, 651    21, 2, 2, 2         
                                670, 683, 703, 706    2, 2, 2, 2          
                                708, 710, 717, 724    2, 2, 2, 2          
                                740, 742, 775, 795    2, 2, 2, 2          
                                801, 807, 809, 811    2, 2, 2, 2          
                                827, 835, 837, 1673   2, 2, 2, 2          
                                1675, 1676, 1713, 1714  2, 2, 2, 2          
                                1737, 1744, 1760, 1762  2, 2, 2, 2          
                                1772, 1774, 1777, 1780  2, 2, 2, 2          
                                1786, 1789, 1790, 1795  2, 2, 2, 2          
                                1806, 1816, 1818, 1857  2, 2, 2, 2          
                                1858, 1859, 1876      2, 2, 2             
хуулийн этгээд                  73, 103, 120, 156     25, 18, 20, 4       
                                355, 388, 437, 463    6, 5, 19, 4         
                                704, 817, 820, 861    5, 9, 20, 9         
                                1719, 1897            18, 5               
этгээд                          75, 109, 223, 257     2, 13, 19, 2        
                                260, 286, 287, 334    12, 16, 16, 22      
                                345, 348, 349, 405    32, 30, 18, 28      
                                410, 412, 413, 414    27, 36, 19, 25      
                                418, 419, 419, 420    40, 10, 36, 3       
                                423, 507, 538, 540    21, 26, 2, 2        
                                550, 558, 561, 562    28, 27, 27, 14      
                                562, 563, 564, 568    35, 3, 10, 20       
                                575, 619, 641, 720    7, 47, 34, 47       
                                746, 746, 855, 857    5, 18, 3, 4         
                                858, 1540, 1623, 1625  9, 9, 11, 6         
                                1693, 1694, 1705, 1711  6, 6, 6, 14         
                                1715, 1722, 1728, 1731  5, 8, 12, 5         
                                1732, 1747, 1749, 1751  7, 20, 5, 6         
                                1752, 1764, 1829, 1872  6, 8, 2, 12         
                                1872                  21                  
иргэн                           75, 77, 77, 77        4, 24, 31, 45       
                                85, 369, 369, 416     21, 17, 23, 17      
                                416, 813, 817, 820    23, 19, 8, 12       
                                825, 827, 829, 830    16, 32, 32, 32      
                                835, 1631, 1688, 1713  20, 23, 8, 5        
                                1765, 1876            22, 21              
компани                         75, 1688, 1688, 1713  8, 10, 35, 7        
нөхөрлөл                        75, 77, 77, 1688      9, 30, 37, 12       
                                1713                  9                   
үр                              77, 83, 87, 182       10, 25, 18, 15      
                                184, 205, 291, 365    10, 23, 14, 10      
                                543, 1655, 1656, 1666  3, 30, 14, 20       
                                1678, 1735            6, 29               
ашиглалт                        77, 237, 508, 509     13, 3, 4, 32        
                                511, 708, 807, 1666   15, 19, 7, 8        
                                1671, 1719, 1819, 1830  21, 12, 5, 11       
                                1857                  16                  
зохиогч                         77, 234               43, 7               
ашигт малтмалын баялаг          83, 205, 1656         35, 16, 24          
техникийн нөхцөл                83                    31                  
технологи                       83, 229, 736, 766     28, 7, 19, 4        
                                784                   12                  
олборлолт                       83, 87, 556, 778      29, 4, 9, 9         
                                780, 781, 1695, 1847  21, 23, 9, 16       
                                1847                  28                  
төрийн бус байгууллага          85, 195, 201, 205     16, 21, 12, 12      
мэргэжилтэн                     85, 187, 201, 642     2, 28, 6, 29        
                                1658, 1678            20, 25              
шинжээч                         85, 1631, 1896        3, 14, 10           
салбар                          85, 96, 134, 137      15, 11, 3, 4        
                                149, 176, 195, 201    4, 4, 4, 4          
                                205, 230, 231, 311    11, 3, 9, 6         
                                313, 829, 830, 1797   15, 24, 24, 5       
сонгогч                         92, 94, 213, 213      6, 11, 6, 16        
                                234, 241, 258, 262    5, 9, 14, 13        
                                265, 305, 366, 372    6, 8, 7, 10         
                                372, 386, 388, 424    17, 7, 11, 17       
                                426, 447, 453, 455    7, 14, 10, 25       
                                547, 569, 746, 813    11, 13, 11, 21      
                                1713, 1855, 1879      35, 35, 4           
сум                             92, 258, 297, 307     12, 6, 5, 4         
                                325, 337, 369, 416    6, 7, 15, 15        
                                422, 467, 541, 565    23, 23, 18, 40      
                                729, 731, 734, 736    16, 10, 28, 37      
                                738, 740, 760, 762    11, 15, 28, 32      
                                778, 780, 781, 788    28, 14, 9, 22       
                                825, 829, 829, 830    14, 7, 30, 7        
                                830, 835, 844, 1780   30, 18, 38, 17      
босго үнэ                       94, 211, 396, 455     3, 5, 6, 29         
                                457, 461              5, 12               
зарлаг                          94, 372, 447, 447     13, 30, 3, 17       
                                1553, 1855            27, 37              
комисс                          96, 435, 437, 443     3, 3, 3, 3          
                                451, 702              3, 11               
мэргэжил                        96, 96, 201, 274      12, 20, 11, 18      
                                422                   27                  
бусад этгээд                    100, 1725             17, 29              
нөөц ашигласны төлбөр           101, 103, 106, 854    38, 59, 58, 6       
                                855, 861, 861, 868    6, 15, 23, 3        
                                869, 870, 871, 873    11, 10, 11, 24      
                                1526, 1537, 1540, 1544  3, 41, 17, 18       
                                1544, 1549, 1551, 1557  41, 16, 17, 14      
                                1560, 1560, 1565, 1623  3, 20, 6, 42        
                                1625, 1627, 1628, 1629  26, 7, 7, 25        
                                1630, 1640, 1641, 1642  5, 12, 12, 8        
                                1671, 1675, 1682      25, 11, 15          
хувьцаа                         106, 109, 260         25, 15, 4           
хөрөнгийн бирж                  109                   20                  
хангагч                         115, 123, 148, 166    11, 17, 10, 10      
                                176, 195, 293, 374    12, 27, 19, 11      
                                407, 485, 503, 522    17, 6, 29, 6        
                                540, 551, 619, 641    8, 16, 26, 25       
                                649, 710, 755, 803    14, 21, 9, 13       
                                820, 834, 835, 837    15, 9, 23, 33       
                                1693, 1703, 1705, 1725  13, 7, 12, 47       
                                1727, 1738, 1751, 1771  20, 9, 13, 21       
                                1777, 1782, 1783, 1883  55, 18, 6, 2        
улсын татвар                    120, 395              17, 2               
үнэт чулуу                      124                   19                  
тохиолдол                       124, 161, 334, 431    7, 19, 10, 14       
                                445, 485, 518, 570    14, 7, 6, 10        
                                642, 666, 717, 722    26, 5, 13, 19       
                                774, 781, 807, 867    9, 8, 41, 13        
                                1636, 1688, 1689, 1690  22, 22, 26, 26      
                                1713, 1719, 1744, 1747  19, 9, 25, 7        
                                1758, 1762, 1777, 1777  7, 14, 32, 47       
                                1818                  7                   
хуулийн этгээдийн нэр           127, 389              6, 2                
цацраг идэвхт ашигт малтмал     130, 476, 582         6, 5, 6             
цөмийн энерги                   130, 476, 582         18, 9, 10           
захиргааны байгууллага          130, 130, 215, 216    23, 31, 5, 7        
                                216, 271, 305, 315    13, 2, 20, 14       
                                329, 336, 342, 345    2, 23, 2, 36        
                                348, 355, 368, 369    14, 27, 7, 32       
                                388, 394, 400, 404    22, 2, 2, 2         
                                409, 415, 416, 418    2, 15, 33, 16       
                                419, 420, 422, 423    29, 15, 2, 2        
                                451, 453, 455, 459    16, 7, 7, 11        
                                463, 467, 476, 496    17, 2, 14, 17       
                                503, 505, 507, 511    2, 2, 17, 11        
                                520, 536, 543, 549    11, 14, 14, 2       
                                552, 557, 562, 563    2, 2, 28, 22        
                                565, 565, 568, 570    2, 31, 2, 29        
                                572, 582, 609, 614    26, 15, 7, 14       
                                619, 621, 665, 666    2, 2, 20, 2         
                                672, 706, 712, 717    15, 16, 44, 18      
                                720, 722, 737, 769    43, 13, 15, 15      
                                802, 808, 809, 811    15, 5, 24, 11       
                                815, 842, 847, 1537   2, 3, 19, 23        
                                1544, 1551, 1648, 1652  49, 26, 17, 6       
                                1656, 1658, 1660, 1661  36, 2, 2, 13        
                                1677, 1680, 1697, 1702  8, 30, 6, 2         
                                1708, 1713, 1717, 1717  2, 24, 2, 13        
                                1726, 1728, 1729, 1733  16, 2, 2, 2         
                                1737, 1738, 1739, 1742  13, 12, 22, 2       
                                1744, 1745, 1747, 1753  27, 13, 32, 2       
                                1761, 1764, 1769, 1771  2, 12, 8, 2         
                                1772, 1773, 1777, 1783  18, 2, 14, 9        
                                1784, 1788, 1795, 1812  2, 2, 21, 2         
                                1814, 1815, 1819, 1819  18, 2, 2, 18        
                                1830, 1855, 1868, 1869  2, 10, 10, 2        
                                1870, 1871, 1872, 1873  2, 8, 8, 2          
                                1874                  5                   
мэдэгдэл                        130, 369, 416, 455    33, 9, 9, 38        
                                457, 459, 461, 643    22, 13, 7, 17       
                                668, 1745, 1812, 1814  19, 24, 19, 5       
                                1815, 1855            17, 8               
зохицуулалт                     134                   6                   
талууд                          137, 138, 176, 227    6, 10, 6, 15        
                                233, 257, 258, 303    10, 17, 43, 17      
                                305, 311, 311, 415    10, 7, 11, 19       
                                526, 570, 607, 727    12, 22, 27, 7       
                                728, 736, 738, 744    9, 9, 4, 7          
                                745, 765, 778, 799    9, 4, 18, 6         
                                800, 801, 819, 835    6, 8, 6, 24         
                                840, 1636, 1636, 1636  12, 18, 20, 30      
                                1691, 1712, 1717, 1727  11, 6, 8, 11        
                                1763, 1780, 1795, 1830  16, 10, 19, 34      
                                1869, 1873, 1874, 1876  5, 20, 3, 17        
тал                             137, 138, 176, 227    6, 10, 6, 15        
                                233, 257, 258, 303    10, 17, 43, 17      
                                305, 311, 311, 415    10, 7, 11, 19       
                                526, 570, 607, 727    12, 22, 27, 7       
                                728, 736, 738, 744    9, 9, 4, 7          
                                745, 765, 778, 799    9, 4, 18, 6         
                                800, 801, 819, 835    6, 8, 6, 24         
                                840, 1636, 1636, 1636  12, 18, 20, 30      
                                1691, 1712, 1717, 1727  11, 6, 8, 11        
                                1763, 1780, 1795, 1830  16, 10, 19, 34      
                                1869, 1873, 1874, 1876  5, 20, 3, 17        
зохион байгуулагч               138, 180, 213, 301    13, 14, 8, 17       
                                313, 426              19, 9               
хяналт тавих                    138, 186, 227, 237    17, 11, 16, 10      
                                303, 309, 737, 753    26, 8, 8, 10        
                                769, 783, 802, 813    8, 9, 8, 14         
тээвэрлэгч                      143, 607              6, 14               
улсын нөөц                      145, 640              19, 4               
тусгай хэрэгцээний газар        150, 335              5, 13               
санал                           151, 153, 155, 161    12, 14, 13, 10      
                                209, 233, 369, 369    19, 11, 26, 43      
                                371, 371, 393, 394    14, 25, 37, 11      
                                416, 416, 418, 427    27, 44, 10, 4       
                                429, 431, 433, 435    4, 2, 4, 5          
                                435, 437, 439, 441    19, 12, 7, 4        
                                443, 455, 457, 642    9, 28, 4, 30        
                                736, 767, 1534, 1744  33, 30, 29, 46      
                                1745, 1748, 1795      39, 8, 23           
захиргаа                        161, 174, 175, 197    7, 5, 10, 15        
                                207, 291, 293, 355    24, 35, 7, 24       
                                365, 371, 422, 467    22, 22, 16, 16      
                                565, 638, 641, 642    24, 19, 6, 6        
                                702, 758, 762, 772    7, 22, 27, 6        
                                773, 774, 778, 784    6, 15, 24, 27       
                                790, 817, 837, 1534   27, 2, 17, 26       
                                1795, 1816, 1835, 1863  30, 24, 38, 16      
                                1879, 1887            28, 8               
улсын төсвийн хөрөнгөөр гүйцэтгэх геологийн судалгаа  166, 291, 359         40, 8, 4            
төсөл                           166, 182, 233, 393    19, 11, 5, 28       
                                638, 641, 642         13, 14, 13          
үйлчилгээ                       181, 286, 287, 542    29, 17, 17, 5       
                                710, 710, 1727        11, 24, 24          
стандарт                        185, 710              11, 19              
мэргэжлийн зөвлөл               187, 572, 640, 1658   33, 14, 12, 17      
тайлан                          187, 227, 502, 665    9, 9, 8, 13         
                                688, 1551, 1647, 1648  6, 20, 5, 8         
                                1658, 1658, 1678, 1689  9, 44, 8, 11        
                                1735, 1770, 1781, 1830  31, 12, 6, 9        
                                1835                  10                  
дүгнэлт                         187, 209, 213, 229    21, 20, 12, 9       
                                231, 234, 258, 305    14, 19, 44, 15      
                                345, 443, 445, 453    33, 16, 23, 13      
                                572, 642, 1658, 1678  17, 31, 30, 20      
                                1795                  33                  
зөвлөмж                         187, 195              23, 8               
гишүүн                          187, 211, 213, 439    30, 14, 27, 4       
                                633, 783              24, 18              
дүрэм                           187, 1899             37, 16              
төрийн байгууллага              195                   14                  
хөрөнгө оруулагч                195                   16                  
мэргэжлийн холбоо               195                   18                  
зөвлөл                          195, 543              32, 11              
мэдээллийн сан                  199, 225, 286, 287    6, 4, 5, 5          
                                363, 803, 1658        9, 20, 52           
заавар                          203, 1652, 1664, 1863  7, 9, 10, 11        
нээлт                           205, 363, 429, 431    26, 15, 14, 21      
                                439, 815, 1835        21, 15, 42          
хяналт шалгалт                  207, 720, 725, 762    27, 19, 28, 36      
                                781, 842, 844         14, 6, 30           
үүсмэл орд ашиглах              209, 565, 570, 572    12, 8, 14, 28       
                                1766, 1819            6, 7                
хүн                             221, 303, 628, 748    10, 6, 3, 10        
                                749, 1544, 1835, 1897  17, 10, 13, 4       
                                1899                  21                  
мэдээлэл                        223, 223, 260, 265    8, 17, 13, 20       
                                286, 287, 291, 291    14, 14, 6, 27       
                                293, 315, 324, 336    11, 12, 14, 14      
                                363, 372, 393, 639    7, 26, 10, 19       
                                1537, 1671, 1682, 1689  33, 15, 31, 13      
                                1711, 1727, 1735, 1806  10, 21, 34, 28      
                                1826, 1827, 1828, 1831  1, 1, 7, 8          
                                1832, 1835, 1835      8, 28, 45           
хайгуулын ажлын зардал          227, 499, 1794, 1794  10, 10, 4, 14       
                                1848, 1849, 1857      5, 21, 10           
тойм судалгаа                   228, 354, 355, 1655   3, 4, 8, 9          
хүсэлт                          228, 241, 258, 305    6, 12, 11, 18       
                                348, 378, 386, 388    37, 9, 10, 14       
                                398, 400, 408, 410    15, 8, 10, 16       
                                414, 437, 437, 447    32, 10, 17, 5       
                                447, 553, 558, 623    9, 16, 16, 25       
                                638, 641, 641, 642    11, 12, 32, 11      
                                1769, 1776, 1830      20, 20, 18          
зураг зүй                       247, 257, 329, 342    3, 7, 16, 12        
                                420, 463, 563, 1730   38, 40, 40, 14      
                                1771, 1829, 1870      29, 7, 8            
хураагч                         252, 1735             17, 62              
шалгагч                         265, 666, 1870, 1870  14, 14, 21, 46      
                                1873                  9                   
хөдөлгөөн                       269, 289, 290         7, 8, 8             
хариуцагч                       271, 271, 271, 451    6, 17, 27, 14       
                                453, 455, 455, 807    5, 5, 11, 47        
                                1537                  21                  
нэгж                            271, 271, 271, 455    7, 18, 28, 12       
                                878, 882, 1567, 1571  6, 2, 6, 2          
                                1699                  3                   
эрүүл мэндийг хамгаалах         303                   8                   
тусгай зөвшөөрөл эзэмшигч       303, 343, 345, 346    20, 17, 10, 12      
                                472, 503, 517, 553    2, 16, 7, 2         
                                559, 570, 578, 619    2, 2, 2, 17         
                                648, 659, 685, 692    4, 2, 2, 2          
                                704, 712, 720, 722    2, 2, 2, 2          
                                728, 745, 760, 788    2, 2, 12, 6         
                                790, 820, 847, 852    6, 2, 2, 2          
                                853, 856, 1537, 1623  2, 3, 2, 3          
                                1629, 1648, 1656, 1661  2, 2, 2, 2          
                                1680, 1682, 1689, 1690  4, 4, 2, 2          
                                1712, 1725, 1739, 1740  8, 24, 13, 2        
                                1763, 1771, 1814, 1847  5, 12, 10, 19       
                                1875, 1899            4, 2                
гэрээ                           315, 570, 572, 634    9, 18, 5, 37        
                                637, 638, 642, 699    6, 8, 50, 6         
                                701, 809, 1669, 1738  5, 26, 10, 4        
                                1739, 1742, 1830      2, 16, 35           
хайгуулын тусгай зөвшөөрөл      317, 372, 388, 408    3, 5, 7, 27         
                                411, 412, 412, 414    12, 18, 29, 16      
                                414, 417, 418, 420    28, 9, 20, 21       
                                420, 422, 424, 463    28, 4, 14, 23       
                                463, 467, 471, 482    30, 4, 4, 11        
                                485, 495, 505, 510    10, 4, 4, 12        
                                511, 512, 727, 788    5, 14, 8, 16        
                                1650, 1719, 1850      4, 14, 14           
нөөцөд авсан талбай             329, 330, 376         9, 6, 10            
шүүгч                           347, 878, 878, 1469   12, 763, 766, 2     
                                1471, 1816, 1876      2, 21, 20           
шүүх                            347, 878, 878, 1469   12, 763, 766, 2     
                                1471, 1816, 1876      2, 21, 20           
газар өмчлөх                    358, 1875, 1876       10, 8, 5            
нийслэл                         368, 369, 369, 369    15, 2, 22, 48       
                                415, 416, 416, 417    22, 2, 22, 2        
                                418, 1631             2, 22               
шугам                           375, 378, 523, 528    15, 21, 14, 19      
хуулийн этгээдийн улсын бүртгэл  390                   2                   
гэрчилгээ                       390, 1557, 1557       6, 7, 18            
тоног төхөөрөмж                 393, 842, 1671, 1690  6, 18, 32, 9        
                                1765                  13                  
төсөв                           393, 865, 866         29, 21, 11          
өргөдлийг бүртгэх               403, 548, 1783        4, 4, 11            
өргөдөл                         405, 405, 405, 407    2, 6, 26, 4         
                                410, 410, 412, 412    25, 30, 34, 39      
                                413, 413, 414, 414    17, 22, 23, 38      
                                418, 419, 419, 419    38, 8, 34, 41       
                                423, 423, 507, 517    14, 19, 24, 15      
                                535, 550, 550, 550    8, 2, 6, 26         
                                551, 553, 557, 558    3, 13, 25, 25       
                                558, 559, 561, 561    30, 12, 25, 32      
                                562, 562, 568, 568    33, 40, 13, 18      
                                614, 619, 1711, 1737  22, 45, 12, 8       
                                1769, 1774, 1786, 1870  13, 16, 16, 31      
баримт бичиг                    407, 410, 551, 558    7, 4, 6, 4          
                                641, 1735, 1749       16, 41, 16          
шүүлт                           407, 408, 551, 552    22, 7, 21, 10       
ажлын өдөр                      429                   10                  
оролцогч                        439, 443, 445, 445    17, 4, 11, 18       
                                455, 457, 461, 1873   14, 9, 11, 19       
                                1874, 1879            2, 3                
тэмдэглэл                       443, 543, 640, 1731   14, 12, 14, 14      
барилга байгууламж              489, 599, 807, 1765   11, 13, 20, 15      
                                1861                  16                  
дамжин өнгөрөгч                 491, 599, 601, 1876   11, 10, 7, 14       
эрх бүхий этгээд                497, 615, 1744        10, 10, 40          
төлбөр төлөгч                   499, 512, 672, 1625   7, 20, 3, 16        
                                1855                  2                   
үе шатны ажил                   502                   3                   
зураг төсөл                     509                   17                  
газрын зураг                    520, 844              16, 14              
эрх бүхий албан тушаалтан       538                   14                  
нотлох баримт                   540, 1693, 1694, 1740  10, 15, 19, 11      
                                1749, 1751, 1752, 1814  23, 15, 16, 14      
гуравдагч этгээд                570, 570              5, 12               
үүсмэл                          570, 572              7, 6                
эд хөрөнгийн эрхийн улсын бүртгэл  575, 611              11, 4               
газар ашиглах                   575, 1722             8, 9                
эрх бүхий хуулийн этгээд        587, 847, 1678        8, 22, 26           
зах зээл                        587, 625, 715, 851    18, 8, 18, 12       
                                865, 866, 867, 873    25, 14, 7, 3        
                                876, 878, 885, 1553   9, 10, 1, 13        
                                1565, 1567, 1573      19, 10, 1           
ус ашиглагч                     605, 701              6, 2                
байгаль орчин                   609, 1835, 1899       9, 11, 24           
ажилтан                         609, 823, 823, 825    20, 2, 5, 2         
тусгай зөвшөөрлийн төлбөр       617, 650, 651, 652    4, 4, 5, 2          
                                655, 667, 672, 1785   2, 4, 18, 9         
                                1790                  4                   
хөрөнгө оруулалтын гэрээ        622, 623              4, 38               
орлого                          626, 1699, 1806       2, 4, 11            
баталгаажуулах                  626, 658              7, 10               
эрүүл мэнд                      628, 748, 1899        5, 12, 22           
үйлдвэрлэл-үйлчилгээний зориулалт  655                   23                  
хайгуулын ажлын зардлын доод хэмжээ  658                   4                   
санхүүгийн тайлан               665                   15                  
банк                            672, 858, 870, 1540   6, 6, 6, 6          
                                1544, 1549, 1551, 1735  6, 6, 6, 51         
                                1735                  52                  
алданги                         675, 1853, 1855       22, 19, 24          
аж ахуйн нэгж                   710, 1797, 1806, 1849  31, 10, 8, 11       
туслан гүйцэтгэгч               710, 820              14, 7               
татвар төлөгч                   710, 1709             29, 6               
бараа                           710, 710              9, 22               
зөрчил шалган шийдвэрлэх        712                   15                  
шүүхийн шийдвэр                 712, 1716, 1818, 1823  13, 10, 8, 12       
бүтээн байгуулалт               712                   31                  
осол                            712                   8                   
шуудан                          717, 1530             8, 3                
арга хэмжээ                     722, 736, 756, 757    23, 12, 7, 7        
                                765, 841              7, 14               
гомдол                          725, 1816, 1818, 1874  34, 17, 5, 11       
                                1877, 1879, 1881, 1885  5, 8, 5, 4          
                                1887                  11                  
зам                             730, 1713             19, 16              
байгаль орчинд нөлөөлөх байдлын үнэлгээ  746, 758, 767, 775    23, 7, 16, 5        
                                784, 790              30, 10              
агаар                           749                   12                  
амьтан                          749, 1899             18, 27              
ургамал                         749                   19                  
аюул                            755, 834, 835, 840    7, 7, 21, 6         
                                841, 844, 1654, 1672  8, 8, 7, 7          
                                1898, 1899            5, 14               
шилжүүлэг                       778                   16                  
соёлын өв                       795, 801, 803, 803    5, 5, 8, 17         
                                1800                  3                   
мэргэжлийн байгууллага          796                   8                   
бүрэн бүтэн байдал              803                   10                  
эд хөрөнгө                      806, 842, 1735, 1749  4, 21, 48, 18       
                                1765, 1861            18, 9               
орон байр                       807                   17                  
хандив                          809, 817              19, 17              
гадаадын иргэн                  827                   11                  
эрүүл ахуй                      834, 835              4, 13               
хэсэгчлэн хаах                  837                   13                  
үнэт металл                     846, 847, 850, 852    4, 9, 8, 7          
эрдэнийн чулуу                  846, 847, 850, 851    6, 11, 10, 3        
                                852, 853              9, 25               
байгалийн төрц                  853                   18                  
эрдэнэсийн сан                  853                   32                  
борлуулалт                      861, 863, 869, 870    34, 5, 14, 13       
                                871, 1544, 1549, 1553  16, 34, 21, 3       
                                1560, 1623, 1629, 1630  16, 37, 18, 23      
                                1642, 1645            14, 6               
тогтоол                         861, 875, 1525        53, 15, 20          
борлуулалтын орлого             867                   18                  
түлш                            878, 1224, 1567, 1608  464, 8, 86, 8       
төлбөрийн баримт                1530, 1623, 1623      29, 23, 28          
холбоо                          1655                  45                  
шинжээчийн дүгнэлт              1656                  32                  
хэлцэл                          1669                  11                  
албан татвар                    1676, 1689, 1690, 1699  17, 20, 20, 5       
                                1806                  12                  
охин компани                    1688                  31                  
санхүүгийн баримт               1696                  15                  
тайлбар                         1699                  18                  
танилцуулга                     1699                  19                  
харшлах шалтгаан                1709                  2                   
татварын алба                   1709                  9                   
эцсийн эзэмшигч                 1719                  6                   
санхүүгийн байгууллага          1735                  54                  
татварын өр                     1735                  60                  
байгаль орчинд хортой нөлөөлөх  1795                  4                   
гадаадын хөрөнгө оруулалт       1797                  13                  
усны сан бүхий газрын хамгаалалтын бүс  1802                  6                   
ойн сан бүхий газар             1802                  12                  
хүний хувийн мэдээлэл           1831, 1832            17, 17              
албаны нууц                     1831, 1832            11, 11              
байгууллагын нууц               1831, 1832            14, 14              
улсын төсөв                     1847, 1848            24, 23              
улсын  төсөв                    1847, 1848            24, 23              
орон нутгийн өмч                1849                  3                   
хайгуулын зардал                1849, 1849            33, 41              
сан                             1857, 1858, 1859, 1861  31, 30, 15, 14      
технологийн горим               1899                  17                  
мал                             1899                  26                  
