File: MNCLW00358.txt
Search Method: Aho-Corasick
Total runtime: 0.000460s
Found terms: 71

Term                            Line                  Word Place          

хүү                             5                     2                   
монгол улсын нэгдсэн төсв       6                     1                   
төсвийн хүрээний мэдэгдэл       6, 7, 8, 11           7, 9, 6, 1          
төсв                            6, 7, 8, 8            12, 14, 9, 161      
                                12, 81                1, 7                
нэгдсэн төсв                    7, 8, 8, 8            5, 56, 76, 114      
                                36, 45, 63            1, 1, 1             
нэгдсэн төсвийн тэнцвэржүүлсэн орлог  8, 27                 37, 1               
нэгдсэн төсвийн тэнцвэржүүлсэн орлого  8, 27                 37, 1               
нэгдсэн төсвийн тэнцвэржүүлсэн тэнцэл  8, 54                 96, 1               
засгийн газрын өр               8, 72                 133, 1              
үнэ цэн                         8, 72                 139, 7              
үнэ цэнэ                        8, 72                 139, 7              
нийгмийн халамж                 8, 81                 155, 1              
этгээд                          8, 10                 2, 1                
баар                            8, 17                 21, 4               
бүтээгдэхүүн                    8, 8, 8, 8            49, 69, 89, 107     
                                8, 8, 8, 31           126, 148, 173, 3    
                                40, 49, 58, 67        3, 3, 3, 3          
                                76, 85                3, 3                
зарлиг                          8, 8, 36, 45          59, 79, 4, 4        
зарлг                           8, 8, 36, 45          59, 79, 4, 4        
зарлага                         8, 8, 36, 45          59, 79, 4, 4        
зарлаг                          8, 8, 36, 45          59, 79, 4, 4        
хөрөнг                          8, 63                 116, 3              
хөрөнгө                         8, 63                 116, 3              
