File: MNCLW00192.txt
Search Method: Aho-Corasick
Total runtime: 0.007961s
Found terms: 924

Term                            Line                  Word Place          

жендэрийн эрх тэгш байдал       6, 11, 15, 63         1, 17, 19, 8        
                                64, 65, 70, 75        8, 7, 7, 6          
                                87, 94, 131, 132      8, 15, 4, 4         
                                135, 136, 139, 139    10, 7, 7, 25        
                                140, 141, 151, 155    18, 15, 7, 15       
                                159, 160, 162, 163    1, 1, 4, 8          
                                164, 169, 173, 174    10, 4, 3, 24        
                                175, 177, 185, 188    24, 6, 8, 5         
                                190, 200, 211, 212    4, 31, 19, 11       
                                213, 215, 219, 220    10, 3, 5, 23        
                                224, 227, 239, 241    5, 10, 3, 12        
                                243, 244, 247, 250    1, 1, 4, 20         
хангагч                         6, 11, 12, 13         5, 21, 7, 5         
                                15, 32, 34, 36        23, 7, 37, 11       
                                38, 39, 39, 43        19, 5, 19, 12       
                                54, 58, 63, 64        8, 12, 12, 12       
                                83, 85, 94, 114       17, 22, 19, 5       
                                124, 131, 132, 135    5, 8, 8, 14         
                                139, 139, 150, 156    11, 29, 15, 23      
                                159, 160, 161, 162    5, 5, 7, 8          
                                163, 164, 165, 165    12, 28, 20, 36      
                                167, 168, 172, 173    5, 5, 7, 7          
                                174, 174, 175, 175    5, 43, 5, 43        
                                177, 177, 181, 182    10, 24, 5, 5        
                                183, 184, 185, 186    21, 7, 12, 13       
                                188, 188, 190, 191    9, 17, 8, 5         
                                192, 192, 199, 199    5, 20, 5, 16        
                                200, 200, 202, 206    5, 35, 5, 5         
                                209, 210, 211, 213    7, 5, 23, 14        
                                219, 220, 221, 222    9, 27, 7, 5         
                                223, 224, 225, 226    5, 9, 5, 5          
                                227, 229, 230, 231    14, 7, 5, 21        
                                232, 241, 247, 264    25, 16, 8, 7        
                                273, 274, 276         7, 5, 5             
нийтлэх                         8, 9                  1, 1                
гэр бүл                         11, 21, 22, 23        14, 12, 18, 12      
                                24, 34, 41, 55        14, 15, 10, 12      
                                88, 89, 91, 92        34, 34, 13, 13      
                                153, 155, 156, 156    16, 32, 6, 19       
                                156, 269              27, 10              
мөрдөгч                         14                    17                  
үйлчлэгч                        16                    4                   
монгол улсын нутаг дэвсгэр      17, 18                4, 9                
аж ахуйн нэгж                   17, 18, 71, 72        12, 21, 6, 14       
                                200, 202, 225, 247    10, 10, 8, 19       
                                248                   3                   
үйл ажиллагаа                   17, 18, 45, 66        8, 13, 2, 15        
                                71, 95, 135, 138      16, 7, 15, 18       
                                139, 139, 156, 159    4, 38, 24, 6        
                                160, 167, 180, 182    6, 6, 3, 7          
                                186, 200, 219, 220    10, 18, 10, 29      
                                225, 233, 250         12, 10, 40          
байгууллага                     17, 18, 47, 51        15, 24, 7, 6        
                                52, 66, 68, 72        6, 10, 10, 17       
                                78, 80, 80, 84        24, 17, 19, 2       
                                97, 104, 121, 122     5, 4, 21, 21        
                                141, 152, 180, 188    6, 5, 2, 25         
                                199, 200, 200, 202    13, 13, 27, 13      
                                207, 215, 219, 225    12, 2, 4, 7         
                                236, 237, 239, 247    10, 8, 2, 22        
                                247, 248, 248, 276    34, 2, 6, 24        
иргэн                           17, 73, 101, 134      18, 4, 9, 9         
                                142, 199, 202, 225    3, 14, 14, 11       
                                226, 227, 238, 254    12, 5, 20, 10       
                                262, 276              20, 25              
олон улсын байгууллага          18, 193, 206          17, 13, 7           
гадаадын иргэн                  18                    29                  
харьяалалгүй хүн                18                    31                  
тодорхойлолт                    19                    6                   
хэрэглэгч                       20, 141, 147, 177     3, 7, 11, 18        
хүн                             21, 22, 23, 24        17, 8, 17, 23       
                                25, 26, 26, 31        16, 15, 18, 13      
                                34, 35, 35, 36        7, 7, 26, 7         
                                39, 48, 51, 52        11, 11, 13, 13      
                                54, 55, 58, 67        5, 10, 9, 8         
                                72, 76, 85, 97        42, 4, 28, 19       
                                99, 101, 134, 137     19, 17, 18, 3       
                                148, 150, 152, 152    3, 5, 11, 20        
                                153, 153, 155, 163    3, 21, 21, 5        
                                164, 165, 168, 178    20, 16, 22, 7       
                                179, 179, 227, 247    11, 16, 8, 12       
                                250, 250, 255, 256    3, 44, 10, 10       
                                267, 276              3, 9                
гүйцэтгэгч                      21, 23, 80, 241       18, 18, 11, 27      
                                262                   10                  
тал                             21, 23, 36, 94        27, 22, 12, 20      
                                95, 105, 106, 114     18, 19, 19, 6       
                                115, 116, 121, 122    12, 12, 15, 15      
                                124, 134, 139, 162    6, 27, 19, 9        
                                173, 177, 182, 190    8, 12, 11, 9        
                                204, 210, 211, 213    11, 6, 25, 16       
                                222, 227, 230, 240    6, 21, 6, 5         
                                251, 252              21, 21              
талууд                          21, 23, 36, 94        27, 22, 12, 20      
                                95, 105, 106, 114     18, 19, 19, 6       
                                115, 116, 121, 122    12, 12, 15, 15      
                                124, 134, 139, 162    6, 27, 19, 9        
                                173, 177, 182, 190    8, 12, 11, 9        
                                204, 210, 211, 213    11, 6, 25, 16       
                                222, 227, 230, 240    6, 21, 6, 5         
                                251, 252              21, 21              
үр                              22, 27, 28, 34        29, 38, 38, 28      
                                36, 95, 111, 112      29, 16, 19, 19      
                                139, 139, 149, 165    13, 31, 8, 33       
                                167, 169, 182, 193    9, 22, 9, 19        
                                200, 202, 212, 219    37, 7, 18, 13       
                                227                   19                  
шинжээч                         23, 24, 155, 156      24, 25, 23, 32      
                                269                   5                   
салбар                          24, 59, 136, 144      20, 2, 5, 5         
                                174, 175, 201, 207    13, 13, 2, 7        
                                207, 211, 212, 214    13, 2, 2, 6         
                                216, 217, 232         2, 8, 19            
гэрлэлт                         24, 35, 153, 153      26, 16, 5, 9        
шууд ялгаварлан гадуурхалт      25                    2                   
төсөв                           25, 37, 196, 211      12, 11, 7, 10       
                                211                   18                  
шуудан                          26, 44, 44, 269       2, 10, 12, 6        
стандарт                        26, 140, 180, 232     10, 9, 16, 11       
бэлэг                           27, 27, 27, 28        8, 24, 53, 8        
                                28, 28, 30, 147       24, 53, 10, 3       
ажил                            27, 28, 35, 51        27, 27, 11, 7       
                                52, 59, 74, 88        7, 14, 8, 39        
                                89, 91, 92, 94        39, 9, 9, 13        
                                96, 98, 105, 106      13, 6, 3, 3         
                                115, 116, 118, 119    4, 4, 4, 4          
                                121, 122, 125, 126    16, 16, 7, 7        
                                128, 129, 134, 134    4, 4, 21, 28        
                                135, 138, 139, 139    8, 6, 12, 30        
                                157, 179, 180, 185    7, 10, 5, 6         
                                188, 191, 192, 194    30, 17, 16, 27      
                                195, 198, 200, 202    7, 12, 36, 6        
                                203, 204, 216, 220    5, 16, 9, 22        
                                248, 248              8, 15               
тушаал                          27, 28, 31, 35        29, 29, 9, 13       
                                76, 99, 262           9, 5, 6             
монгол улсын олон улсын гэрээ   36, 88, 89            17, 9, 9            
хөгжлийн бодлого                37, 174, 175, 178     17, 14, 14, 3       
                                211, 223              5, 17               
хөтөлбөр                        37, 57, 83, 95        9, 10, 22, 10       
                                111, 112, 138, 140    16, 16, 21, 13      
                                174, 174, 175, 175    16, 30, 16, 30      
                                191, 193, 194, 205    7, 11, 17, 10       
                                211, 213, 220         9, 4, 13            
зам                             37, 147               16, 4               
хүртээмжтэй байдал              38                    17                  
мэдээлэл                        38, 38, 100, 115      2, 13, 9, 14        
                                116, 179, 198, 200    14, 20, 9, 21       
                                201, 231, 231, 239    6, 7, 11, 9         
                                255, 256, 267         12, 12, 13          
нээлт                           38, 111, 112          16, 21, 21          
урьдчилан сэргийлэх             39, 43, 105, 106      25, 4, 12, 12       
                                108, 109, 128, 129    9, 9, 12, 12        
                                146, 147, 169         15, 6, 15           
бэлгийн дарамт                  42, 105, 106, 108     4, 9, 9, 7          
                                109, 111, 112, 115    7, 7, 7, 10         
                                116, 118, 119, 125    10, 10, 10, 13      
                                126, 128, 129, 169    13, 10, 10, 13      
хохирогч                        43                    8                   
гэрч                            43                    9                   
аюул                            43, 91, 92            10, 27, 27          
журам                           43, 108, 109, 131     17, 16, 16, 3       
                                132, 181, 214, 251    3, 10, 13, 30       
                                252, 254              30, 18              
эрүүл мэнд                      46, 91, 92            7, 23, 23           
үйлчилгээ                       46, 51, 52, 74        12, 8, 8, 9         
                                74, 83, 142, 143      18, 2, 23, 24       
                                145, 149, 150         10, 3, 20           
эмнэлэг                         47                    5                   
газар                           47, 72, 77, 78        11, 20, 13, 17      
                                78, 78, 104, 167      29, 41, 23, 13      
                                172, 173, 183, 189    10, 2, 2, 12        
                                205, 208, 213, 231    17, 6, 25, 17       
                                241, 274              4, 14               
сууц                            48                    2                   
сонгогч                         48, 51, 52, 97        12, 14, 14, 20      
                                101, 101, 134, 134    3, 13, 3, 12        
төрийн бус байгууллага          49, 215, 220, 241     6, 15, 32, 22       
зохион байгуулагч               50, 179, 191, 194     9, 14, 18, 28       
                                195, 198, 200, 204    8, 13, 29, 17       
                                217, 235, 269         14, 12, 17          
спорт                           50                    6                   
боловсролын байгууллага         51, 52                3, 3                
арга хэмжээ                     54, 55, 59, 98        10, 27, 8, 30       
                                105, 106, 121, 122    21, 21, 28, 28      
                                145, 150, 178, 179    14, 24, 12, 26      
                                263                   7                   
мэргэжил                        59, 71, 91, 92        15, 14, 10, 10      
                                99, 103, 134, 137     8, 7, 20, 8         
                                137, 140, 152, 232    20, 5, 21, 21       
хөнгөлөлт                       59                    23                  
сургалтын байгууллага           60, 138, 139, 143     5, 2, 2, 10         
гишүүн                          66                    11                  
сонгуульд нэр дэвшигч           67                    3                   
санхүүгийн дэмжлэг              67                    16                  
ажилгүй                         71, 91, 92, 97        11, 32, 32, 2       
                                101, 101, 134, 134    6, 18, 6, 14        
                                183, 208              4, 4                
мэргэшил                        71, 99, 103           15, 12, 8           
нутгийн өөрөө удирдах байгууллага  72, 221, 222          7, 9, 7             
эд хөрөнгө                      72, 156               26, 4               
захиргаа                        72, 72, 78, 207       2, 5, 2, 10         
                                209, 210, 218, 219    10, 8, 2, 2         
                                220                   2                   
удирдлага                       72, 78, 159, 160      18, 25, 8, 8        
                                183, 186, 192, 232    20, 12, 19, 24      
хөрөнгө                         72, 74, 146, 156      29, 6, 20, 11       
                                165                   37                  
зээл                            72                    33                  
хуулийн этгээд                  73                    5                   
орон нутгийн өмч                74                    3                   
бараа                           74                    7                   
сум                             77, 78, 104, 218      21, 35, 18, 13      
                                227, 274              2, 16               
нийслэл                         78, 218, 218, 226     36, 25, 29, 11      
                                227, 274              3, 17               
шүүхийн шийдвэр                 80                    9                   
тохиолдол                       83, 83, 85, 85        13, 31, 14, 38      
                                88, 89, 96, 102       18, 18, 12, 10      
                                121, 122              12, 12              
хамтын удирдлагын байгууллага   84                    16                  
зөвлөл                          84, 169, 201, 214     8, 27, 4, 7         
                                229, 230, 232         11, 9, 20           
комисс                          84, 250, 267          9, 6, 6             
төсвийн байгууллага             85                    3                   
ажилтан                         85, 88, 89, 91        6, 38, 38, 8        
                                92, 95, 98, 99        8, 19, 11, 3        
                                100, 102, 102, 102    11, 5, 12, 21       
                                103, 114, 124, 125    6, 7, 7, 3          
                                126, 131, 132, 248    3, 13, 13, 7        
төрийн байгууллага              86, 194, 241          7, 9, 17            
хөдөлмөрийн харилцаа            88, 89, 94, 105       3, 3, 6, 5          
                                106, 108, 109, 111    5, 3, 3, 3          
                                112, 115, 116, 118    3, 6, 6, 6          
                                119, 125, 126, 128    6, 9, 9, 6          
                                129                   6                   
хамтын гэрээ                    91, 92, 251, 252      2, 2, 12, 12        
хамтын хэлэлцээр                91, 92                4, 4                
нэмэгдэл                        91, 92                35, 35              
сул орон тоо                    96                    15                  
нэгж                            97, 104               9, 3                
үнэлгээ                         98, 140, 157, 183     25, 26, 21, 10      
мэргэжлийн сургалт              100                   4                   
хүсэлт                          101                   10                  
зах зээл                        103                   12                  
тайлан                          104, 166, 167, 169    10, 2, 14, 28       
                                170, 201              13, 5               
гомдол                          108, 109, 118, 119    14, 14, 18, 18      
                                168, 233, 243, 244    16, 8, 10, 10       
                                245, 246, 247, 249    9, 17, 35, 9        
                                250, 251, 251, 252    35, 7, 22, 7        
                                252, 255, 256, 267    22, 4, 4, 8         
тайлбар                         118, 119, 134         20, 20, 31          
харилцагч                       125, 126              5, 5                
үйлчлүүлэгч                     125, 126              6, 6                
ажил олгогч                     131, 132, 262         10, 10, 29          
захиргааны байгууллага          135, 209, 210, 218    6, 14, 12, 6        
                                220                   6                   
шалгуур үзүүлэлт                139                   42                  
суралцагч                       140                   14                  
агуулах                         140                   23                  
боловсролын түвшин              142                   7                   
халдвар                         147                   5                   
гэрээ                           153, 157, 157, 183    6, 5, 18, 7         
орлого                          156                   17                  
аж ахуй эрхлэгч                 157                   10                  
ахмад настан                    157                   14                  
зохиогч                         159, 160, 203         9, 9, 8             
илтгэл                          166, 168              3, 26               
дүгнэлт                         166, 201, 211         8, 8, 31            
жендэрийн ялгаварлан гадуурхалт  169, 248              10, 10              
улсын хөгжлийн жилийн төлөвлөгөө  174, 175              8, 8                
статистикийн мэдээлэл           177, 212              3, 8                
заавар                          181                   9                   
зөвлөмж                         181, 193, 213         11, 17, 22          
систем                          183                   14                  
санал                           189, 196, 197         9, 9, 8             
хяналт тавих                    191, 194, 223, 233    15, 25, 21, 12      
                                234, 250, 274, 276    10, 28, 26, 28      
төсөл                           194, 197, 213, 213    18, 6, 5, 9         
                                220                   14                  
мэдээллийн сан                  198                   2                   
нэгдсэн сүлжээ                  198                   5                   
зөвлөх                          207                   14                  
үнэлгээний тайлан               213                   20                  
орон нутгийн төсөв              224                   13                  
мэдээ                           231                   6                   
этгээд                          231, 265, 267, 269    20, 4, 30, 9        
шийдвэр                         235, 238              10, 12              
хариуцагч                       241, 262              26, 31              
монгол улсын хүний эрхийн үндэсний комисс  246                   11                  
хөдөлмөрийн сонирхлын маргаан   251, 252              26, 26              
хөдөлмөрийн гэрээ               251, 252, 262         9, 9, 2             
хэлэлцээр                       251, 252              14, 14              
хүний хувийн мэдээлэл           255, 256              17, 17              
саад учруулсан                  267                   28                  
