File: MNCLW00394.txt
Search Method: Trie (MWE + Single-Word)
Total runtime: 0.006979s
Found terms: 1273

Term                            Line                  Word Place          

төрийн ордон                    5                     1                   
хүү                             5, 34, 106, 110       4, 7, 9, 43         
                                111, 111, 115, 207    11, 46, 21, 10      
мөнгө угаах                     6, 7, 14, 86          1, 1, 5, 7          
                                108, 135, 136, 145    5, 3, 3, 13         
                                149, 164, 179, 187    13, 6, 13, 7        
                                187, 195, 217, 221    19, 6, 6, 4         
                                222, 226, 237, 238    4, 8, 16, 25        
                                241, 270, 270, 311    9, 5, 41, 6         
                                317, 348              10, 5               
терроризмыг санхүүжүүлэх        6, 7, 14, 15          4, 4, 8, 6          
                                16, 19, 86, 108       4, 4, 9, 8          
                                135, 136, 145, 149    6, 6, 16, 4         
                                149, 150, 164, 179    16, 4, 9, 4         
                                179, 187, 187, 195    16, 10, 22, 9       
                                215, 217, 221, 222    4, 9, 7, 7          
                                226, 237, 238, 241    11, 19, 28, 12      
                                251, 252, 270, 270    4, 4, 15, 44        
                                295, 298, 299, 303    4, 4, 4, 4          
                                305, 306, 309, 311    4, 4, 4, 9          
                                317, 348, 354, 355    13, 8, 4, 4         
урьдчилан сэргийлэх             14, 19, 19, 29        11, 7, 19, 18       
                                53, 54, 128, 129      1, 1, 3, 3          
                                164, 238, 299, 317    11, 32, 7, 16       
                                348                   20                  
үйл ажиллагаа                   14, 19, 33, 33        13, 22, 22, 45      
                                34, 36, 53, 54        9, 7, 3, 3          
                                74, 75, 75, 83        5, 6, 16, 3         
                                83, 86, 98, 100       11, 12, 11, 9       
                                108, 118, 118, 122    10, 17, 23, 10      
                                128, 129, 132, 150    5, 5, 3, 15         
                                156, 157, 160, 161    17, 17, 6, 6        
                                164, 164, 165, 166    3, 13, 9, 4         
                                167, 168, 169, 187    5, 4, 5, 40         
                                224, 230, 238, 242    23, 12, 16, 7       
                                244, 244, 245, 247    4, 10, 4, 4         
                                273, 273, 285, 314    4, 13, 5, 5         
                                328, 333, 336, 342    12, 13, 17, 6       
                                367, 368              8, 6                
этгээд                          16, 16, 23, 29        15, 20, 32, 5       
                                29, 38, 38, 41        24, 7, 10, 8        
                                55, 56, 75, 83        5, 2, 2, 14         
                                85, 86, 102, 105      5, 5, 7, 7          
                                109, 114, 114, 118    14, 13, 20, 5       
                                120, 122, 128, 129    16, 5, 10, 10       
                                131, 138, 139, 145    5, 12, 12, 5        
                                148, 152, 154, 156    5, 5, 5, 12         
                                157, 160, 160, 161    12, 2, 21, 2        
                                161, 175, 178, 180    21, 5, 5, 11        
                                183, 185, 187, 188    5, 5, 5, 9          
                                188, 189, 192, 193    22, 3, 5, 5         
                                195, 197, 197, 199    28, 5, 22, 5        
                                200, 203, 204, 207    5, 5, 12, 5         
                                212, 212, 215, 218    8, 30, 20, 10       
                                222, 224, 226, 226    23, 5, 5, 27        
                                228, 228, 230, 232    23, 35, 5, 5        
                                235, 237, 238, 239    5, 5, 12, 8         
                                254, 255, 270, 294    8, 5, 23, 5         
                                296, 298, 301, 311    3, 19, 9, 25        
                                313, 319, 321, 321    8, 5, 5, 30         
                                321, 322, 322, 322    50, 5, 30, 50       
                                329, 330, 331, 333    5, 5, 5, 5          
                                336, 337, 337, 362    5, 10, 26, 6        
                                367, 368, 371         5, 5, 5             
олон улсын гэрээ                17                    12                  
үй олноор хөнөөх зэвсэг дэлгэрүүлэхийг санхүүжүүлэх  19                    12                  
лаг                             19                    10                  
зохицуулалт                     19, 36, 243, 245      11, 21, 18, 11      
                                246                   17                  
тодорхойлолт                    21                    6                   
гэмт хэрг                       23, 23, 270, 270      4, 27, 7, 11        
                                317, 363              26, 22              
гэмт хэрэг                      23, 23, 270, 270      4, 27, 7, 11        
                                317, 363              26, 22              
эд хөрөнгө                      23, 315               52, 16              
эд хөрөнг                       23, 315               52, 16              
хөрөнг                          23, 25, 33, 35        8, 18, 9, 6         
                                41, 48, 64, 71        5, 5, 3, 3          
                                74, 80, 81, 185       10, 2, 2, 26        
                                331                   12                  
хөрөнгө                         23, 25, 33, 35        8, 18, 9, 6         
                                41, 48, 64, 71        5, 5, 3, 3          
                                74, 80, 81, 185       10, 2, 2, 26        
                                331                   12                  
орлог                           23, 33, 34, 35        10, 56, 23, 15      
                                41                    6                   
орлого                          23, 33, 34, 35        10, 56, 23, 15      
                                41                    6                   
баар                            23, 36, 36, 86        42, 16, 22, 18      
                                86, 92, 106, 118      33, 18, 23, 21      
                                152, 187, 217, 238    21, 44, 28, 24      
                                255, 260, 261, 262    14, 16, 16, 12      
                                263, 264, 265, 270    9, 9, 12, 65        
                                295, 336, 354, 355    33, 19, 27, 27      
                                362                   5                   
террорист этгээд                25                    4                   
террорист үйлдэл                25                    6                   
бусад этгээд                    25, 232, 303          16, 22, 22          
үнэт цаас                       27, 73                20, 3               
төлбөр                          27, 28, 28, 28        14, 8, 12, 14       
вексель                         27                    19                  
төлбөрийн карт                  28                    18                  
төлбөр тооцоо                   28, 28, 28, 192       21, 27, 30, 16      
                                193, 249              16, 4               
нэхэмжлэл                       28                    15                  
зээл                            28, 63, 83, 83        25, 2, 2, 10        
хувийн ашиг сонирхл             29                    11                  
ашиг сонирхлын зөрчл            29                    15                  
олон улсын байгууллага          29, 149, 179, 187     32, 10, 10, 16      
                                309, 342              10, 16              
олон улсын байгууллаг           29, 149, 179, 187     32, 10, 10, 16      
                                309, 342              10, 16              
хуулийн этгээд                  33, 33, 33, 33        3, 7, 20, 34        
                                33, 33, 98, 99        38, 50, 9, 10       
                                111, 113, 114, 149    3, 3, 3, 26         
                                150, 183, 185, 228    20, 23, 13, 13      
                                230, 315              16, 13              
хэлцэл                          33                    42                  
зам                             33                    48                  
үр                              33, 34, 35, 145       53, 20, 12, 26      
                                180, 238, 255, 270    25, 35, 27, 39      
                                305, 306              13, 13              
хүн                             33, 34, 34, 34        59, 4, 15, 26       
                                35, 46, 97, 98        18, 28, 10, 5       
                                98, 99, 99, 149       24, 6, 14, 25       
                                150, 183, 185         19, 22, 12          
хэлцл                           35, 35, 75            3, 9, 11            
нэгдсэн хяналт шалгалт          36, 335               23, 24              
гүйцэтгэх удирдлаг              36, 331               4, 15               
гүйцэтгэх удирдлага             36, 331               4, 15               
санхүүгийн байгууллага          36, 58, 115, 315      27, 3, 2, 33        
санхүүгийн байгууллаг           36, 58, 115, 315      27, 3, 2, 33        
банк                            36, 36, 36, 131       2, 30, 31, 16       
                                132, 133, 135, 136    2, 2, 2, 2          
                                141, 142, 142, 143    2, 2, 5, 2          
                                212, 224, 248, 315    17, 20, 2, 32       
зөвшөөрөл                       36, 321, 322          11, 81, 81          
терроризмтой тэмцэх             43, 183, 189, 197     14, 13, 15, 13      
                                199, 295, 349, 358    33, 23, 27, 27      
аж ахуйн үйл ажиллагаа          46, 86                22, 25              
үнэт чулуу                      46, 46                3, 14               
үнэт металл                     46, 260, 261, 263     12, 17, 17, 10      
                                264                   10                  
харилцагч                       48, 70, 89, 102       4, 14, 3, 8         
                                108, 109, 113, 118    2, 6, 20, 7         
                                118, 122, 147, 147    13, 7, 2, 5         
                                156, 157, 160, 161    14, 14, 3, 3        
                                187, 187, 203, 203    34, 36, 6, 11       
                                212, 215, 234, 241    18, 21, 14, 5       
                                242, 243, 244         3, 9, 6             
зөвлөх үйлчилгээ                50, 50                2, 6                
агаар                           50                    8                   
баталгаажуулалт                 50                    9                   
үйлчилгээ                       50, 80, 81, 89        10, 3, 3, 2         
                                120, 183, 241, 243    18, 28, 3, 7        
тал                             56, 100, 107, 113     10, 5, 2, 18        
                                134, 134, 165, 170    4, 11, 5, 4         
                                180, 191, 199, 203    6, 4, 25, 12        
                                220, 295, 296, 299    3, 38, 28, 9        
                                303, 311, 348, 366    13, 40, 22, 3       
талууд                          56, 100, 107, 113     10, 5, 2, 18        
                                134, 134, 165, 170    4, 11, 5, 4         
                                180, 191, 199, 203    6, 4, 25, 12        
                                220, 295, 296, 299    3, 38, 28, 9        
                                303, 311, 348, 366    13, 40, 22, 3       
мэдээлл                         56, 92, 102, 107      16, 9, 16, 5        
                                112, 120, 131, 152    24, 9, 22, 17       
                                154, 185, 189, 192    21, 44, 8, 23       
                                192, 193, 193, 195    36, 23, 36, 42      
                                197, 197, 197, 199    23, 25, 36, 27      
                                200, 206, 212, 212    9, 2, 2, 25         
                                215, 217, 219, 224    14, 17, 10, 7       
                                228, 230, 232, 232    29, 8, 11, 17       
                                234, 234, 250, 250    2, 17, 4, 8         
                                258, 259, 269, 270    19, 9, 4, 2         
                                270, 270, 272, 273    30, 53, 2, 2        
                                275, 276, 279, 282    2, 2, 2, 2          
                                282, 282, 283, 284    7, 16, 2, 2         
                                285, 285, 288, 290    2, 12, 2, 15        
                                291, 292, 293, 294    9, 4, 2, 20         
                                295, 298, 311, 313    13, 7, 2, 2         
                                314, 315, 317, 321    2, 2, 2, 76         
                                322, 328, 333, 337    76, 9, 28, 2        
                                339, 339, 340, 342    2, 10, 13, 2        
                                343, 343, 348, 349    2, 14, 2, 37        
                                350, 358, 360         9, 37, 8            
даатгалын мэргэжлийн оролцогч   59                    3                   
хөрөнгө оруулалтын менежментийн компан  60                    4                   
хөрөнгө оруулалтын менежментийн компани  60                    4                   
сан                             60, 338               3, 4                
зах зээл                        62                    3                   
мэргэжлийн байгууллаг           62                    6                   
мэргэжлийн байгууллага          62                    6                   
оролцогч                        62, 134, 199, 332     5, 10, 24, 3        
хоршоо                          63                    3                   
үл хөдлөх эд хөрөнг             64                    12                  
үл хөдлөх эд хөрөнгө            64                    12                  
байгууллаг                      64, 181, 181, 185     17, 4, 10, 33       
                                199, 204, 220, 221    38, 17, 7, 23       
                                224, 224, 246, 246    12, 29, 3, 11       
                                250, 254, 270, 270    14, 16, 58, 67      
                                275, 287, 288, 289    9, 7, 8, 5          
                                290, 291, 294, 295    10, 7, 16, 28       
                                311, 315, 317, 321    32, 40, 21, 87      
                                322, 328, 332, 332    87, 7, 16, 24       
                                333, 335, 341, 343    24, 18, 7, 8        
                                349, 349, 349, 354    15, 17, 32, 12      
                                355, 358, 358, 358    12, 5, 21, 32       
                                363                   31                  
байгууллага                     64, 181, 181, 185     17, 4, 10, 33       
                                199, 204, 220, 221    38, 17, 7, 23       
                                224, 224, 246, 246    12, 29, 3, 11       
                                250, 254, 270, 270    14, 16, 58, 67      
                                275, 287, 288, 289    9, 7, 8, 5          
                                290, 291, 294, 295    10, 7, 16, 28       
                                311, 315, 317, 321    32, 40, 21, 87      
                                322, 328, 332, 332    87, 7, 16, 24       
                                333, 335, 341, 343    24, 18, 7, 8        
                                349, 349, 349, 354    15, 17, 32, 12      
                                355, 358, 358, 358    12, 5, 21, 32       
                                363                   31                  
үнэт металл, үнэт чулууны, эсхүл тэдгээрээр хийсэн эдлэлийн арилжаа эрхлэгч  67                    14                  
санхүүгийн зөвлөх үйлчилгээ     70                    8                   
хуульч                          70, 321, 322          2, 63, 63           
холбоо                          70, 106, 108, 113     15, 7, 12, 28       
                                195, 232, 270, 270    18, 15, 17, 46      
                                321, 321, 322, 322    64, 66, 64, 66      
хөрөнгийг удирдах               72                    2                   
аж ахуйн нэгж                   75, 224               21, 26              
нэрийн данс                     85                    11                  
эрсдэл                          86, 86, 87, 88        14, 22, 4, 5        
                                89, 90, 92, 118       9, 6, 5, 8          
                                118, 122, 147, 150    12, 18, 4, 11       
                                212, 237, 238, 241    19, 26, 4, 14       
                                242, 243, 321, 322    2, 5, 88, 88        
                                367                   10                  
шалгагч                         92, 234, 279, 282     24, 6, 5, 12        
                                284, 311, 336         7, 5, 11            
даруй                           92, 185, 185, 221     28, 21, 46, 29      
                                222                   25                  
удирдлаг                        99, 111, 134, 228     12, 56, 6, 25       
                                232, 237, 237, 238    7, 14, 27, 5        
                                336, 351, 367         7, 8, 11            
удирдлага                       99, 111, 134, 228     12, 56, 6, 25       
                                232, 237, 237, 238    7, 14, 27, 5        
                                336, 351, 367         7, 8, 11            
журм                            100, 118, 122, 156    15, 29, 16, 29      
                                157, 164, 188, 189    29, 15, 34, 22      
                                192, 193, 195, 199    33, 33, 39, 19      
                                224, 228, 252, 258    16, 9, 11, 16       
                                295, 339, 340         16, 7, 11           
баримт бичг                     102, 110, 110, 111    13, 22, 45, 25      
                                111, 114, 203, 204    48, 28, 24, 6       
                                211, 212, 221, 250    3, 21, 26, 17       
баримт бичиг                    102, 110, 110, 111    13, 22, 45, 25      
                                111, 114, 203, 204    48, 28, 24, 6       
                                211, 212, 221, 250    3, 21, 26, 17       
тохиолдол                       102, 107, 108, 152    2, 10, 15, 28       
                                156, 157, 168, 200    22, 22, 9, 7        
                                217, 234, 284, 291    30, 22, 10, 2       
                                295, 337              11, 5               
мэдээ                           102, 192, 193, 195    15, 32, 32, 38      
                                197, 197, 259, 334    30, 41, 6, 13       
гадаадын валют                  105, 106, 257, 260    16, 35, 10, 20      
                                261, 263, 264         20, 13, 13          
гадаад валют                    105, 106, 257, 260    16, 35, 10, 20      
                                261, 263, 264         20, 13, 13          
тохиолдл                        105                   8                   
арга хэмжээ                     109, 113, 145, 171    16, 31, 28, 2       
                                171, 172, 187, 188    8, 3, 56, 2         
                                188, 188, 219, 238    18, 23, 13, 37      
                                243, 301, 309, 334    16, 2, 17, 7        
                                354, 355, 363, 367    17, 17, 42, 16      
эрх бүхий этгээд                110, 111, 311         27, 30, 43          
иргэн                           110, 226, 228, 230    3, 20, 12, 15       
овг                             110, 113, 114, 115    6, 9, 21, 9         
овог                            110, 113, 114, 115    6, 9, 21, 9         
паспорт                         110                   20                  
шуудан                          110, 111              47, 50              
нотариатч                       110, 111, 321, 322    50, 53, 67, 67      
татвар төлөгчийн дугаар         111                   15                  
улсын бүртгэлийн гэрчилгээ      111                   21                  
улсын бүртгэл                   111                   12                  
газр                            111, 115, 164, 164    10, 20, 21, 28      
                                164, 197, 197, 199    36, 47, 54, 13      
                                207, 259              9, 15               
танилцуулга                     111                   59                  
танилцуулг                      111                   59                  
эцсийн өмчлөгч                  113, 113, 125, 126    7, 16, 16, 16       
итгэмжлэгдсэн төлөөлөгч         114                   6                   
иргэний бүртгэлийн дугаар       115                   15                  
шилжүүлг                        115, 131, 152, 152    5, 9, 10, 29        
шилжүүлэг                       115, 131, 152, 152    5, 9, 10, 29        
хөрөнгийн биржийн бүртгэл       125, 126              9, 9                
захиргааны байгууллага          125, 126              6, 6                
захиргааны байгууллаг           125, 126              6, 6                
компани                         125, 126              12, 12              
компан                          125, 126              12, 12              
хувьцаа                         125, 126              14, 14              
төлбөр тооцоо хийх              131                   10                  
мэдээлэл                        132, 133, 134, 136    7, 8, 17, 16        
                                152, 154, 180, 197    25, 13, 13, 27      
                                197, 199, 203, 204    38, 17, 23, 5       
                                205, 206, 207, 208    6, 8, 12, 5         
                                209, 226, 226, 250    20, 7, 18, 15       
                                270, 270, 299, 317    18, 33, 13, 24      
                                330, 332, 333, 340    18, 31, 30, 7       
                                348                   16                  
шийдвэр                         134, 218, 218, 222    7, 5, 16, 17        
хөтөлбөр                        135, 170, 237, 238    12, 3, 28, 6        
                                239, 240, 251, 252    3, 3, 11, 17        
                                254, 255, 305, 306    3, 22, 18, 18       
                                354, 355              9, 9                
эрсдэлийн үнэлгээ               145, 150, 305, 306    20, 8, 8, 8         
эрсдэлийг бууруулах             145, 238, 243, 348    24, 30, 13, 18      
бүтээгдэхүүн                    145, 241, 243         8, 2, 6             
технологи                       145, 243              9, 2                
технолог                        145, 243              9, 2                
салбар                          150, 239, 277, 280    14, 14, 6, 6        
гуравдагч этгээд                156, 157, 168, 245    19, 19, 6, 6        
санхүүгийн зохицуулах хороо     164, 197, 321, 322    30, 56, 43, 43      
                                335, 349, 358         20, 19, 7           
төсв                            164, 197, 273, 335    17, 43, 15, 12      
гишүүн                          164, 164, 197, 197    22, 29, 48, 55      
санал                           164, 197, 273, 290    38, 60, 19, 12      
                                311, 354, 355, 368    41, 38, 38, 22      
үнэлгээ                         169, 305, 306         2, 12, 12           
жагсаал                         171, 183, 188, 301    4, 20, 4, 4         
хяналт тавих                    175, 214, 247, 251    9, 4, 2, 13         
                                254, 321, 321, 321    12, 13, 38, 58      
                                321, 322, 322, 322    83, 13, 38, 58      
                                322, 329, 330, 332    83, 11, 11, 12      
                                332, 333, 337         20, 20, 17          
тайлбар                         180, 210, 330         14, 10, 19          
хориг арга хэмжээ               181, 188, 246         12, 11, 13          
зөвлөл                          181, 237, 246, 255    6, 10, 5, 9         
                                305, 306, 314, 347    22, 22, 12, 5       
                                348, 349, 350, 351    30, 3, 3, 3         
                                352, 354, 354, 354    3, 25, 29, 34       
                                355, 355, 355, 358    25, 29, 34, 2       
                                360                   2                   
хориг арга хэмжээний жагсаалт   185                   7                   
тагнуулын байгууллаг            185                   41                  
тагнуулын байгууллага           185                   41                  
хөдөлгөөн                       185                   27                  
захиргаа                        187, 253, 335, 349    51, 4, 16, 13       
                                358, 363              19, 6               
тайлан                          188, 314, 330         26, 8, 17           
виртуал хөрөнгө                 192, 193              19, 19              
виртуал хөрөнг                  192, 193              19, 19              
ажл                             192, 193, 217, 234    27, 27, 22, 27      
                                291, 305, 306, 321    12, 24, 24, 17      
                                321, 321, 322, 322    42, 62, 17, 42      
                                322, 337, 350, 360    62, 21, 4, 3        
гэмт хэрэг үйлдэж олсон хөрөнгө, орлог  195                   12                  
гэмт хэрэг үйлдэж олсон хөрөнгө, орлого  195                   12                  
журам                           197, 197, 242, 244    29, 40, 10, 12      
                                247, 248, 249, 250    6, 5, 8, 21         
                                251, 285, 329, 351    21, 9, 15, 5        
бэлэн байдал                    204                   22                  
хүсэлт                          204, 343              18, 10              
тушаал                          207, 371              15, 11              
бусад оролцогч                  209                   14                  
шүүх                            217                   31                  
мэдээлэл цуглуулах              220                   9                   
дотоод мэдээлэл                 224                   17                  
мэргэжл                         224, 224              21, 22              
үйлчлүүлэгч                     224                   25                  
хуулийн этгээдийн мэдээлэл      226                   21                  
ажилтан                         228, 232, 234, 315    26, 8, 8, 5         
                                331, 336              17, 8               
шинжээч                         234, 279, 282, 284    7, 6, 13, 8         
охин компани                    239                   16                  
охин компан                     239                   16                  
нэгж                            239, 255              15, 18              
эрх бүхий албан тушаалтн        251, 371              15, 6               
монгол улсын хил                257, 260, 261, 263    16, 22, 22, 17      
                                264                   17                  
санхүүгийн хэрэгсэл             257                   12                  
цахим мөнг                      257                   14                  
цахим мөнгө                     257                   14                  
гаалийн мэдүүлэг                257                   24                  
гаалийн мэдүүлг                 257                   24                  
гаалийн байгууллага             258, 349, 358         10, 34, 34          
гаалийн байгууллаг              258, 349, 358         10, 34, 34          
мэдүүлг                         258, 259              9, 5                
мэдүүлэг                        258, 259              9, 5                
гадаадын иргэн                  260, 261              4, 4                
харьяалалгүй хүн                260, 261              6, 6                
төрийн байгууллага              267, 268, 284         1, 1, 20            
төрийн байгууллаг               267, 268, 284         1, 1, 20            
батлан даалт                    278, 281              4, 4                
гэрээ                           278, 281, 332         6, 6, 25            
хяналт шалгалт                  284, 289, 303, 303    11, 13, 11, 17      
                                303, 333, 336, 363    24, 11, 15, 15      
заавр                           285                   10                  
мэдээллийн сан                  294, 295, 339, 340    17, 39, 12, 5       
бэлэн бус мөнгөний гүйлгээ      295                   34                  
ерөнхий мэдээлэл                296                   19                  
зөвлөмж                         309, 329, 348         14, 17, 23          
зөвшөөрл                        311, 363, 368, 368    36, 18, 9, 19       
нийгмийн даатгал                315                   19                  
хөрөнгө оруулалт                315                   26                  
мэргэшсэн нягтлан бодогч        321, 322              69, 69              
өмгөөлөгч                       321, 322              65, 65              
инститт                         321, 322              74, 74              
институт                        321, 322              74, 74              
газар                           329, 354, 355         6, 41, 41           
удирдамж@@                      329                   14                  
заавар                          329                   16                  
нөлөө бүхий хувьцаа эзэмшигч    331                   6                   
нийтэд түгээх                   334                   14                  
прокурор                        349, 358              16, 4               
эрх бүхий албан тушаалтан       363                   32                  
