File: MNCLW00359.txt
Search Method: Aho-Corasick
Total runtime: 0.000486s
Found terms: 71

Term                            Line                  Word Place          

хүү                             5                     2                   
монгол улсын нэгдсэн төсв       6                     1                   
төсвийн хүрээний мэдэгдэл       6, 7, 8, 10           7, 9, 5, 1          
төсв                            6, 7, 8, 8            12, 14, 8, 160      
                                11, 80                1, 7                
нэгдсэн төсв                    7, 8, 8, 8            5, 55, 75, 113      
                                35, 44, 62            1, 1, 1             
нэгдсэн төсвийн тэнцвэржүүлсэн орлого  8, 26                 36, 1               
нэгдсэн төсвийн тэнцвэржүүлсэн орлог  8, 26                 36, 1               
нэгдсэн төсвийн тэнцвэржүүлсэн тэнцэл  8, 53                 95, 1               
засгийн газрын өр               8, 71                 132, 1              
үнэ цэн                         8, 71                 138, 7              
үнэ цэнэ                        8, 71                 138, 7              
нийгмийн халамж                 8, 80                 154, 1              
этгээд                          8, 9                  1, 1                
баар                            8, 16                 20, 4               
бүтээгдэхүүн                    8, 8, 8, 8            48, 68, 88, 106     
                                8, 8, 8, 30           125, 147, 172, 3    
                                39, 48, 57, 66        3, 3, 3, 3          
                                75, 84                3, 3                
зарлаг                          8, 8, 35, 44          58, 78, 4, 4        
зарлага                         8, 8, 35, 44          58, 78, 4, 4        
зарлг                           8, 8, 35, 44          58, 78, 4, 4        
зарлиг                          8, 8, 35, 44          58, 78, 4, 4        
хөрөнгө                         8, 62                 115, 3              
хөрөнг                          8, 62                 115, 3              
