File: MNCLW00276.txt
Search Method: Aho-Corasick
Total runtime: 0.001101s
Found terms: 78

Term                            Line                  Word Place          

тэтгэврийн даатгалын шимтгэлийг нөхөн төлүүлэх  7, 10, 11, 23         5, 8, 5, 4          
                                26, 27, 29            8, 8, 8             
малчин                          7, 9, 10, 16          1, 27, 4, 29        
                                19, 21, 22, 26        14, 13, 10, 4       
                                31, 34, 36            8, 2, 7             
ажил                            9, 16, 22, 27         15, 17, 7, 13       
үйлчилгээ                       9, 16                 16, 18              
тэтгэвэр                        9, 9, 11, 16          19, 31, 33, 21      
                                16, 19, 24, 31        33, 25, 12, 14      
                                36                    13                  
нийгмийн даатгалын сан          11, 28                29, 11              
нийгмийн даатгал                11, 27                25, 14              
тэтгэмж                         11                    34                  
тодорхойлолт                    12, 33                7, 18               
хэрэглэгч                       13                    3                   
иргэн                           14, 15, 19, 24        10, 12, 29, 7       
                                27, 28, 29, 31        7, 7, 7, 7          
                                36                    5                   
эрх бүхий этгээд                16, 24                36, 18              
үйлчлэгч                        18, 19, 34            5, 3, 6             
этгээд                          18                    7                   
хувиараа хөдөлмөр эрхлэгч       19, 22, 31, 34        17, 13, 9, 11       
                                36                    8                   
зохион байгуулагч               27                    21                  
байгууллага                     27                    19                  
хариуцагч                       27                    20                  
журам                           29                    13                  
газар                           29                    15                  
баримт бичиг                    30                    5                   
сум                             33, 36                14, 21              
албан татвар                    34                    18                  
мал                             34, 35                9, 5                
хүн                             34                    16                  
орлого                          34                    17                  
аж ахуйн нэгж                   35                    2                   
нийгмийн даатгалын байгууллага  36                    23                  
хүсэлт                          36                    18                  
мөрдөгч                         38                    19                  
