File: MNCLW00277.txt
Search Method: Trie (MWE + Single-Word)
Total runtime: 0.020324s
Found terms: 1070

Term                            Line                  Word Place          

малын генетик нөөц              6, 13, 14, 27         1, 3, 3, 11         
                                31, 39, 41, 53        6, 3, 1, 31         
                                54, 55, 55, 65        10, 8, 18, 18       
                                66, 67, 69, 70        12, 19, 16, 19      
                                72, 72, 111, 114      9, 18, 19, 27       
                                128, 129, 132, 141    12, 13, 4, 5        
                                141, 147, 161, 166    11, 12, 11, 4       
                                168, 182, 184, 185    19, 25, 19, 3       
                                187, 204, 230, 231    1, 11, 30, 3        
                                233, 236, 237, 239    1, 16, 16, 15       
                                240, 243, 246, 254    10, 12, 10, 8       
                                255, 260, 268, 274    10, 14, 8, 6        
                                275, 278, 279, 301    5, 6, 6, 4          
нийтлэх                         7, 9                  3, 1                
тэжээвэр амьтан                 11                    11                  
генетик нөөц                    11, 12, 13, 14        16, 4, 30, 30       
                                19, 24, 27, 42        2, 2, 2, 4          
                                43, 47, 53, 68        2, 2, 2, 4          
                                69, 77, 91, 98        2, 2, 2, 2          
                                104, 106, 109, 145    2, 2, 2, 4          
                                146, 160, 161, 176    2, 2, 2, 2          
                                188, 189, 198, 199    4, 2, 9, 9          
                                214, 234, 235, 236    2, 4, 4, 2          
                                237, 239, 240, 244    2, 2, 2, 2          
                                258, 271, 272, 280    2, 4, 2, 2          
                                286, 287, 291, 292    4, 2, 2, 2          
                                293, 300, 305, 308    2, 2, 2, 2          
мал                             11, 11, 18, 22        5, 14, 8, 8         
                                24, 25, 28, 30        5, 5, 17, 4         
                                30, 30, 32, 33        8, 23, 3, 5         
                                34, 49, 49, 50        5, 6, 14, 5         
                                51, 57, 59, 60        17, 6, 7, 2         
                                63, 64, 65, 67        14, 10, 2, 9        
                                72, 79, 93, 95        33, 6, 8, 5         
                                96, 99, 99, 101       8, 10, 26, 2        
                                101, 103, 105, 107    21, 17, 2, 5        
                                109, 112, 112, 117    11, 3, 4, 14        
                                117, 131, 131, 131    18, 3, 8, 20        
                                138, 140, 158, 162    11, 15, 7, 15       
                                164, 164, 164, 164    5, 36, 43, 53       
                                164, 164, 165, 165    58, 78, 8, 19       
                                165, 165, 166, 171    25, 47, 13, 7       
                                172, 173, 173, 175    5, 2, 6, 11         
                                175, 177, 178, 179    17, 9, 7, 4         
                                184, 184, 193, 193    4, 16, 2, 7         
                                194, 195, 201, 203    17, 16, 5, 11       
                                204, 205, 209, 209    4, 16, 8, 17        
                                210, 210, 210, 211    2, 5, 17, 4         
                                211, 212, 212, 214    12, 17, 20, 11      
                                218, 221, 226, 228    7, 2, 4, 3          
                                229, 239, 239, 241    11, 37, 46, 11      
                                241, 242, 242, 242    33, 9, 15, 19       
                                242, 243, 243, 245    25, 7, 20, 9        
                                246, 247, 251, 252    5, 10, 2, 3         
                                253, 255, 255, 256    9, 5, 25, 6         
                                261, 262, 262, 263    9, 5, 14, 7         
                                279, 294, 298, 303    10, 21, 11, 8       
                                310, 317              7, 15               
хяналт шалгалт                  13, 14                26, 26              
амьтан                          13, 14, 23, 23        13, 13, 2, 15       
                                32                    4                   
ургамал                         13, 14                14, 14              
бүтээгдэхүүн                    13, 14, 18, 24        19, 19, 11, 8       
                                25, 45, 52, 85        3, 2, 7, 7          
                                112, 124, 140, 179    8, 9, 3, 2          
                                179, 192, 195, 196    8, 2, 2, 2          
                                217, 221, 222, 223    11, 11, 7, 4        
                                224, 228, 230, 262    2, 6, 6, 18         
                                299, 299              3, 8                
мөрдөгч                         16, 170, 182, 210     17, 14, 21, 16      
                                322                   12                  
уламжлалт мэдлэг                18, 19, 19, 24        15, 5, 14, 12       
                                47, 55, 106, 260      5, 12, 5, 18        
үйлчлэгч                        18                    19                  
мэдээллийн сан                  19, 258               10, 5               
тодорхойлолт                    20, 105, 124, 179     6, 9, 13, 14        
                                222, 262              10, 10              
хэрэглэгч                       21, 111, 112          3, 11, 20           
мэдээлэл                        25, 26, 49, 53        7, 17, 42, 4        
                                53, 53, 53, 67        13, 15, 18, 6       
                                160, 180, 250, 258    8, 8, 18, 9         
                                260                   12                  
агуулах                         25, 114               8, 24               
үр                              25, 31, 57, 60        15, 13, 15, 11      
                                86, 92, 117, 155      13, 4, 4, 4         
                                159, 160, 164, 164    6, 6, 16, 28        
                                218, 223, 252, 259    8, 24, 9, 7         
сорьц                           25, 29, 135, 217      17, 12, 13, 13      
малын генетик нөөцийг ашиглах   26, 73, 75, 128       4, 3, 1, 5          
үнэлгээ                         27, 46, 50, 56        7, 4, 13, 6         
                                57, 58, 59, 60        4, 3, 5, 14         
                                63, 66, 67, 84        3, 6, 4, 8          
                                86, 164, 223, 296     7, 23, 30, 4        
сонгогч                         28, 93, 96, 99        13, 7, 13, 11       
                                164, 171, 251, 261    39, 10, 14, 17      
                                304                   3                   
малын үржүүлгийн бүтээгдэхүүн   29, 135, 202, 218     9, 4, 15, 16        
генийн сан                      29, 140, 213, 214     2, 17, 5, 13        
                                215, 217, 218, 221    3, 17, 21, 14       
                                223, 230, 292         5, 3, 9             
цуглуулга                       29, 217               14, 14              
генетик нөөц ашиглах            31, 76, 113           2, 4, 4             
үйл ажиллагаа                   31, 53, 55, 67        18, 29, 15, 17      
                                114, 118, 128, 146    15, 4, 9, 6         
                                161, 164, 165, 169    20, 76, 36, 17      
                                178, 184, 189, 198    15, 30, 6, 6        
                                199, 204, 212, 230    6, 6, 27, 25        
                                231, 233, 234, 235    6, 4, 6, 6          
                                239, 240, 246, 247    4, 13, 17, 23       
                                255, 278, 281, 286    17, 9, 9, 6         
                                287, 291, 300, 308    4, 4, 4, 4          
                                316                   2                   
шинжээч                         31, 131, 164, 190     10, 11, 18, 3       
                                219, 301, 310, 319    4, 9, 13, 10        
албан татвар                    33, 34                8, 8                
этгээд                          33, 34, 38, 49        3, 3, 2, 8          
                                158, 176, 264         23, 11, 2           
иргэн                           38, 114, 132          4, 18, 13           
улсын бүртгэлийн дугаар         49, 52                11, 19              
хөдөлгөөн                       49                    39                  
даатгагч                        50                    6                   
зээл                            50                    9                   
хөрөнгө                         50                    12                  
мал бүхий этгээд                51, 60, 91, 98        14, 22, 6, 6        
                                164, 175, 179, 203    65, 26, 25, 34      
                                207, 208, 250, 308    7, 5, 8, 9          
хуулийн этгээд                  51, 60, 91, 98        19, 25, 9, 9        
                                114, 132, 147, 164    19, 14, 10, 68      
                                165, 175, 179, 207    17, 29, 28, 10      
                                208, 250, 308, 320    8, 11, 12, 5        
үйлчилгээ                       51, 58, 60, 81        11, 18, 19, 5       
                                93, 93, 100, 101      5, 12, 7, 14        
                                102, 117, 146, 162    5, 2, 24, 19        
                                163, 164, 165, 165    7, 82, 2, 29        
                                165, 165, 166, 169    32, 51, 17, 5       
                                170, 175, 177, 181    10, 9, 13, 5        
                                181, 182, 182, 184    13, 9, 18, 13       
                                203, 212, 212, 212    41, 5, 13, 16       
                                225, 227, 230, 239    9, 3, 23, 50        
                                240, 247, 248, 249    21, 14, 5, 5        
                                256, 261, 263, 266    5, 5, 11, 4         
                                268, 317              5, 8                
нэгж                            51, 53, 58, 60        12, 41, 19, 20      
                                93, 100, 101, 146     6, 8, 15, 25        
                                161, 165, 165, 169    23, 30, 33, 6       
                                170, 181, 184, 184    11, 6, 14, 29       
                                203, 212, 239, 240    42, 14, 52, 38      
                                241, 247, 248, 261    6, 15, 6, 6         
                                263, 317              12, 9               
малчин                          51, 60, 91, 98        13, 21, 5, 5        
                                110, 164, 175, 179    9, 64, 25, 24       
                                203, 207, 208, 250    33, 6, 4, 7         
                                308                   8                   
сум                             51, 105, 106, 107     23, 10, 7, 8        
                                169, 180, 181, 239    9, 9, 20, 40        
                                247, 267              4, 2                
ажилгүй                         51, 82, 85, 105       26, 2, 2, 13        
                                106, 107, 159, 167    10, 11, 2, 3        
                                180, 181, 210, 239    12, 23, 3, 32       
                                239, 243, 243, 245    43, 4, 8, 4         
                                246, 247, 254, 255    6, 7, 4, 6          
                                260, 267, 310, 317    2, 5, 10, 4         
хариуцагч                       51, 52, 53, 54        29, 34, 42, 21      
                                72, 102, 141, 183     13, 10, 20, 10      
                                239, 239, 243, 245    35, 53, 19, 7       
                                308                   14                  
байгууллага                     51, 52, 53, 54        34, 32, 39, 18      
                                58, 61, 66, 67        8, 14, 20, 27       
                                69, 70, 72, 109       24, 27, 26, 9       
                                114, 121, 128, 129    35, 11, 20, 21      
                                132, 141, 146, 147    12, 19, 19, 5       
                                161, 162, 165, 166    9, 12, 45, 12       
                                166, 176, 178, 178    24, 10, 5, 21       
                                184, 192, 198, 199    27, 5, 16, 16       
                                202, 204, 214, 214    9, 19, 9, 22        
                                220, 230, 234, 235    7, 24, 9, 9         
                                236, 237, 239, 239    9, 9, 23, 28        
                                239, 240, 242, 244    36, 9, 5, 9         
                                245, 258, 268, 272    8, 12, 16, 9        
                                274                   14                  
ашиглалт                        52, 154, 176, 205     22, 10, 4, 14       
                                224, 298              8, 4                
гүйцэтгэгч                      52, 60, 66, 121       35, 28, 24, 10      
                                146, 239, 314         26, 54, 3           
мэдээллийн нэгдсэн сан          53, 224, 292          22, 12, 5           
хангагч                         53, 67, 153, 165      19, 31, 3, 12       
                                177, 203, 209, 210    17, 26, 16, 22      
                                212, 224, 227, 240    26, 7, 12, 27       
                                244, 247, 260, 263    21, 18, 13, 26      
                                316, 316              11, 16              
сан                             53, 54, 62, 160       27, 6, 12, 11       
                                240, 250              33, 24              
захиргаа                        53, 54, 66, 67        37, 16, 18, 25      
                                69, 70, 72, 109       22, 25, 24, 7       
                                114, 128, 129, 132    33, 18, 19, 10      
                                141, 161, 166, 184    17, 7, 10, 25       
                                198, 199, 202, 204    14, 14, 7, 17       
                                214, 236, 237, 239    7, 7, 7, 21         
                                240, 244, 268, 272    7, 7, 14, 7         
                                274                   12                  
захиргааны байгууллага          54, 183               23, 12              
журам                           54, 55, 65, 107       9, 7, 12, 2         
                                111, 112, 168, 182    18, 16, 18, 23      
                                201, 203, 230, 275    10, 52, 18, 4       
газар                           55, 65, 70, 71        24, 24, 34, 2       
                                111, 168, 182, 201    25, 25, 31, 12      
                                202, 203, 203, 205    2, 44, 54, 29       
                                206, 230, 275         25, 36, 11          
гишүүн                          55, 65, 111, 168      25, 25, 26, 26      
                                182, 230, 275         32, 37, 12          
эрдэм шинжилгээний байгууллага  58, 61, 273           11, 17, 22          
салбар                          58, 61, 82, 244       9, 15, 4, 16        
                                273, 273, 278         15, 35, 3           
заавар                          58, 65, 69, 107       25, 17, 11, 3       
                                182                   24                  
мэдээлэл хариуцагч              62                    7                   
үүлдэр, үүлдрийн болон үржлийн хэсэг  63                    15                  
хянан магадлагаа                63, 65, 66, 252       10, 3, 7, 11        
ажил                            63, 66, 66, 81        7, 11, 22, 4        
                                93, 102, 121, 159     11, 4, 9, 19        
                                162, 163, 164, 164    18, 6, 27, 81       
                                165, 165, 166, 170    28, 50, 16, 9       
                                177, 178, 181, 182    12, 10, 4, 3        
                                182, 182, 212, 225    8, 17, 4, 8         
                                226, 239, 240, 244    9, 49, 20, 19       
                                247, 248, 249, 251    13, 4, 4, 18        
                                252, 252, 253, 256    7, 15, 16, 4        
                                261, 263, 263, 266    19, 10, 18, 3       
                                268, 301              4, 13               
хяналт тавих                    65, 67, 178, 223      10, 15, 17, 13      
                                230, 249, 256, 257    10, 7, 17, 10       
баталгаажуулах                  65, 66, 67, 103       6, 10, 8, 15        
                                164, 251, 252, 294    31, 9, 14, 10       
                                301                   16                  
стандарт                        67, 103, 165, 170     13, 24, 10, 12      
                                183, 192, 195, 196    7, 7, 3, 6          
                                203                   24                  
удирдлага                       67, 177, 247          28, 16, 3           
зохиогч                         67                    29                  
мэргэжлийн байгууллага          69, 99                8, 21               
зөвлөмж                         69, 202, 240, 247     10, 5, 26, 21       
                                279                   18                  
малын генетик нөөцийн төлөв байдал  70, 71                7, 3                
дүгнэлт                         70, 131, 204, 267     18, 22, 10, 8       
                                280                   15                  
олон улсын байгууллага          71, 289               11, 3               
эрсдэл                          80                    2                   
аюул                            83, 210, 224          2, 20, 5            
хүнс                            83                    3                   
үйлдвэрлэгч                     83, 159, 218, 259     4, 17, 10, 9        
                                273, 297              33, 7               
үнэ цэнэ                        85, 298               13, 8               
сүлжээ                          85                    15                  
хөгжлийн бодлого                88, 89, 198, 199      14, 14, 2, 2        
                                236, 237              24, 24              
хөтөлбөр                        88, 89, 164, 165      16, 16, 33, 40      
                                167, 198, 199, 205    10, 4, 4, 31        
                                212, 236, 237         29, 26, 26          
цөм сүрэг                       95, 108, 108, 164     2, 4, 7, 40         
                                171, 216, 229, 251    3, 14, 4, 6         
                                253, 294, 301, 310    4, 3, 17, 17        
ус                              97, 209               2, 13               
мэдээ                           99                    17                  
зөвшөөрөл                       99, 122, 122, 126     23, 2, 5, 14        
                                132, 135, 138, 141    32, 18, 8, 2        
                                143, 158, 178         9, 24, 6            
тусгаарлах                      101, 173              9, 9                
шийдвэр                         104, 176, 176         9, 12, 15           
гэрчилгээ                       105, 110, 111, 124    5, 6, 5, 7          
                                262                   12                  
зөвлөл                          109, 273, 281         18, 28, 8           
мэргэжил                        110, 111, 164, 175    10, 8, 70, 31       
                                179, 241, 313, 317    30, 22, 2, 35       
малчин өрх                      111                   13                  
тусгай зөвшөөрөл                113, 129, 130, 130    7, 5, 8, 14         
                                131, 132, 143         5, 16, 5            
хүсэлт                          114, 129, 130, 138    26, 12, 6, 20       
                                181                   26                  
хүлээн авагч улс                119                   2                   
хуулийн этгээдийн нэр           119                   5                   
тээврийн хэрэгсэл               121                   5                   
боомт                           121                   4                   
тээвэрлэлт                      121, 224              7, 4                
зөвшөөрөл эзэмшигч              128, 129              2, 2                
тусгай зөвшөөрөл эзэмшигч       138                   4                   
цуврал                          140                   9                   
зохицуулалт                     143, 153, 154, 156    17, 4, 3, 3         
гадаадын иргэн                  147                   8                   
гэрээ                           147, 169, 181, 314    21, 14, 33, 11      
биет бус хөрөнгө                154                   7                   
технологи дамжуулах             154                   4                   
зохион бүтээгч                  158                   13                  
улсын  төсөв                    159, 291              20, 8               
улсын төсөв                     159, 291              20, 8               
зөвлөх үйлчилгээ                161                   18                  
инноваци                        161                   15                  
технологи                       161, 210, 243, 255    16, 15, 11, 29      
гойд ашиг шимт мал              164, 230, 251, 261    47, 13, 10, 13      
зохион байгуулагч               164, 175, 226, 239    56, 37, 10, 8       
                                246, 251, 252, 253    21, 19, 16, 17      
                                255, 260, 261, 262    21, 10, 22, 23      
тоног төхөөрөмж                 165, 227              14, 9               
итгэмжлэл                       165, 166, 167, 168    4, 19, 5, 4         
мэргэжилтэн                     165, 244, 311, 312    21, 17, 5, 3        
                                317                   17                  
үйлчлүүлэгч                     169                   13                  
тохиолдол                       173, 181, 314         4, 18, 8            
талууд                          175, 179, 207, 208    24, 23, 5, 3        
                                244, 277, 278, 279    22, 10, 14, 17      
тал                             175, 179, 207, 208    24, 23, 5, 3        
                                244, 277, 278, 279    22, 10, 14, 17      
санал                           176, 202, 204, 277    6, 10, 9, 11        
зах зээл                        179, 206              16, 9               
төлбөр                          182                   11                  
стандартчилал                   183                   8                   
малын генийн сан                195                   8                   
арга хэмжээ                     203, 260              17, 8               
холбоо                          204                   2                   
хөрөнгө оруулалт                206                   19                  
туслагч                         212                   22                  
төрийн үйлчилгээ                214, 220              20, 5               
зам                             218                   20                  
донор                           229                   8                   
мэргэжлийн удирдлага            240, 247              22, 16              
нийслэл                         242, 245, 246, 258    18, 2, 2, 11        
сургалтын байгууллага           244                   26                  
улсын бүртгэлийн гэрчилгээ      264                   3                   
төрийн бус байгууллага          273                   18                  
мэргэжлийн холбоо               273                   29                  
ажилтан                         274, 312              15, 8               
эрчимжсэн мал аж ахуй           277                   4                   
орон нутгийн төсөв              288, 300              2, 8                
ажил олгогч                     312                   6                   
тушаал                          314, 315              13, 15              
тэтгэмж                         314, 315              23, 25              
тэтгэвэр                        315                   11                  
эрүүл ахуй                      316                   8                   
хүн                             320                   4                   
