File: MNCLW00348.txt
Search Method: Trie (MWE + Single-Word)
Total runtime: 0.034494s
Found terms: 1633

Term                            Line                  Word Place          

төрийн ордон                    7, 8                  1, 1                
хүү                             7, 8, 38, 72          4, 4, 19, 22        
                                118, 139, 162, 162    20, 23, 4, 10       
                                165, 167, 279, 281    7, 15, 15, 36       
                                282, 282, 298, 323    8, 18, 17, 27       
                                414                   18                  
хяналт шалгалт                  9, 14, 15, 16         5, 23, 7, 5         
                                17, 18, 25, 27        7, 10, 16, 7        
                                36, 39, 41, 43        8, 12, 34, 13       
                                44, 45, 46, 46        6, 4, 9, 20         
                                51, 58, 59, 60        8, 4, 4, 7          
                                69, 70, 72, 76        16, 7, 56, 15       
                                77, 79, 85, 86        16, 9, 3, 6         
                                88, 89, 90, 91        7, 4, 21, 3         
                                91, 91, 91, 93        11, 25, 53, 8       
                                95, 97, 99, 101       4, 22, 10, 11       
                                103, 103, 105, 105    5, 8, 9, 29         
                                107, 109, 112, 113    7, 12, 4, 4         
                                173, 235, 353, 385    3, 9, 14, 6         
                                506                   22                  
шийдвэр                         14, 19, 47, 76        14, 6, 19, 22       
                                121, 122, 124, 128    16, 10, 6, 16       
                                156, 274, 374, 381    14, 14, 3, 6        
                                450                   17                  
этгээд                          16, 144, 236, 285     37, 14, 23, 7       
                                297, 368, 408, 417    3, 12, 13, 20       
                                476, 477, 478, 478    34, 34, 10, 26      
                                507, 509, 511         18, 7, 7            
байгууллаг                      22, 42, 46, 47        11, 19, 17, 17      
                                72, 72, 72, 77        38, 45, 60, 18      
                                77, 83, 84, 86        55, 22, 10, 17      
                                91, 118, 118, 120     6, 37, 48, 6        
                                124, 126, 142, 143    40, 6, 19, 13       
                                259, 271, 289, 319    10, 14, 22, 3       
                                347, 359, 368, 377    35, 2, 17, 17       
                                386, 406, 409, 410    16, 2, 4, 10        
                                411, 414, 414, 436    24, 9, 16, 2        
                                479                   24                  
байгууллага                     22, 42, 46, 47        11, 19, 17, 17      
                                72, 72, 72, 77        38, 45, 60, 18      
                                77, 83, 84, 86        55, 22, 10, 17      
                                91, 118, 118, 120     6, 37, 48, 6        
                                124, 126, 142, 143    40, 6, 19, 13       
                                259, 271, 289, 319    10, 14, 22, 3       
                                347, 359, 368, 377    35, 2, 17, 17       
                                386, 406, 409, 410    16, 2, 4, 10        
                                411, 414, 414, 436    24, 9, 16, 2        
                                479                   24                  
засгийн газрын үйл ажиллагааны хөтөлбөр  23, 181, 187, 188     8, 12, 10, 8        
                                189, 190, 195, 196    8, 11, 11, 10       
                                197                   11                  
улсын хөгжлийн жилийн төлөвлөгөө  23, 179, 183, 184     13, 11, 3, 4        
                                188                   15                  
дунд хугацааны хөгжлийн бодлог  23                    19                  
дунд хугацааны хөгжлийн бодлого  23                    19                  
баримт бичг                     23, 46, 49, 172       23, 12, 14, 8       
                                189, 193, 201, 209    16, 28, 7, 6        
                                211, 319, 386, 479    8, 55, 25, 19       
баримт бичиг                    23, 46, 49, 172       23, 12, 14, 8       
                                189, 193, 201, 209    16, 28, 7, 6        
                                211, 319, 386, 479    8, 55, 25, 19       
улсын  төсөв                    23                    29                  
улсын төсөв                     23                    29                  
төсв                            23, 90, 160, 220      31, 13, 3, 1        
                                221, 229, 235, 236    1, 4, 8, 7          
                                236, 236, 241, 243    13, 20, 4, 13       
                                243, 244, 244, 250    20, 6, 13, 7        
                                251, 251, 253, 254    6, 17, 4, 8         
                                255, 255, 256, 258    15, 19, 4, 7        
                                259, 260, 260, 284    21, 9, 26, 4        
                                284, 284, 285, 285    13, 31, 4, 24       
                                285                   31                  
удирдлага                       24, 25, 118, 124      4, 31, 33, 36       
                                193, 200, 302         19, 8, 23           
удирдлаг                        24, 25, 118, 124      4, 31, 33, 36       
                                193, 200, 302         19, 8, 23           
үр                              24, 25, 26, 26        10, 33, 4, 16       
                                43, 51, 64, 85        19, 13, 4, 5        
                                90, 91, 108, 124      4, 13, 6, 12        
                                131, 132, 133, 134    4, 4, 6, 4          
                                134, 135, 140, 141    33, 4, 4, 7         
                                142, 144, 145, 145    4, 25, 10, 13       
                                146, 146, 147, 167    10, 13, 4, 9        
                                182, 191, 191, 193    18, 10, 24, 12      
                                193, 198, 203, 208    33, 34, 13, 34      
                                218, 261, 279, 289    34, 17, 12, 13      
                                391, 453              50, 2               
баар                            25, 40, 42, 46        9, 33, 17, 30       
                                77, 79, 91, 91        50, 17, 31, 43      
                                110, 175, 249, 259    25, 22, 18, 19      
                                271, 273, 282, 300    11, 18, 17, 13      
                                307, 308, 322, 324    11, 15, 15, 27      
                                327, 339, 346, 349    11, 13, 18, 10      
                                382, 386, 390, 395    15, 36, 11, 12      
                                399, 400, 400, 411    16, 11, 20, 22      
                                413, 425, 426, 437    22, 9, 14, 8        
                                439, 442, 445, 450    25, 7, 12, 9        
                                451, 457, 458, 475    6, 12, 8, 11        
                                479, 482, 492, 493    14, 11, 11, 15      
тушаал                          25, 69, 109, 120      22, 12, 20, 8       
                                126, 279, 289, 298    8, 27, 26, 80       
                                299, 300, 304, 309    21, 18, 14, 4       
                                319, 417, 417         26, 10, 17          
зам                             25, 338               29, 23              
үнэлгээ                         26, 64, 90, 131       6, 6, 6, 6          
                                132, 133, 134, 135    6, 8, 6, 7          
                                139, 140, 141, 142    22, 6, 9, 6         
                                143, 145, 146, 147    23, 12, 12, 6       
                                183, 196, 206, 213    11, 19, 10, 11      
үйл ажиллагаа                   28, 51, 69, 71        13, 10, 13, 17      
                                79, 124, 134, 165     12, 19, 47, 16      
                                170, 171, 191, 192    5, 6, 3, 3          
                                347, 352, 354, 370    11, 8, 7, 5         
                                374, 417, 499         11, 36, 5           
мэдээлэл                        32, 40, 40, 43        5, 5, 38, 18        
                                46, 46, 49, 86        14, 22, 11, 11      
                                90, 91, 118, 118      9, 9, 45, 66        
                                120, 120, 126, 126    9, 15, 9, 15        
                                149, 150, 153, 154    1, 1, 23, 6         
                                155, 158, 235, 279    15, 5, 11, 34       
                                300, 386, 425, 479    6, 24, 13, 26       
                                514                   16                  
шүүх                            39, 298, 298, 347     28, 5, 11, 30       
                                386, 463, 492, 492    65, 14, 8, 25       
олон улсын байгууллаг           40                    20                  
олон улсын байгууллага          40                    20                  
газар                           40, 47, 47, 48        18, 10, 13, 2       
                                50, 74, 83, 84        2, 10, 19, 7        
                                99, 105, 110, 110     24, 2, 10, 28       
                                140, 144, 156, 157    11, 6, 22, 9        
                                157, 175, 177, 177    20, 31, 9, 24       
                                183, 183, 185, 186    2, 27, 32, 16       
                                196, 196, 198, 198    2, 35, 16, 23       
                                206, 206, 208, 208    2, 26, 16, 23       
                                213, 213, 218, 218    2, 27, 16, 23       
                                245, 246, 260, 261    33, 2, 25, 2        
                                303, 364, 391, 410    15, 3, 34, 4        
                                422, 446              3, 4                
мэдээлл                         40, 46, 47, 48        25, 28, 5, 15       
                                51, 120, 126, 152     17, 31, 31, 4       
                                156, 159, 161, 163    8, 7, 14, 28        
                                166, 176, 251, 304    11, 9, 22, 21       
                                305, 319, 322, 385    7, 57, 20, 22       
                                397, 435, 441, 442    11, 11, 15, 4       
дүгнэлт                         40, 76, 79, 79        39, 20, 25, 33      
                                80, 85, 122, 129      11, 10, 15, 24      
                                144, 160, 163, 216    29, 15, 8, 23       
                                217, 244, 245, 250    15, 12, 9, 14       
                                250, 254, 260, 273    23, 25, 19, 13      
                                274, 275, 282, 286    6, 22, 22, 9        
                                341, 343, 346, 367    22, 9, 45, 3        
                                386, 399, 399, 400    12, 12, 17, 17      
                                401, 417, 464, 465    8, 27, 4, 2         
                                466, 468, 484, 485    8, 13, 6, 6         
                                487, 490, 491, 492    15, 16, 15, 6       
                                493, 497, 510, 511    21, 5, 8, 4         
эрх бүхий этгээд                41                    14                  
тохиолдол                       43, 128, 163, 290     9, 19, 30, 6        
                                304, 320, 320, 326    6, 19, 29, 22       
                                392, 407, 414, 435    3, 13, 24, 5        
нээлт                           43, 46, 152, 159      24, 40, 8, 11       
                                225, 235, 271, 300    3, 16, 6, 35        
                                326, 376, 435, 476    8, 8, 6, 37         
                                477                   37                  
мэдээллийн нэгдсэн сан          44, 45, 45, 46        8, 6, 10, 35        
                                47, 50, 50            21, 3, 9            
сан                             46, 144, 458          3, 38, 27           
төрийн байгууллаг               48, 144, 279, 284     4, 7, 24, 20        
төрийн байгууллага              48, 144, 279, 284     4, 7, 24, 20        
систем                          48                    8                   
журм                            50, 127, 272, 385     16, 21, 20, 16      
                                402, 463, 467, 472    19, 20, 17, 18      
захирамж                        50, 95, 147, 237      21, 30, 14, 14      
ажл                             53, 55, 69, 76        3, 3, 18, 27        
                                77, 77, 79, 79        7, 45, 7, 18        
                                79, 79, 99, 105       30, 40, 19, 11      
                                142, 175, 175, 256    8, 12, 23, 10       
                                320, 320, 323, 327    20, 35, 16, 6       
                                391, 416, 425, 482    10, 20, 7, 16       
                                501, 501              3, 12               
тайлан                          55, 65, 90, 110       4, 3, 8, 17         
                                149, 150, 159, 160    2, 2, 5, 20         
                                164, 165, 168, 169    11, 18, 17, 9       
                                170, 171, 172, 175    7, 8, 14, 5         
                                176, 178, 183, 183    7, 8, 8, 13         
                                184, 185, 187, 188    9, 9, 16, 20        
                                189, 190, 195, 195    14, 17, 17, 21      
                                196, 196, 198, 199    16, 21, 9, 10       
                                200, 200, 201, 202    18, 30, 5, 8        
                                205, 206, 206, 208    12, 7, 12, 9        
                                209, 210, 210, 211    12, 18, 26, 6       
                                213, 213, 214, 214    8, 13, 9, 16        
                                217, 218, 254, 260    8, 9, 22, 15        
                                273, 317, 318, 327    7, 2, 2, 2          
                                346, 386, 408, 426    43, 11, 3, 8        
                                426, 426, 453, 469    16, 32, 38, 5       
                                470, 471, 473, 473    3, 9, 5, 15         
                                481, 484, 485, 487    13, 4, 4, 12        
                                489, 490, 492, 493    5, 13, 3, 3         
                                493, 495, 496, 497    12, 25, 3, 3        
илтгэл                          65, 90, 149, 150      4, 10, 3, 3         
                                158, 159, 162, 167    4, 6, 14, 19        
                                176, 254              8, 14               
гишүүн                          69, 118, 118, 119     4, 4, 9, 11         
                                122, 124, 124, 125    7, 26, 31, 11       
                                127, 155, 281, 285    3, 11, 32, 23       
                                292, 298, 298, 298    6, 4, 10, 16        
                                298, 298, 298, 298    21, 28, 38, 45      
                                298, 298, 299, 307    49, 64, 33, 17      
                                310, 349, 352, 383    3, 14, 18, 3        
                                383, 414, 416, 426    30, 4, 3, 21        
                                439, 445, 462, 475    8, 9, 15, 3         
                                493                   7                   
хяналт тавих                    71, 75, 105, 223      15, 12, 3, 5        
                                289                   29                  
төрийн аудитын байгууллага      72, 83, 160, 183      12, 9, 9, 29        
                                196, 206, 213         37, 28, 29          
төрийн аудитын байгууллаг       72, 83, 160, 183      12, 9, 9, 29        
                                196, 206, 213         37, 28, 29          
санхүүгийн зохицуулах хороо     72, 168, 298, 298     19, 14, 60, 65      
төрийн алб                      72, 119, 125, 164     26, 26, 26, 8       
                                298, 309, 506, 507    46, 22, 40, 22      
                                514                   23                  
төрийн алба                     72, 119, 125, 164     26, 26, 26, 8       
                                298, 309, 506, 507    46, 22, 40, 22      
                                514                   23                  
комисс                          72, 162, 165, 167     25, 13, 10, 18      
                                282, 298              21, 20              
зөвлөл                          72, 95, 153, 163      28, 23, 18, 11      
                                164, 170, 171, 244    10, 4, 5, 16        
                                298, 298, 298, 298    7, 44, 48, 69       
                                298                   77                  
төрийн бус байгууллага          73, 77, 143, 442      20, 40, 20, 14      
төрийн бус байгууллаг           73, 77, 143, 442      20, 40, 20, 14      
мэргэжлийн холбоо               73, 77, 284, 442      17, 37, 25, 12      
шинжээч                         73, 77, 143, 383      15, 35, 18, 6       
                                399, 399, 402, 446    14, 21, 6, 8        
                                447, 449, 453, 455    7, 4, 27, 7         
                                467, 468, 481, 500    6, 11, 2, 2         
                                510, 512              4, 2                
мэргэжилтэн                     73, 77, 143           16, 36, 19          
мэргэжил                        74, 77, 140, 300      11, 9, 12, 21       
                                303, 319              16, 29              
санал                           76, 79, 79, 80        19, 24, 32, 10      
                                85, 91, 91, 91        9, 7, 21, 56        
                                91, 95, 97, 99        60, 13, 9, 14       
                                101, 122, 129, 163    8, 14, 23, 7        
                                163, 176, 182, 215    12, 26, 25, 24      
                                216, 217, 236, 249    22, 14, 14, 9       
                                273, 274, 275, 287    12, 5, 21, 5        
                                297, 298, 307, 313    7, 85, 7, 3         
                                319, 319, 320, 322    14, 21, 11, 5       
                                324, 325, 337, 341    22, 3, 34, 21       
                                343, 344, 346, 353    8, 3, 44, 10        
                                367, 368, 373, 377    2, 21, 12, 14       
                                383, 383, 383, 416    24, 26, 39, 7       
                                416, 424, 427, 439    18, 19, 17, 23      
                                461, 461, 461, 484    23, 33, 45, 5       
                                485, 487, 490, 491    5, 14, 15, 20       
                                492, 493, 493, 496    5, 9, 20, 10        
                                497                   4                   
төсөл                           76, 85, 185, 237      23, 26, 19, 2       
                                240, 243, 249, 339    2, 2, 6, 10         
                                339, 342, 383         15, 5, 13           
эрх бүхий албан тушаалтан       77                    19                  
эрх бүхий албан тушаалтн        77                    61                  
тусгай мэдлэг                   77, 399               26, 7               
тусгай мэдлг                    77, 399               26, 7               
мэргэшил                        77, 300, 319          28, 22, 30          
газр                            77, 118, 124, 139     60, 8, 30, 13       
                                155, 161, 167, 172    10, 13, 13, 2       
                                172, 173, 191, 192    13, 2, 2, 2         
                                217, 230, 243, 254    20, 2, 12, 12       
                                254, 260, 298         19, 12, 31          
удирдамж@@                      79                    14                  
тогтоол                         79, 79, 80, 81        15, 21, 13, 17      
                                84, 85, 87, 109       12, 25, 9, 27       
                                157, 157, 157, 176    16, 22, 24, 32      
                                177, 177, 177, 185    16, 20, 25, 33      
                                186, 186, 186, 198    8, 12, 17, 20       
                                198, 198, 208, 208    27, 37, 20, 27      
                                208, 218, 218, 218    37, 20, 27, 38      
                                261, 261, 337, 339    10, 21, 42, 9       
                                339, 340, 342, 345    14, 40, 4, 20       
                                374, 374, 382, 383    4, 17, 20, 12       
                                385, 424              4, 17               
төсл                            80, 121, 122, 232     14, 17, 11, 2       
                                238, 239, 340, 341    4, 2, 2, 2          
холбоо                          82, 118, 176, 185     6, 44, 25, 21       
                                267, 271, 278, 279    6, 23, 8, 7         
                                280, 281, 282, 287    6, 41, 13, 9        
                                337, 352, 374, 396    13, 15, 15, 4       
                                436, 437, 463, 501    6, 7, 9, 8          
аудитын тайлан                  83, 160, 197, 207     12, 13, 34, 22      
                                215, 260, 286         26, 17, 7           
зөвлөмж                         83, 144, 160, 163     15, 30, 16, 13      
                                197, 207, 215, 244    33, 21, 25, 17      
                                426                   31                  
улсын их хурлын бусад шийдвэрийн төсөл  86, 129, 275          20, 15, 14          
иргэн                           86, 91, 91, 280       16, 5, 47, 11       
                                281, 294, 417         9, 9, 42            
тайлбар                         86, 309, 363, 386     18, 18, 3, 7        
                                386, 421, 453, 472    13, 5, 31, 8        
                                481, 496, 514         6, 15, 15           
гомдол                          91, 479               8, 25               
эвсл                            95, 99, 453           11, 5, 17           
өргөдөл                         105                   6                   
гомдл                           105                   7                   
талууд                          105, 124, 128, 156    28, 15, 25, 33      
                                218, 247, 255, 260    36, 6, 18, 32       
                                261, 274, 300, 300    19, 23, 8, 41       
                                341, 390, 391, 394    20, 17, 52, 22      
                                400, 457, 458, 479    7, 38, 16, 21       
тал                             105, 124, 128, 156    28, 15, 25, 33      
                                218, 247, 255, 260    36, 6, 18, 32       
                                261, 274, 300, 300    19, 23, 8, 41       
                                341, 390, 391, 394    20, 17, 52, 22      
                                400, 457, 458, 479    7, 38, 16, 21       
арга хэмжээ                     107, 108, 121, 182    11, 17, 12, 22      
                                197, 198, 207, 208    30, 31, 18, 31      
                                215, 216, 218, 260    21, 19, 31, 30      
                                261, 426, 457         14, 28, 42          
танилцуулг                      110, 146, 259, 304    32, 20, 28, 4       
                                319, 322              48, 8               
танилцуулга                     110, 146, 259, 304    32, 20, 28, 4       
                                319, 322              48, 8               
нийтийн өмч                     118                   18                  
хүсэлт                          121, 122, 280, 281    15, 9, 10, 13       
                                281, 281, 285, 291    24, 33, 28, 4       
                                292, 293, 294, 299    7, 10, 13, 34       
                                326, 360, 400, 410    15, 6, 23, 22       
                                478                   16                  
хэлэлцээр                       128, 156, 176, 185    11, 9, 10, 10       
                                198, 208, 217, 218    11, 11, 9, 11       
                                260, 274              20, 9               
зохицуулалт                     138                   7                   
дүрэм                           139                   15                  
журам                           139, 147, 309         16, 8, 37           
улсын төсв                      141, 396, 499         14, 9, 11           
үнэлгээний тайлан               144                   27                  
үндэсний аюулгүй байдл          153, 153, 240, 271    7, 15, 18, 19       
авлига                          161, 161, 298         6, 11, 29           
авлиг                           161, 161, 298         6, 11, 29           
санхүүгийн тайлан               163                   2                   
агаар                           163, 184, 195, 205    6, 10, 18, 13       
                                214, 244, 254         10, 11, 24          
зээл                            163                   24                  
эрүү шүүлтээс урьдчилан сэргийлэх  165, 298              12, 22              
урьдчилан сэргийлэх             165, 310              3, 16               
шүүлт                           165                   2                   
прокурор                        166                   10                  
үйлчилгээ                       168                   6                   
өрийн удирдлага                 172, 172              3, 15               
өрийн удирдлаг                  172, 172              3, 15               
дунд хугацаа                    172, 193              5, 26               
цахим хуудас                    175, 322, 482, 496    19, 12, 23, 23      
нийтлэх                         175                   21                  
төсөл, арга хэмжээ              180, 181, 182, 197    16, 26, 6, 17       
                                258                   22                  
зорилтот түвшин                 180, 192, 194, 204    9, 8, 10, 6         
                                212                   10                  
шалгуур үзүүлэлт                180, 181, 192, 194    12, 22, 11, 13      
                                204, 212              9, 13               
монгол улсыг хөгжүүлэх таван жилийн үндсэн чиглэл  181, 190, 191, 195    5, 4, 13, 4         
                                196, 197, 200         3, 4, 22            
аудитын байгууллага             184, 195, 197, 205    2, 2, 2, 2          
                                207, 214, 215, 216    2, 2, 2, 2          
аудитын байгууллаг              184, 195, 197, 205    2, 2, 2, 2          
                                207, 214, 215, 216    2, 2, 2, 2          
хөтөлбөр                        191, 192, 199, 201    5, 5, 5, 3          
                                203, 203, 204         3, 18, 3            
хөгжлийн бодлог                 193, 200, 203, 210    15, 4, 7, 6         
                                210, 211, 212, 213    13, 3, 6, 5         
                                214, 215, 216, 217    6, 6, 6, 5          
                                218                   6                   
хөгжлийн бодлого                193, 200, 203, 210    15, 4, 7, 6         
                                210, 211, 212, 213    13, 3, 6, 5         
                                214, 215, 216, 217    6, 6, 6, 5          
                                218                   6                   
хөгжлийн зорилтот хөтөлбөр      200, 202, 205, 206    13, 4, 4, 3         
                                207, 210              4, 22               
төсөв                           223                   4                   
төсвийн төсл                    230, 236, 245, 246    5, 34, 20, 14       
                                247, 250              4, 16               
төсвийн ерөнхийлөн захирагч     236                   17                  
төсвийн төсөл                   239, 284              8, 11               
нэгж                            243, 243, 250, 251    18, 23, 10, 9       
                                259, 495              24, 30              
даруй                           244, 340              22, 33              
төсвийн  зарлага                251, 285              11, 11              
төсвийн зарлага                 251, 285              11, 11              
төсвийн зарлаг                  251, 285              11, 11              
нэгдсэн төсв                    254, 254, 258, 259    3, 15, 3, 5         
төрийн нууц                     271                   15                  
хүн                             271, 361, 386, 388    13, 5, 19, 17       
                                413, 512              17, 7               
хуулийн этгээд                  280, 281, 294, 361    12, 10, 10, 6       
                                386, 406, 412, 413    20, 3, 4, 18        
                                417                   43                  
төсвийн хүрээний мэдэгдл        284                   17                  
аж ахуйн нэгж                   284                   22                  
нэр дэвшигч                     297, 297, 298, 299    9, 16, 87, 4        
                                300, 300, 303, 305    14, 39, 3, 8        
                                310, 319, 319, 322    23, 22, 46, 6       
                                323, 324, 326, 326    3, 18, 5, 11        
олон нийтийн радио, телевиз     298                   39                  
сахилгын хороо                  298                   12                  
шүүгч                           298, 298              8, 14               
аудитор                         298                   53                  
ажил                            304, 386              8, 55               
мэдээ                           304                   23                  
оролцогч                        306, 308, 324, 443    5, 13, 16, 5        
                                448, 512              4, 4                
сонсгол даргалагч               307, 307, 307, 446    8, 12, 20, 24       
                                450, 455, 457, 461    13, 13, 39, 11      
                                466, 471, 481         11, 12, 30          
төрийн албан хаагч              309                   10                  
хувийн ашиг сонирхл             310, 319              9, 49               
ашиг сонирхлын зөрчл            310                   13                  
хамаарал бүхий этгээд           310                   25                  
мэдүүлг                         319, 362, 363, 386    53, 4, 4, 4         
                                386, 386, 389, 389    8, 14, 9, 22        
                                391, 391, 392, 395    24, 44, 4, 7        
                                396, 400, 453, 456    2, 29, 30, 4        
                                457, 458, 458, 459    26, 4, 24, 2        
                                462, 462, 462, 463    2, 10, 17, 7        
                                467, 481, 496, 508    7, 5, 12, 10        
                                509, 510              4, 18               
мэдүүлэг                        319, 362, 363, 386    53, 4, 4, 4         
                                386, 386, 389, 389    8, 14, 9, 22        
                                391, 391, 392, 395    24, 44, 4, 7        
                                396, 400, 453, 456    2, 29, 30, 4        
                                457, 458, 458, 459    26, 4, 24, 2        
                                462, 462, 462, 463    2, 10, 17, 7        
                                467, 481, 496, 508    7, 5, 12, 10        
                                509, 510              4, 18               
хувь хүний нууц                 322, 414, 436         16, 10, 3           
нийтийн ашиг сонирхл            337, 338              14, 10              
заавар                          347                   45                  
эвсэл                           350                   30                  
нотлох баримт                   359, 371, 379, 380    3, 13, 1, 1         
                                382, 383, 385, 403    9, 8, 23, 4         
                                405, 407, 407, 409    2, 7, 17, 7         
                                410, 411, 411, 412    28, 7, 33, 6        
                                413, 419, 424, 453    13, 2, 4, 43        
                                474, 478, 478, 479    4, 13, 42, 2        
                                479, 481, 487, 490    11, 19, 7, 8        
                                491, 492, 492, 507    8, 15, 20, 7        
                                513                   4                   
гэрч                            362, 383, 386, 389    3, 4, 3, 3          
                                389, 391, 391, 391    11, 3, 7, 17        
                                393, 397, 446, 447    7, 4, 7, 6          
                                449, 453, 455, 457    3, 26, 6, 3         
                                457, 457, 457, 457    15, 18, 25, 33      
                                458, 461, 463, 496    3, 24, 6, 11        
тэмдэглэл                       364, 386, 422, 458    7, 67, 7, 34        
                                482, 482              2, 12               
шалгагч                         365, 386, 415, 416    2, 10, 4, 5         
                                417, 418, 424, 425    2, 2, 11, 2         
                                426, 427, 446, 447    2, 2, 10, 9         
                                449, 453, 453, 455    6, 29, 37, 9        
                                469, 470, 471, 472    4, 2, 2, 7          
                                473, 473, 481, 481    4, 13, 4, 12        
                                501                   2                   
эс үйлдэхүй                     368                   9                   
ачаа                            385, 388, 404, 413    9, 10, 6, 10        
мөрдөн шалгах ажиллагаа         386                   61                  
шинжээчийн дүгнэлт              386, 453, 468, 481    5, 33, 3, 8         
                                496                   13                  
кино                            386                   35                  
кин                             386                   35                  
мэдэгдл                         391                   6                   
мэдэгдэл                        391                   20                  
мэргэжл                         391, 394, 417, 417    37, 11, 26, 35      
гэр бүл                         393                   10                  
үр хүүхэд                       393                   15                  
үр хүүхд                        393                   15                  
гэмт хэрг                       393, 460              17, 9               
гэмт хэрэг                      393, 460              17, 9               
бусад этгээд                    394, 446              8, 14               
хуульч                          394                   5                   
өмгөөлөгч                       394                   6                   
эрүүл мэндийг хамгаалах         397                   7                   
гэрч, хохирогч                  397                   17                  
бичмэл нотлох баримт            404, 404, 406, 407    12, 16, 6, 14       
                                475, 475, 476, 476    5, 18, 4, 14        
                                477, 477, 478, 478    4, 14, 4, 20        
                                478, 496              31, 16              
байгууллагын архив              406                   10                  
төрийн өмчит үйлдвэрийн газар   410                   11                  
холбогдох этгээд                413, 421              23, 3               
нийтлэг журм                    434                   15                  
гуравдагч этгээд                437                   3                   
үндэсний аюулгүй байдал         438                   9                   
горимын санал                   439                   18                  
бусад оролцогч                  447, 449, 455         14, 7, 11           
орчуулагч                       447                   10                  
хэлмэрч                         447                   11                  
захиргаа                        463                   12                  
байгууллагын нууц               476, 477              26, 26              
захидал                         476, 476, 477, 477    31, 45, 31, 45      
архив                           495                   29                  
төлбөр                          500, 501              4, 11               
