File: MNCLW00517.txt
Search Method: Aho-Corasick
Total runtime: 0.005885s
Found terms: 536

Term                            Line                  Word Place          

нийтлэх                         8, 9                  1, 1                
орон сууц хөгжүүлэх үйл ажиллагаа  11                    16                  
нийтийн зориулалттай орон сууцны байшин  11, 185, 186          22, 1, 1            
төрийн байгууллага              11, 46, 47            8, 4, 4             
орон сууц                       11, 11, 24, 40        13, 30, 6, 8        
                                44, 50, 54, 55        3, 14, 8, 8         
                                61, 83, 84, 89        7, 14, 7, 3         
                                99, 100, 109, 113     1, 1, 7, 4          
                                113, 123, 124, 131    12, 1, 1, 15        
                                132, 167, 168, 218    15, 5, 5, 8         
                                220, 222, 224, 225    12, 35, 13, 7       
                                225, 225              13, 24              
орон сууцны байшингийн дундын өмчлөлийн эд хөрөнгө  14, 96, 190           27, 12, 30          
орон сууц хувьчлах              14                    14                  
иргэн                           14, 24, 29, 79        9, 12, 19, 7        
                                81, 89, 146, 161      5, 16, 15, 6        
                                169, 170, 181, 182    6, 6, 15, 15        
                                231, 234, 237, 239    9, 39, 10, 17       
газар                           14, 52, 53, 118       11, 4, 2, 5         
                                120, 134, 135, 155    15, 18, 18, 13      
                                156, 158, 159, 178    13, 14, 14, 12      
                                179, 203, 226, 234    12, 17, 17, 15      
                                250, 250, 250, 251    7, 11, 17, 7        
                                251, 251              11, 17              
сууц                            14, 19, 19, 22        19, 2, 14, 2        
                                41, 50, 51, 65        2, 2, 2, 2          
                                76, 85, 93, 96        2, 2, 2, 4          
                                105, 127, 128, 129    2, 4, 4, 2          
                                130, 131, 132, 134    2, 2, 2, 2          
                                135, 137, 139, 150    2, 4, 2, 2          
                                151, 155, 156, 158    2, 2, 2, 2          
                                159, 163, 164, 165    2, 4, 4, 2          
                                166, 173, 174, 176    2, 2, 2, 4          
                                177, 178, 179, 181    4, 2, 2, 2          
                                182, 190, 200, 204    2, 22, 2, 6         
                                213, 214, 220, 222    11, 11, 28, 22      
                                222, 223, 234, 237    31, 9, 28, 15       
мөрдөгч                         16                    17                  
хэрэглэгч                       18                    3                   
хүн                             19, 50, 83, 192       4, 7, 10, 20        
                                194, 259              26, 4               
гэрээ                           19, 208, 222          15, 24, 26          
ус                              20, 29, 31, 195       12, 5, 5, 7         
                                198, 200, 203, 205    12, 17, 10, 10      
                                207, 208, 250, 251    7, 10, 4, 4         
шугам                           20, 200, 206, 213     18, 18, 6, 23       
                                214                   23                  
үйл ажиллагаа                   22, 65, 85, 93        4, 4, 4, 4          
                                137, 139, 148, 234    6, 7, 2, 42         
сууц өмчлөгч                    24, 192, 224, 231     2, 9, 9, 14         
хуулийн этгээд                  24, 29, 31, 169       13, 20, 19, 7       
                                170, 234, 239, 259    7, 40, 18, 5        
байгууллага                     24, 27, 35, 59        18, 2, 21, 10       
                                60, 91, 95, 96        8, 21, 3, 2         
                                127, 128, 131, 132    9, 9, 14, 14        
                                146, 146, 195, 206    3, 14, 48, 16       
                                206, 213, 214, 220    21, 40, 40, 10      
                                231, 231, 234, 237    13, 24, 7, 8        
                                237, 262              14, 5               
эрх бүхий хуулийн этгээд        27                    16                  
инженерийн шугам сүлжээ         27, 33, 194           6, 4, 3             
тоног төхөөрөмж                 27, 33, 194, 200      9, 7, 6, 19         
                                248                   4                   
ашиглалт                        27, 29, 31, 63        12, 9, 9, 4         
                                75, 185, 186, 220     4, 6, 6, 15         
                                222                   42                  
үйлчилгээ                       27, 109, 161, 189     13, 15, 23, 9       
                                190, 192, 194, 198    10, 6, 24, 6        
                                203, 205, 207, 228    16, 23, 12, 9       
                                229, 229, 231, 234    8, 29, 5, 36        
                                239, 239, 241, 242    14, 25, 9, 19       
                                254                   6                   
эрчим хүч                       29, 31                13, 13              
өр                              33                    2                   
техникийн хяналт                35                    10                  
хяналт шалгалт                  35, 220, 234          16, 5, 2            
дүгнэлт                         35                    13                  
шийдвэр                         35, 220, 225, 262     23, 20, 21, 9       
                                265                   4                   
тал                             38, 39, 49, 53        6, 4, 6, 5          
                                54, 55, 60, 61        4, 4, 11, 4         
                                74, 81, 87, 200       4, 10, 9, 25        
                                225                   16                  
талууд                          38, 39, 49, 53        6, 4, 6, 5          
                                54, 55, 60, 61        4, 4, 11, 4         
                                74, 81, 87, 200       4, 10, 9, 25        
                                225                   16                  
эрүүл ахуй                      40, 114, 242          2, 3, 8             
аюул                            40, 114, 195, 242     4, 5, 15, 11        
хангагч                         40, 40, 50, 83        7, 11, 16, 16       
                                114, 198, 206, 207    7, 26, 20, 10       
                                222                   38                  
зах зээл                        41, 224               10, 15              
хяналт тавих                    50, 54, 55, 65        22, 17, 17, 9       
                                67, 83, 198, 213      12, 21, 33, 30      
                                214                   30                  
хөрөнгө                         51, 85, 141, 143      9, 10, 7, 2         
                                144, 161, 161, 178    2, 26, 32, 9        
                                179, 181, 182, 203    9, 11, 11, 19       
                                223, 224              12, 18              
арга хэмжээ                     58, 195               7, 60               
хариуцагч                       59, 60, 91, 131       6, 4, 17, 10        
                                132, 190, 200, 213    10, 46, 36, 36      
                                214                   36                  
захиргаа                        59, 60, 91, 131       8, 6, 19, 12        
                                132, 213, 214         12, 38, 38          
хөтөлбөр                        61, 76, 90            13, 8, 3            
дүрэм                           63, 67, 75            6, 6, 6             
журам                           63, 67, 75, 134       7, 7, 7, 16         
                                135, 213, 214, 231    16, 32, 32, 20      
стандарт                        63, 67, 75            9, 10, 8            
заавар                          67                    8                   
мэдээллийн нэгдсэн сан          69, 70, 225           3, 3, 26            
захиргааны байгууллага          72, 73                7, 6                
зохион байгуулагч               74, 76, 90, 91        10, 11, 7, 6        
төсөл                           76, 89                7, 14               
ажил                            76, 90, 91, 190       10, 6, 5, 19        
                                192                   8                   
мэдээллийн сан                  77, 91                3, 8                
сүлжээ                          77                    6                   
сум                             79, 81, 87, 234       4, 2, 2, 9          
нийслэл                         79, 81, 85, 87        5, 3, 7, 3          
                                131, 132, 141, 181    23, 23, 4, 8        
                                181, 182, 182, 220    14, 8, 14, 35       
                                222, 225, 234         19, 18, 10          
төсөв                           85, 141, 181, 182     8, 5, 9, 9          
паспортжуулах                   91                    4                   
мэдээлэл                        91                    13                  
хэсэгчилсэн ерөнхий төлөвлөгөө  103, 105, 107, 109    6, 15, 4, 4         
                                111, 116, 118, 120    4, 10, 10, 8        
гэр хороолол                    107                   9                   
барилгажсан хэсэг               107                   16                  
барилга байгууламж              109                   16                  
үр                              113, 115              20, 6               
холбоо                          113, 190              22, 3               
суурин газар                    120                   3                   
сан                             127, 128, 129, 130    6, 6, 4, 4          
                                131, 131, 132, 132    5, 20, 5, 20        
                                155, 155, 156, 156    4, 15, 4, 15        
                                158, 159, 176, 177    4, 4, 6, 6          
                                178, 179, 181, 182    5, 5, 6, 6          
                                213, 214              14, 14              
мэдээ                           131, 132, 134, 135    26, 26, 14, 14      
                                226                   19                  
сангийн хөрөнгө                 134, 135, 150, 151    8, 8, 4, 4          
                                163, 164, 165, 166    6, 6, 4, 4          
                                173, 174              4, 4                
тайлан                          134, 135              13, 13              
хүү                             143, 144              7, 7                
аж ахуйн нэгж                   146, 231, 237, 262    11, 10, 11, 2       
хөрөнгө оруулалт                146, 208              18, 17              
хандив                          146                   16                  
орлого                          148, 149              4, 5                
төсвийн ерөнхийлөн захирагч     158, 159              5, 5                
гишүүн                          158, 159              15, 15              
орон нутгийн өмч                161, 208              17, 26              
зээл                            169, 170              9, 9                
улсын төсөв                     178, 179              6, 6                
улсын  төсөв                    178, 179              6, 6                
санал                           178, 179, 220         13, 13, 31          
дундын өмчлөлийн эд хөрөнгө     190, 200, 239         5, 4, 20            
орчны газар                     190                   13                  
зам                             190, 197              16, 4               
мэргэжлийн байгууллага          192, 194, 198, 200    16, 18, 3, 34       
                                205, 206, 207         29, 24, 2           
даруй                           194, 198              21, 29              
сууц өмчлөгчдийн холбоо         195                   40                  
эд хөрөнгө                      195, 195              17, 57              
тохиолдол                       195, 205, 231         24, 20, 8           
хөдөлгөөн                       197                   6                   
захиалагч                       198                   21                  
хүсэлт                          198, 220              22, 27              
гүйцэтгэгч                      198                   31                  
бохир ус                        200                   12                  
шугам сүлжээ                    203, 205, 208         6, 6, 6             
хөрөнгө оруулагч                205, 208, 222         16, 22, 15          
этгээд                          205                   18                  
бүтээгдэхүүн                    206                   10                  
төлбөр                          206, 207, 222         11, 13, 48          
тариф                           206                   18                  
зураг төсөл                     211                   8                   
зөвшөөрөл                       213, 214, 231         28, 28, 26          
шалгагч                         234                   45                  
шуудан                          237, 237              18, 20              
үйлдвэрлэгч                     253                   3                   
шүүх                            265                   8                   
шүүгч                           265                   8                   
