File: MNCLW00416.txt
Search Method: Trie (MWE + Single-Word)
Total runtime: 0.001950s
Found terms: 80

Term                            Line                  Word Place          

нийгмийн даатгалын сан          6, 10, 11, 14         1, 5, 4, 1          
                                148                   4                   
нийтлэх                         8                     1                   
орлого                          10, 15, 16, 16        13, 14, 2, 92       
                                16, 18, 87, 98        105, 1, 3, 2        
төсөв                           10, 16, 94, 102       17, 99, 2, 15       
нийгмийн даатгал                12, 16, 16, 35        19, 32, 38, 4       
                                42                    3                   
сан                             12, 15, 16, 90        3, 5, 95, 1         
                                102, 113, 117, 125    5, 3, 3, 3          
                                129, 133, 148         3, 4, 8             
төсвийн орлого                  14                    6                   
зарлага                         14, 105, 144          8, 1, 2             
эрүүл мэндийн даатгалын шимтгэл  16, 16, 46, 50        43, 49, 2, 3        
санхүүгийн дэмжлэг              16, 94                101, 4              
нэгж                            16, 25                15, 3               
байгууллага                     16, 16, 25, 32        16, 25, 4, 2        
иргэн                           16, 16, 16, 42        37, 48, 73, 2       
                                50, 71                2, 2                
хариуцагч                       16, 50                47, 1               
даатгуулагч                     16, 16, 16, 55        56, 64, 87, 3       
                                59, 83                5, 1                
осол                            16, 75, 103, 121      78, 2, 14, 2        
мэргэжил                        16, 75, 103, 121      79, 3, 15, 3        
шийдвэр                         103, 137              28, 2               
гүйцэтгэгч                      103, 137              29, 3               
төлбөр                          137                   5                   
газар                           148                   10                  
хөрөнгө                         148                   22                  
мөрдөгч                         149                   15                  
