File: MNCLW00081.txt
Search Method: Aho-Corasick
Total runtime: 0.011928s
Found terms: 1573

Term                            Line                  Word Place          

нийтлэх                         8, 9, 11, 36          1, 1, 27, 11        
                                103, 188, 390, 794    25, 8, 9, 4         
                                795                   4                   
агуулах                         11, 22, 77, 81        9, 2, 13, 22        
                                93, 94, 97, 100       3, 3, 5, 2          
                                160, 161              4, 3                
удирдлага                       11, 151, 153, 161     10, 37, 15, 7       
                                163, 168, 168, 323    28, 19, 25, 2       
                                324, 325, 326, 326    2, 4, 2, 32         
                                327, 327, 361, 432    2, 32, 9, 12        
                                433, 489, 520, 526    12, 18, 6, 7        
                                527, 542              5, 15               
зохиогч                         11, 25, 26, 46        11, 20, 14, 20      
                                64, 64, 172, 347      15, 27, 13, 18      
                                432, 433, 540, 597    13, 13, 6, 3        
                                729                   17                  
оролцогч                        11, 735, 794, 795     15, 5, 3, 3         
иргэн                           11, 26, 28, 48        21, 10, 16, 13      
                                50, 50, 53, 64        7, 18, 6, 2         
                                69, 71, 84, 151       3, 3, 6, 60         
                                153, 182, 184, 282    25, 10, 20, 2       
                                302, 368, 439, 440    11, 14, 7, 5        
                                489, 519, 601, 638    11, 4, 14, 17       
                                649, 729, 742, 764    6, 3, 25, 24        
                                787                   22                  
мэргэжлийн боловсрол            13, 27, 75, 106       23, 6, 19, 10       
                                106, 140, 479, 523    28, 6, 4, 16        
                                527, 618, 669, 676    19, 8, 17, 6        
                                702, 759              6, 4                
мөрдөгч                         15, 112, 280, 393     17, 18, 39, 22      
                                395, 623              26, 23              
хэрэглэгч                       17, 799               3, 15               
төлөвшил                        22, 34, 46, 103       12, 31, 12, 19      
                                161                   10                  
стандарт                        23, 30, 77, 93        15, 5, 4, 4         
                                94, 105, 108, 160     4, 6, 2, 2          
                                278, 344, 376, 402    13, 4, 2, 13        
                                721, 799, 808         27, 8, 2            
хуулийн этгээд                  24, 42, 44, 120       13, 29, 28, 7       
                                176, 870              29, 5               
байгууллага                     24, 25, 85, 88        2, 7, 16, 14        
                                90, 103, 110, 114     23, 46, 7, 16       
                                114, 119, 132, 133    24, 4, 4, 2         
                                133, 145, 150, 151    18, 8, 8, 6         
                                155, 157, 157, 159    6, 6, 22, 6         
                                163, 165, 165, 165    7, 6, 15, 27        
                                168, 168, 172, 172    8, 17, 11, 22       
                                174, 175, 176, 178    5, 5, 3, 3          
                                178, 181, 182, 184    12, 5, 9, 19        
                                185, 185, 188, 194    4, 10, 16, 5        
                                196, 200, 205, 208    27, 43, 31, 8       
                                218, 228, 238, 241    47, 12, 5, 7        
                                244, 247, 252, 257    15, 14, 7, 3        
                                275, 278, 280, 280    3, 8, 5, 14         
                                285, 298, 298, 300    5, 39, 48, 6        
                                309, 309, 309, 309    10, 16, 20, 32      
                                311, 312, 314, 316    3, 4, 6, 16         
                                318, 320, 326, 327    10, 9, 11, 11       
                                331, 335, 336, 347    6, 9, 7, 17         
                                348, 349, 349, 356    18, 11, 27, 14      
                                357, 359, 359, 359    14, 6, 9, 17        
                                374, 374, 374, 380    13, 20, 34, 8       
                                402, 402, 402, 413    22, 27, 32, 2       
                                416, 430, 431, 518    11, 8, 8, 10        
                                534, 536, 601, 622    11, 6, 13, 22       
                                631, 631, 632, 633    7, 14, 7, 8         
                                634, 638, 638, 645    21, 2, 16, 2        
                                647, 657, 661, 714    6, 2, 3, 23         
                                716, 742, 748, 787    4, 41, 21, 39       
                                804, 855, 856, 860    17, 6, 4, 2         
                                861                   4                   
үйл ажиллагаа                   25, 26, 42, 42        22, 16, 9, 14       
                                44, 46, 50, 64        25, 17, 28, 24      
                                101, 103, 120, 151    6, 32, 4, 67        
                                168, 182, 196, 205    38, 12, 3, 22       
                                218, 235, 257, 283    38, 3, 8, 11        
                                307, 309, 320, 333    8, 22, 5, 11        
                                352, 366, 413, 434    13, 17, 3, 5        
                                435, 459, 531, 541    5, 14, 6, 3         
                                544, 556, 571, 577    3, 4, 3, 3          
                                607, 610, 624, 638    2, 3, 3, 23         
                                638, 655, 655, 659    31, 16, 25, 8       
                                666, 667, 679, 684    19, 19, 15, 11      
                                689, 692, 709, 723    8, 18, 28, 8        
                                733, 798, 825, 842    6, 2, 3, 5          
                                846, 851              3, 7                
суралцагч                       25, 28, 32, 34        9, 3, 3, 5          
                                46, 58, 100, 103      7, 5, 4, 28         
                                170, 187, 301, 312    15, 3, 7, 10        
                                366, 412, 563, 567    3, 2, 7, 5          
                                644, 651, 669, 669    10, 10, 27, 59      
                                676, 676, 700, 702    10, 32, 2, 10       
                                712, 717, 721, 758    8, 13, 14, 13       
                                774, 776, 777, 784    7, 5, 5, 2          
                                804, 815, 817, 858    14, 3, 3, 3         
                                862, 863              3, 3                
мэргэжил                        25, 34, 84, 108       12, 20, 11, 5       
                                133, 151, 151, 153    12, 34, 47, 17      
                                153, 160, 163, 163    27, 20, 2, 19       
                                163, 165, 168, 168    24, 2, 22, 33       
                                184, 280, 307, 343    7, 3, 21, 6         
                                347, 349, 361, 374    9, 8, 5, 15         
                                380, 380, 384, 404    22, 41, 11, 4       
                                422, 422, 432, 433    8, 16, 9, 9         
                                451, 700, 706, 737    11, 10, 6, 4        
                                771, 802, 803, 803    6, 4, 6, 11         
                                828                   10                  
хангагч                         25, 61, 151, 151      18, 39, 14, 38      
                                163, 168, 241, 347    30, 26, 15, 26      
                                348, 348, 349, 352    14, 26, 24, 31      
                                361, 366, 366, 392    10, 12, 21, 27      
                                422, 432, 433, 434    19, 15, 15, 15      
                                435, 455, 477, 489    15, 22, 12, 19      
                                624, 651, 717, 719    13, 5, 28, 21       
                                723, 733, 758, 768    24, 23, 16, 21      
                                862                   11                  
үйлчилгээ                       26, 40, 48, 48        12, 21, 3, 31       
                                163, 184, 188, 366    23, 3, 5, 2         
                                382, 527, 604, 663    13, 34, 5, 19       
                                719, 767              24, 13              
нэгж                            27, 185, 326, 327     11, 3, 26, 26       
                                719, 855, 856, 861    26, 5, 3, 3         
хүн                             28, 57, 103, 103      7, 15, 18, 23       
                                356, 357, 752, 811    17, 17, 10, 13      
                                870                   4                   
нийгмийн ажилтан                34, 404, 738, 739     2, 2, 27, 27        
урьдчилан сэргийлэх             34                    28                  
багш                            34, 108, 153, 160     9, 4, 24, 19        
                                163, 168, 348, 370    14, 32, 3, 11       
                                372, 374, 380, 380    6, 14, 9, 19        
                                380, 384, 390, 422    40, 9, 5, 14        
                                534, 535, 563, 567    5, 5, 6, 4          
                                644, 706, 717, 738    8, 5, 11, 14        
                                738, 739, 739, 744    34, 14, 34, 9       
                                749, 749, 750, 771    18, 22, 11, 5       
                                785, 803, 819, 825    5, 5, 7, 2          
                                842, 843, 845, 846    4, 9, 15, 8         
                                871                   4                   
үнэлгээ                         34, 133, 160, 174     14, 11, 10, 4       
                                175, 176, 176, 178    4, 2, 8, 2          
                                307, 338, 339, 352    16, 27, 27, 18      
                                359, 661, 666, 667    8, 2, 23, 23        
зам                             34, 72, 285           23, 11, 11          
хөтөлбөр                        36, 36, 46, 81        3, 16, 3, 16        
                                81, 93, 94, 97        21, 2, 2, 4         
                                101, 103, 112, 114    8, 4, 10, 10        
                                160, 176, 182, 200    5, 16, 39, 3        
                                228, 307, 316, 352    5, 11, 12, 2        
                                352, 386, 451, 538    16, 18, 15, 5       
                                714, 833              20, 2               
зохион байгуулагч               38, 101, 103, 163     13, 9, 49, 31       
                                168, 170, 176, 176    36, 11, 12, 24      
                                241, 282, 337, 349    22, 14, 8, 29       
                                376, 409, 418, 430    6, 9, 13, 15        
                                431, 455, 475, 488    15, 24, 17, 6       
                                519, 762, 802, 859    8, 29, 8, 8         
туслах ажилтан                  40                    2                   
сургалтын байгууллага           40, 42, 44, 48        8, 5, 4, 11         
                                112, 121, 126, 128    15, 2, 6, 7         
                                130, 135, 137, 138    5, 2, 9, 7          
                                140, 142, 143, 144    8, 5, 5, 3          
                                147, 148, 160, 170    5, 3, 17, 27        
                                190, 191, 192, 205    4, 2, 2, 2          
                                208, 211, 216, 218    2, 2, 3, 2          
                                226, 228, 234, 238    2, 2, 2, 22         
                                255, 257, 266, 285    2, 5, 9, 2          
                                290, 291, 292, 292    4, 2, 5, 10         
                                298, 298, 300, 301    2, 18, 3, 2         
                                302, 307, 314, 326    2, 6, 2, 29         
                                327, 352, 354, 372    29, 11, 5, 2        
                                384, 419, 432, 433    7, 5, 7, 7          
                                452, 458, 479, 503    5, 5, 6, 5          
                                520, 521, 525, 526    4, 5, 2, 4          
                                527, 527, 527, 529    2, 21, 46, 6        
                                598, 618, 644, 644    15, 3, 2, 37        
                                655, 655, 665, 666    5, 14, 6, 7         
                                666, 667, 667, 669    17, 7, 17, 19       
                                678, 689, 700, 702    4, 3, 32, 3         
                                702, 708, 709, 711    8, 7, 5, 5          
                                712, 717, 719, 723    17, 2, 6, 5         
                                725, 727, 733, 759    2, 2, 3, 6          
                                776, 777, 842, 853    3, 3, 2, 9          
                                857                   9                   
үйлчлэгч                        40, 151, 762, 767     15, 66, 20, 14      
ажилтан                         40, 153, 163, 348     23, 23, 15, 2       
                                372, 380, 384, 422    5, 10, 10, 15       
                                534, 535, 536, 545    6, 6, 15, 3         
                                644, 717, 871         9, 12, 2            
орлого                          42, 455, 498, 638     18, 2, 2, 33        
                                644, 645, 651, 659    27, 4, 13, 10       
                                661, 661, 679, 684    9, 17, 17, 13       
                                689, 692, 709         10, 20, 30          
хөрөнгө                         42, 44, 61, 216       25, 9, 18, 7        
                                645, 655, 706, 709    10, 22, 13, 13      
хувьцаа                         42, 44, 44, 292       27, 13, 15, 21      
хүсэлт                          48, 550, 551, 762     9, 31, 31, 18       
                                842                   9                   
аюул                            48, 64, 282, 402      21, 7, 7, 9         
                                717, 721, 813         25, 19, 4           
гэр бүл                         50, 103, 182, 848     19, 21, 32, 2       
салбар                          56, 338, 338, 339     3, 2, 10, 2         
                                339, 392, 513         10, 2, 13           
зохицуулалт                     56, 163, 168, 318     8, 29, 21, 13       
                                434, 435              21, 21              
нээлт                           58                    15                  
эрүүл мэнд                      61, 64, 182, 282      13, 5, 30, 5        
                                804, 813              2, 2                
ажил                            61, 69, 151, 159      21, 17, 28, 13      
                                182, 238, 241, 247    4, 17, 21, 8        
                                255, 298, 347, 349    21, 22, 20, 25      
                                374, 374, 376, 380    26, 46, 5, 11       
                                390, 418, 430, 431    11, 12, 12, 12      
                                455, 475, 489, 519    23, 16, 16, 7       
                                542, 577, 647, 661    7, 9, 15, 8         
                                692, 723, 733, 738    15, 25, 24, 15      
                                738, 739, 739, 803    38, 15, 38, 3       
тушаал                          61, 380, 380, 479     23, 30, 37, 18      
боловсролын байгууллага         67, 117, 118, 120     5, 1, 1, 9          
                                148, 151, 151, 153    28, 32, 41, 20      
                                167, 247, 368, 442    5, 18, 8, 4         
                                455, 498, 592, 593    5, 4, 5, 5          
                                634, 638              5, 28               
журам                           69, 77, 81, 85        10, 7, 25, 9        
                                88, 157, 234, 235     7, 15, 15, 8        
                                304, 316, 338, 339    10, 9, 20, 20       
                                356, 357, 364, 368    26, 26, 16, 11      
                                368, 380, 382, 384    32, 26, 15, 13      
                                386, 404, 416, 459    22, 9, 8, 8         
                                477, 538, 540, 548    20, 8, 4, 5         
                                601, 604, 651, 659    17, 9, 31, 15       
                                711, 714, 763, 764    18, 37, 21, 28      
                                767, 785, 791, 837    4, 19, 23, 3        
                                841                   8                   
төлбөр                          69, 69, 70, 548       12, 14, 10, 2       
                                604, 604, 663, 679    2, 6, 20, 13        
                                704, 759, 829, 838    4, 10, 2, 2         
бүх нийтийн ерөнхий боловсрол   70                    6                   
суурь боловсрол                 71, 187, 451, 489     4, 4, 2, 12         
                                517, 847              4, 6                
мэргэшил                        72, 72, 184, 347      4, 13, 9, 13        
                                857, 859              4, 5                
албан бус боловсрол             75, 77, 86, 168       8, 10, 4, 14        
                                170, 172, 359, 749    19, 4, 10, 19       
боловсролын агуулга             77                    2                   
газар                           81, 153, 157, 196     30, 4, 13, 35       
                                200, 217, 224, 226    22, 3, 14, 10       
                                250, 255, 304, 311    13, 13, 15, 6       
                                326, 327, 331, 333    21, 21, 11, 4       
                                361, 364, 404, 406    4, 14, 11, 6        
                                407, 408, 424, 425    6, 4, 12, 3         
                                432, 433, 452, 472    4, 4, 15, 4         
                                472, 481, 481, 508    14, 4, 25, 4        
                                508, 513, 527, 531    25, 21, 40, 14      
                                647, 651, 657, 659    10, 33, 19, 20      
                                659, 676, 700, 702    27, 43, 45, 19      
                                711, 712, 714, 721    16, 24, 35, 37      
                                725, 727, 729, 729    7, 15, 16, 31       
                                731, 758, 763, 763    11, 3, 3, 19        
                                767, 776, 777, 785    2, 7, 7, 28         
гишүүн                          81, 224, 226, 304     31, 15, 11, 16      
                                424, 531, 534, 570    13, 15, 15, 3       
                                571, 586, 657, 659    28, 6, 20, 21       
                                659, 700, 721         28, 46, 38          
баримт бичиг                    83, 84, 85, 86        4, 2, 2, 10         
                                203, 218              6, 31               
гэрчилгээ                       85                    4                   
захиргаа                        85, 88, 90, 110       14, 12, 21, 5       
                                114, 157, 165, 165    22, 20, 13, 25      
                                172, 178, 188, 196    20, 10, 14, 25      
                                200, 247, 298, 298    41, 16, 37, 46      
                                309, 309, 326, 326    8, 30, 9, 23        
                                327, 327, 335, 336    9, 23, 7, 5         
                                347, 402, 402, 489    22, 20, 25, 17      
                                622, 631, 631, 632    11, 5, 10, 5        
                                762                   24                  
хувийн хэрэг                    86                    14                  
багц цаг                        90                    12                  
номын сан                       103                   39                  
гүйцэтгэгч                      103, 663              29, 8               
музей                           103                   38                  
кино                            103                   41                  
спорт                           103, 182, 774         45, 29, 2           
тохирлын үнэлгээ                110                   10                  
стандартчилал                   110                   9                   
ашгийн төлөө боловсролын сургалтын байгууллага  130, 292              7, 15               
мэргэжлийн сургалт              135, 144, 218, 742    11, 8, 5, 6         
шинжээч                         135, 144, 148, 257    23, 13, 36, 31      
                                700, 737, 869         9, 2, 10            
техникийн боловсрол             145                   4                   
хавсарга судалгаа               151                   57                  
шийдвэр                         151, 208, 241, 252    10, 9, 8, 16        
                                292, 292, 298, 348    14, 24, 11, 24      
                                430, 431, 565, 574    10, 10, 19, 5       
                                729                   42                  
мэдээлэл                        151, 151, 161, 356    13, 65, 12, 19      
                                357, 416, 630, 634    19, 4, 5, 11        
                                719, 829              11, 7               
нийслэл                         153, 153, 157, 170    2, 5, 11, 2         
                                196, 196, 326, 327    33, 39, 19, 19      
                                331, 333, 361, 368    12, 2, 2, 26        
                                406, 407, 408, 410    4, 4, 2, 13         
                                424, 425, 432, 433    15, 11, 2, 2        
                                439, 440, 447, 448    4, 2, 4, 2          
                                452, 472, 481, 481    13, 2, 2, 23        
                                508, 508, 513, 513    2, 23, 9, 19        
                                632, 647, 653, 729    14, 8, 6, 2         
                                729, 764              15, 23              
туслагч                         153, 170, 577, 845    35, 16, 5, 22       
дүрэм                           157, 165, 172, 208    8, 7, 12, 11        
                                338, 339, 538         19, 19, 7           
технологи                       161, 182              14, 20              
хөгжлийн бодлого                163, 538              9, 3                
сум                             170, 439, 440, 632    3, 5, 3, 15         
                                653, 676, 771         7, 21, 2            
хариуцагч                       176, 247, 326, 327    23, 39, 14, 14      
                                364, 426, 427, 428    11, 5, 5, 3         
                                429, 697, 723, 733    3, 9, 28, 27        
аж ахуйн нэгж                   182, 184, 601, 638    6, 16, 10, 13       
өдөр өнжүүлэх үйлчилгээ         182                   51                  
байгаль орчин                   182                   23                  
барилга байгууламж              191, 214, 349, 477    5, 3, 13, 3         
                                717, 721, 723, 725    4, 3, 13, 4         
                                733                   11                  
зөвшөөрөл                       196, 196, 200, 205    6, 7, 36, 7         
                                205, 205, 217, 218    9, 29, 4, 14        
                                218, 218, 235, 241    16, 45, 6, 2        
                                241, 244, 252, 252    13, 3, 12, 21       
                                268, 270, 270, 275    5, 13, 20, 5        
                                278, 283, 320, 410    18, 5, 16, 6        
                                459, 459, 624, 624    4, 17, 6, 11        
дүгнэлт                         196, 250, 252, 278    36, 17, 10, 12      
                                298, 304, 352, 410    55, 7, 20, 10       
                                452, 541, 554, 607    16, 8, 15, 7        
ерөнхий боловсролын лаборатори сургууль  200, 359, 386         8, 35, 11           
гадаадын хөрөнгө оруулалт       200                   30                  
хэлэлцээр                       200, 527              24, 42              
өргөдөл                         208, 247              10, 4               
танилцуулга                     211                   8                   
боловсролын түвшин              213                   6                   
мэдээ                           216, 416, 634         5, 3, 10            
итгэмжлэл                       228, 306, 307, 309    15, 5, 3, 3         
                                316                   14                  
улсын бүртгэлд бүртгэсэн        230, 234, 266         5, 4, 11            
хуулийн этгээдийн улсын бүртгэл  234                   8                   
урьдчилсан зөвшөөрөл            238                   25                  
тал                             241, 252, 347, 348    16, 15, 15, 22      
                                410, 542, 550, 551    9, 12, 26, 26       
                                586, 804, 826, 829    17, 11, 4, 6        
                                843, 858              7, 4                
талууд                          241, 252, 347, 348    16, 15, 15, 22      
                                410, 542, 550, 551    9, 12, 26, 26       
                                586, 804, 826, 829    17, 11, 4, 6        
                                843, 858              7, 4                
санал                           241, 298, 338, 339    17, 50, 8, 8        
                                392, 410, 481, 508    19, 16, 26, 26      
                                536, 542, 550, 551    10, 19, 13, 13      
                                571, 574, 613, 825    31, 4, 7, 7         
                                826, 842, 858         5, 8, 5             
мэргэжлийн байгууллага          247, 282              21, 18              
үүсгэн байгуулах гэрээ          255                   4                   
улсын бүртгэлийн байгууллага    255                   18                  
хяналт шалгалт                  278, 280, 622, 622    3, 9, 2, 17         
тусгаарлах                      285                   9                   
тохиолдол                       291, 380, 434, 435    5, 32, 11, 11       
зөвлөл                          292, 312, 314, 316    13, 6, 12, 5        
                                320, 333, 374, 513    14, 24, 25, 14      
                                527, 527, 527, 527    13, 49, 62, 65      
                                531, 533, 534, 534    5, 5, 3, 18         
                                537, 556, 562, 563    3, 3, 4, 2          
                                565, 570, 570, 571    2, 2, 11, 2         
                                571, 571, 571, 571    11, 25, 37, 40      
                                574, 574, 574, 577    2, 7, 10, 2         
                                583, 586, 589, 610    2, 4, 2, 2          
                                613, 618, 663, 663    2, 6, 5, 26         
                                663, 733              28, 26              
шүүхийн шийдвэр                 296                   4                   
улсын бүртгэл                   300                   7                   
шүүгч                           301                   14                  
шүүх                            301                   14                  
эд хөрөнгө                      302                   8                   
үр                              309, 338, 339, 355    24, 29, 29, 10      
                                481, 508, 542, 655    17, 17, 8, 32       
                                663, 666, 667, 785    6, 24, 24, 9        
                                851                   11                  
зөвлөх                          318, 333, 535, 536    6, 17, 3, 3         
                                560, 565, 567, 580    13, 12, 2, 2        
удирдамж@@                      318                   11                  
захиргааны байгууллага          326, 327, 426, 427    16, 16, 7, 7        
                                428, 429, 622, 762    5, 5, 15, 26        
хөгжлийн төлөвлөлт              333                   14                  
төсөл                           338, 339, 392, 392    12, 12, 16, 18      
                                550, 551, 647, 714    10, 10, 16, 19      
заавар                          338, 339              21, 21              
мэргэжлийн удирдлага            347, 352, 366         24, 29, 19          
тоног төхөөрөмж                 349, 455, 717, 719    17, 17, 8, 15       
                                721, 723              8, 18               
баталгаажуулах                  352                   27                  
олон улсын байгууллага          355                   5                   
эрдэм шинжилгээний байгууллага  356, 357              7, 7                
хяналт тавих                    356, 357, 366, 392    23, 23, 15, 28      
                                413, 442, 544, 554    5, 10, 6, 7         
                                601, 624, 829         8, 16, 9            
зуучлагч                        356, 357              18, 18              
олон улсын хөтөлбөрийн сургалттай ерөнхий боловсролын сургууль  359, 374, 386, 527    27, 37, 3, 25       
                                700                   12                  
сонгогч                         359, 418, 472, 479    40, 10, 6, 9        
                                481, 508, 513, 534    5, 5, 15, 22        
                                535, 536, 567, 570    17, 17, 10, 7       
                                574, 586, 799, 802    11, 18, 14, 2       
                                824, 828, 841         7, 19, 10           
сургалтын төлбөр                364, 638, 651, 692    8, 19, 22, 10       
                                709, 712              22, 19              
хөнгөлөлт                       364, 709, 737, 741    2, 25, 19, 8        
                                784, 827, 860         4, 7, 14            
зээл                            364, 368, 638, 651    3, 16, 27, 24       
                                702, 709, 741, 771    15, 26, 9, 12       
                                771                   16                  
сан                             368, 554, 653, 657    17, 5, 11, 6        
                                657, 771              10, 13              
оюутан                          368, 372, 763, 764    21, 7, 9, 9         
                                771                   9                   
оюутан-цэрэг                    368, 372, 763, 764    21, 7, 9, 9         
                                771                   9                   
оюутан-цэрг                     368, 372, 763, 764    21, 7, 9, 9         
                                771                   9                   
насан туршийн боловсрол         374, 380              28, 5               
тодорхойлолт                    374, 390, 801, 843    48, 14, 11, 11      
хүнс                            382, 402, 477, 721    11, 7, 17, 11       
арга хэмжээ                     386, 550, 551, 871    16, 8, 8, 13        
төр, хувийн хэвшлийн түншлэл    392, 392, 392         3, 11, 21           
нэмэгдэл                        404, 737, 737, 738    6, 8, 10, 41        
                                738, 739, 739, 744    57, 41, 57, 10      
                                752, 789              16, 5               
тайлан                          416, 441, 541, 607    2, 10, 5, 4         
                                610                   6                   
этгээд                          521, 748              13, 2               
хөрөнгө оруулалт                550, 551, 638         3, 3, 9             
малчин                          550, 551              27, 27              
төсөв                           554, 709              4, 19               
комисс                          577                   8                   
хандив                          601, 638, 709, 829    15, 26, 24, 3       
эрх бүхий этгээд                624                   8                   
орон нутгийн төсөв              638, 649, 669, 679    6, 17, 14, 5        
                                684                   7                   
улсын төсөв                     638, 645, 647, 661    4, 7, 12, 5         
                                663, 669, 679, 684    12, 63, 3, 5        
                                689, 692, 748         5, 8, 17            
улсын  төсөв                    638, 645, 647, 661    4, 7, 12, 5         
                                663, 669, 679, 684    12, 63, 3, 5        
                                689, 692, 748         5, 8, 17            
аж ахуйн үйл ажиллагаа          644                   18                  
хөгжлийн бэрхшээлтэй иргэн      651                   16                  
мэргэжилтэн                     651                   8                   
сангийн хөрөнгө                 654                   5                   
хураамж                         661, 704              16, 5               
орон нутгийн өмч                666, 667, 742, 787    3, 3, 3, 3          
хөгжлийн бэрхшээлтэй суралцагч  700, 717, 768, 815    22, 17, 14, 10      
чадамж                          714                   17                  
сургалтын орчин                 716                   5                   
эрүүл ахуй                      717, 721              23, 15              
үйлдвэрлэгч                     719                   20                  
ариун цэвэр                     721                   17                  
хот төлөвлөлт                   727                   6                   
хэсэгчилсэн ерөнхий төлөвлөгөө  729                   22                  
ашиглалт                        729, 829              29, 5               
үйлдвэрлэлийн орчин             733                   16                  
туслах багш                     738, 739, 750         36, 36, 12          
хөдөлмөрийн нөхцөл              738, 739              53, 53              
орлог                           738, 739              19, 19              
сууц                            741                   2                   
тэтгэвэр                        742, 787              28, 25              
тэтгэмж                         742, 748, 784, 787    38, 16, 8, 36       
                                791, 791              8, 13               
сургуулийн нийгмийн ажилтан     749                   13                  
багшийн хөгжил                  752                   7                   
гэрээ                           762, 853, 857         11, 11, 12          
тээврийн хэрэгсэл               764                   2                   
нийтийн тээвэр                  764                   10                  
эмнэлэг                         767                   6                   
захиалагч                       771                   3                   
магистрант                      771                   10                  
гомдол                          804                   18                  
зах зээл                        828                   15                  
ажилгүй                         828                   13                  
