File: MNCLW00739.txt
Search Method: Trie (MWE + Single-Word)
Total runtime: 0.001365s
Found terms: 89

Term                            Line                  Word Place          

хуулийн этгээдийн улсын бүртгэл  6, 7, 8, 17           1, 31, 31, 5        
                                18                    5                   
мөрдөгч                         6, 15, 16, 17         8, 13, 13, 19       
                                18                    19                  
журам                           6, 15, 16             9, 27, 27           
төрийн бус байгууллага          7, 8                  44, 44              
улсын бүртгэлийн байгууллага    7, 8, 9, 10           53, 53, 27, 27      
                                11, 12                28, 28              
улсын бүртгэл                   7, 8, 9, 10           5, 5, 15, 15        
                                11, 12, 13, 14        5, 5, 5, 5          
                                15, 16                5, 5                
эрүүл мэнд                      7, 8                  19, 19              
хуулийн этгээд                  7, 8, 13, 14          25, 25, 28, 28      
                                15, 16                16, 16              
зохион байгуулагч               7, 8, 9, 10           57, 57, 34, 34      
этгээд                          7, 8, 11, 12          4, 4, 4, 4          
                                13, 14, 15, 16        4, 4, 4, 4          
мэдээлэл                        7, 8                  22, 22              
байгууллага                     7, 7, 8, 8            23, 28, 23, 28      
                                9, 10                 4, 4                
хүсэлт                          7, 8, 11, 12          29, 29, 23, 23      
компани                         7, 8                  39, 39              
холбоо                          7, 8                  43, 43              
сан                             7, 8                  49, 49              
ажил                            7, 8                  52, 52              
хариуцагч                       7, 8                  56, 56              
улсын төсөвт үйлдвэрийн газар   9, 10                 8, 8                
төрийн байгууллага              9, 10                 31, 31              
газар                           9, 10                 6, 6                
хангагч                         9, 10                 24, 24              
хуулийн этгээдийн нэр           13, 14                14, 14              
тохиолдол                       13, 14                33, 33              
төлөөлөгчийн газар              15, 16                19, 19              
салбар                          15, 16                18, 18              
