File: MNCLW00561.txt
Search Method: Aho-Corasick
Total runtime: 0.008000s
Found terms: 621

Term                            Line                  Word Place          

тамхины хяналт                  6, 7, 13, 37          1, 1, 18, 3         
                                37, 48, 54, 179       11, 11, 10, 10      
                                195, 297, 302, 303    7, 7, 1, 1          
                                326, 327              16, 9               
нийтлэх                         10, 11, 52            1, 1, 11            
аж ахуйн нэгж                   13, 76                29, 22              
хэрэглэгч                       13, 18, 24, 41        6, 3, 5, 2          
                                70, 83, 84, 108       2, 4, 4, 28         
                                109, 263, 318         28, 13, 2           
үр                              13, 41                11, 15              
хүн                             13, 24, 37, 41        13, 12, 13, 6       
                                55, 70, 95, 111       13, 6, 3, 5         
                                256, 256, 333         52, 54, 4           
иргэн                           13, 37, 52, 56        28, 24, 7, 26       
                                65, 67, 68, 70        26, 4, 6, 20        
                                89, 124, 125, 308     3, 7, 6, 2          
                                308, 329, 330         11, 18, 18          
байгууллага                     13, 50, 54, 55        32, 39, 8, 25       
                                76, 80, 87, 90        25, 3, 25, 33       
                                96, 132, 132, 145     13, 20, 35, 13      
                                147, 147, 149, 159    24, 43, 37, 6       
                                169, 177, 179, 191    2, 25, 31, 20       
                                193, 193, 221, 223    14, 26, 10, 12      
                                223, 229, 245, 272    36, 16, 17, 6       
                                282, 282, 292, 297    6, 19, 4, 4         
                                297, 298, 299, 299    13, 4, 19, 39       
                                308, 324, 324, 326    10, 22, 30, 4       
                                329, 330              23, 23              
мөрдөгч                         16                    17                  
бүтээгдэхүүн                    19, 19, 29, 31        2, 19, 17, 6        
                                95, 243, 264, 264     2, 2, 13, 17        
үйлдвэрлэгч                     19, 22, 42, 48        17, 2, 2, 2         
                                79, 79, 85, 87        2, 17, 6, 2         
                                90, 99, 107, 107      5, 8, 3, 8          
                                113, 116, 132, 136    10, 10, 2, 2        
                                140, 143, 147, 149    2, 2, 2, 2          
                                173, 264, 272, 282    2, 14, 2, 2         
үйл ажиллагаа                   22, 23, 37, 40        8, 15, 18, 8        
                                42, 44, 46, 48        14, 3, 7, 19        
                                50, 79, 132, 132      33, 14, 6, 23       
                                136, 151, 153, 159    6, 3, 3, 10         
                                163, 165, 173, 175    2, 3, 8, 8          
                                177, 253, 270, 280    6, 10, 8, 9         
                                297, 302, 303, 315    9, 3, 3, 10         
хуулийн этгээд                  22, 42, 48, 52        11, 9, 9, 8         
                                56, 67, 78, 124       24, 5, 6, 8         
                                179, 227, 229, 308    4, 7, 4, 3          
                                329, 330, 333         19, 19, 5           
зар сурталчилгаа                23, 50, 253, 278      2, 28, 4, 4         
                                280                   4                   
мэдээлэл                        23, 41, 70, 79        13, 22, 19, 20      
                                243, 256, 266, 268    6, 59, 15, 23       
                                316                   6                   
зам                             24, 37, 256, 272      11, 10, 56, 17      
талууд                          27, 35, 36, 36        6, 5, 3, 11         
                                40, 44, 50, 50        3, 11, 4, 35        
                                52, 53, 54, 56        5, 3, 12, 4         
                                60, 61, 67, 68        3, 3, 3, 10         
                                70, 78, 93, 93        15, 3, 10, 23       
                                95, 159, 268, 276     9, 13, 9, 2         
                                316                   5                   
тал                             27, 35, 36, 36        6, 5, 3, 11         
                                40, 44, 50, 50        3, 11, 4, 35        
                                52, 53, 54, 56        5, 3, 12, 4         
                                60, 61, 67, 68        3, 3, 3, 10         
                                70, 78, 93, 93        15, 3, 10, 23       
                                95, 159, 268, 276     9, 13, 9, 2         
                                316                   5                   
тамхин бүтээгдэхүүн             29, 31, 124, 126      5, 17, 2, 12        
                                256, 264, 266         19, 3, 8            
барааны тэмдэг                  29, 31, 256           8, 9, 24            
үйлчилгээ                       29, 31, 128, 159      18, 7, 5, 8         
                                161, 274, 287         4, 6, 4             
утаат тамхи                     33, 63, 74, 285       7, 6, 6, 3          
тоног төхөөрөмж                 33, 199, 317          15, 2, 8            
тусгаарлах                      33                    18                  
эрүүл мэндийг дэмжих            37, 55, 305, 314      15, 15, 12, 3       
                                315                   7                   
төрийн бус байгууллага          40, 54, 54, 327       16, 15, 21, 6       
хөтөлбөр                        40, 314               5, 7                
эрүүл мэнд                      41, 70, 193, 260      7, 7, 16, 3         
нээлт                           42                    11                  
хөнгөлөлт                       44, 264               7, 27               
шуудан                          48, 272, 272, 282     21, 19, 20, 3       
тамхи үйлдвэрлэгч               50, 56, 78, 145       10, 15, 4, 14       
                                175, 177, 197, 241    6, 4, 4, 2          
ивээн тэтгэгч                   50, 253, 280          31, 8, 7            
нийтийн мэдээлэл                50, 299               41, 12              
төрийн байгууллага              53                    4                   
захиргаа                        54, 87, 90, 96        6, 23, 31, 11       
                                132, 132, 145, 147    18, 33, 11, 22      
                                147, 149, 177, 179    41, 35, 23, 29      
                                191, 193, 223, 229    18, 12, 34, 14      
                                299                   37                  
удирдлага                       54                    28                  
зохицуулалт                     54, 83, 84, 297       29, 6, 6, 12        
хангагч                         54, 70, 80, 92        30, 21, 20, 15      
                                209, 211, 241, 245    5, 4, 11, 8         
                                251                   12                  
нутгийн өөрөө удирдах байгууллага  55                    5                   
ашиг сонирхлын зөрчил           58                    8                   
тохиолдол                       58, 223, 299          14, 19, 10          
санал                           58, 132, 187, 195     18, 36, 5, 6        
                                217, 235, 245, 247    7, 3, 18, 5         
                                299                   15                  
төрийн албан хаагч              60, 61                11, 11              
ажилтан                         60, 61                15, 15              
утаат тамхи татах зөвшөөрөгдсөн цэг  65, 76, 90, 290       17, 7, 19, 7        
                                292                   5                   
нийтийн эдэлбэрийн газар        65                    13                  
газар                           65, 76, 122, 128      8, 6, 3, 10         
                                132, 134, 134, 145    39, 2, 19, 40       
                                274, 285, 287, 288    7, 2, 5, 3          
                                290, 298, 298, 306    6, 12, 16, 4        
                                309, 310, 312, 319    4, 4, 4, 9          
                                324                   11                  
сум                             65, 151               24, 7               
зохион байгуулагч               68, 115               20, 9               
эрсдэл                          70                    12                  
хандив                          72, 260, 272, 282     5, 22, 14, 24       
                                308                   15                  
барилга байгууламж              76, 245               16, 4               
хувьцаа                         79                    8                   
боодол                          80, 93, 108, 109      9, 21, 5, 5         
                                113, 116, 215, 268    11, 4, 4, 5         
стандарт                        80, 90, 161, 161      11, 25, 5, 8        
                                179, 195, 215, 241    15, 12, 6, 9        
                                268                   11                  
эрүүл ахуй                      87, 215, 249, 251     6, 8, 13, 9         
дүгнэлт                         87, 106, 159, 163     17, 7, 20, 15       
                                171, 223, 249         4, 25, 22           
захиргааны байгууллага          89, 163               15, 12              
зөвшөөрөгдөх дээд хэмжээ        90                    16                  
стандартчилал                   90                    35                  
зөвлөл                          90, 319               37, 3               
дүрэм                           95, 319               18, 2               
тэмдэглэл                       98                    5                   
борлуулалт                      115                   2                   
онцгой албан татварын тэмдэг    116                   6                   
бусад газар                     117                   3                   
хяналт тавих                    128, 147, 147, 297    6, 11, 32, 20       
                                316, 323, 326, 327    10, 9, 22, 17       
журам                           128, 175, 225, 297    8, 16, 8, 16        
                                319                   7                   
зөвшөөрөл                       130, 145, 151, 153    6, 28, 6, 6         
                                155, 165, 167, 173    2, 6, 2, 18         
                                179, 229, 231         2, 2, 2             
тусгай зөвшөөрөл                132, 132, 134, 136    9, 26, 3, 9         
                                136, 140, 140, 143    15, 6, 12, 3        
                                145, 147, 147, 149    21, 6, 27, 6        
                                149, 175, 177, 191    22, 11, 9, 4        
                                225, 227              5, 3                
ургамал                         132, 136, 140, 145    4, 4, 4, 17         
                                147, 149, 173, 175    4, 4, 6, 4          
                                177, 197              2, 2                
хүнс                            132, 134, 147, 177    11, 9, 15, 16       
                                179, 191, 193, 193    22, 14, 8, 20       
                                223                   27                  
ажилгүй                         132, 134, 145, 147    13, 11, 3, 17       
                                177, 179, 223, 305    18, 24, 29, 3       
сонгогч                         143, 175, 177, 179    12, 14, 13, 6       
                                195, 223              3, 3                
хүсэлт                          145, 179, 231         25, 9, 3            
шалгагч                         145, 223              38, 24              
чөлөөт бүс                      151, 151              11, 15              
улсын бүртгэлийн гэрчилгээ      157, 181, 217, 233    3, 3, 8, 3          
этгээд                          157, 181, 233, 259    2, 2, 2, 2          
                                272                   7                   
ажил                            159, 191, 193, 219    18, 12, 5, 6        
                                223, 223, 292         8, 20, 11           
хариуцагч                       163                   10                  
өргөдөл                         167, 217, 221         6, 4, 5             
тодорхойлолт                    169, 235              3, 4                
цахим хуудас                    177                   32                  
төсөл                           177, 177, 197, 219    12, 38, 6, 3        
                                223, 314              6, 6                
зарлаг                          177                   36                  
нотлох баримт                   183, 185              4, 14               
өр                              183, 289              2, 11               
төлбөр                          185                   9                   
систем                          185                   11                  
нийслэл                         187, 247              2, 2                
үнэлгээ                         189, 191, 197, 217    4, 10, 10, 14       
                                219                   14                  
салбар                          193, 326              21, 6               
технологи                       201, 201, 256         2, 7, 75            
аюул                            209, 211, 245         3, 2, 6             
зураг төсөл                     213                   2                   
бүрдэл                          213                   5                   
гишүүн                          219, 219              8, 12               
гэрчилгээ                       237, 241              2, 14               
гэрээ                           239                   4                   
баримт бичиг                    241                   15                  
гаалийн байгууллага             251                   4                   
соёлын ажилтан                  256                   45                  
тамирчин                        256                   43                  
кино                            256                   61                  
спорт                           256, 260              67, 10              
биеийн тамир                    260                   8                   
бараа                           263                   2                   
төсөв                           264                   6                   
бэлэг                           264                   16                  
агуулах                         268, 288, 299         24, 13, 26          
брэнд өргөтгөх                  270                   3                   
брэнд хуваалцах                 270                   6                   
нийгмийн халамж                 282                   12                  
нийтийн тээвэр                  286                   3                   
тэсэрч дэлбэрэх бодис           288                   6                   
зочид буудал                    289                   4                   
баар                            290                   4                   
дотоод орчин                    292                   13                  
нэгж                            292, 297, 298, 326    3, 3, 3, 3          
зорчигч                         294                   3                   
нийтийн зориулалттай орон сууцны байшин  295                   13                  
эмнэлэг                         295                   8                   
орц                             295                   18                  
гомдол                          299                   14                  
сан                             304, 305, 305, 306    6, 15, 17, 6        
                                309, 310, 312         6, 6, 6             
хөрөнгө                         308, 309, 310, 312    24, 2, 2, 2         
урьдчилан сэргийлэх             315                   5                   
эм                              317                   6                   
хяналт шалгалт                  324                   16                  
нэгжийн удирдлага               326                   7                   
шинжээч                         332                   10                  
