File: MNCLW00791.txt
Search Method: Aho-Corasick
Total runtime: 0.004177s
Found terms: 413

Term                            Line                  Word Place          

нийтлэх                         10, 11, 56            1, 1, 9             
орон нутгийн төсөв              13, 27, 76, 139       6, 2, 7, 8          
орон нутгийн өмч                13, 15, 16, 31        11, 23, 23, 3       
үйл ажиллагаа                   13, 26, 31, 71        24, 6, 12, 3        
                                81, 143, 152, 153     7, 27, 8, 11        
                                157                   49                  
хяналт тавих                    13                    34                  
хөрөнгө                         13, 15, 16, 24        14, 26, 26, 5       
                                31, 72, 95, 143       6, 11, 18, 20       
үр                              13, 78, 158           15, 10, 12          
удирдлага                       13                    21                  
шийдвэр                         13, 36, 58, 95        23, 13, 5, 25       
                                136, 140, 143         10, 12, 31          
нээлт                           13, 44                28, 8               
мэдээлэл                        13, 44, 48, 49        36, 7, 5, 5         
                                53, 54, 56, 57        10, 3, 12, 16       
                                59, 59, 60, 61        9, 21, 13, 5        
                                62, 69, 77, 87        10, 5, 5, 8         
                                90, 97, 98, 98        23, 5, 14, 17       
                                102, 106, 107, 114    6, 11, 11, 17       
                                114, 117, 121, 121    28, 11, 15, 18      
                                122, 122, 127, 127    15, 18, 13, 21      
                                128, 128, 129, 130    13, 21, 11, 11      
                                135, 137, 139, 139    7, 27, 69, 86       
                                139, 139, 140, 142    109, 114, 3, 3      
                                157, 157, 158         7, 21, 6            
нийтийн мэдээлэл                15, 16                14, 14              
бараа                           15, 16, 31, 91        27, 27, 7, 10       
ажил                            15, 16, 24, 25        28, 28, 12, 5       
                                31, 91, 155           8, 11, 4            
үйлчилгээ                       15, 16, 24, 25        29, 29, 13, 6       
                                31, 89, 91, 114       9, 10, 12, 26       
                                127, 128              19, 19              
мөрдөгч                         18, 35, 74, 96        17, 23, 33, 23      
                                109, 112, 115, 144    33, 32, 48, 23      
                                164                   12                  
үйлчлэгч                        19, 20, 157           4, 15, 46           
эрх бүхий албан тушаалтан       20, 143, 145, 147     9, 36, 5, 5         
эд хөрөнгө                      20                    5                   
байгууллага                     20, 24, 37, 55        3, 19, 15, 48       
                                56, 59, 62, 70        23, 20, 6, 3        
                                87, 89, 98, 121       6, 2, 8, 9          
                                122, 135, 136, 139    9, 5, 2, 30         
                                155, 157, 157         9, 12, 48           
хуулийн этгээд                  21, 157, 159          6, 23, 2            
газар                           22, 30, 32, 33        4, 2, 2, 2          
                                36, 55, 56, 101       2, 25, 27, 2        
                                102, 106, 107, 117    2, 7, 7, 7          
                                129, 130, 139, 139    7, 7, 12, 27        
                                139, 143              71, 2               
нэгдмэл сонирхолтой этгээд      23                    14                  
хувьцаа                         23                    7                   
компани                         23, 138               19, 12              
аж ахуйн нэгж                   24                    16                  
хөрөнгө оруулалт                24, 73, 85, 99        6, 3, 5, 9          
                                139                   77                  
арга хэмжээ                     24, 158               10, 9               
төсөл                           24, 84, 139           8, 5, 46            
хөтөлбөр                        24, 139               9, 47               
гүйцэтгэгч                      24, 25, 37            14, 12, 16          
төсөв                           26, 37, 59, 63        4, 4, 3, 3          
                                70, 75, 95, 99        6, 2, 16, 2         
                                143                   18                  
нийгмийн даатгалын сангийн төсөв  27                    6                   
сан                             29, 30, 63, 85        4, 4, 11, 2         
                                86, 139               4, 18               
өрийн бичиг                     32, 95, 139, 143      5, 3, 35, 5         
зээл                            33, 95, 143           8, 2, 4             
концесс                         35, 96, 144           3, 3, 3             
өр                              36, 95, 143           8, 21, 23           
үндэсний аюулгүй байдал         37                    5                   
гүйцэтгэх ажил                  37, 114, 127, 128     10, 23, 16, 16      
ажилгүй                         37                    17                  
байгууллагын нууц               38, 114, 127, 128     10, 13, 9, 9        
ачаа                            42                    3                   
стандарт                        46, 47, 56            3, 3, 10            
цахим хуудас                    49, 49, 53, 55        7, 11, 11, 8        
                                55, 55, 56, 57        14, 39, 6, 4        
                                59, 134, 139, 139     14, 32, 84, 91      
                                139, 139, 139, 139    101, 104, 112, 119  
хангагч                         49, 60                16, 10              
мэдээллийн сан                  53                    16                  
архив                           53                    15                  
захиргаа                        55, 56, 98, 121       46, 21, 6, 7        
                                122, 134, 159         7, 6, 11            
агуулах                         56, 92                11, 19              
журам                           56, 90, 137, 139      14, 7, 11, 73       
                                157                   37                  
санал                           56                    24                  
төсвийн төсөл                   65                    3                   
аудитын тайлан                  67, 93                20, 5               
дүгнэлт                         67, 67, 93, 157       8, 22, 7, 52        
тайлбар                         68, 80, 103           6, 9, 7             
шалгуур үзүүлэлт                70, 90, 137           9, 14, 18           
төсвийн байгууллага             71, 139, 139, 153     6, 82, 110, 5       
орлого                          71, 71, 75, 76        5, 9, 8, 11         
                                81, 85, 92            9, 3, 11            
нийгмийн даатгал                72                    5                   
шилжүүлэг                       72                    14                  
төр, хувийн хэвшлийн түншлэл    73, 74, 95, 109       8, 7, 11, 7         
                                112, 114, 115, 115    6, 18, 6, 22        
                                139, 143              38, 13              
төсөл, арга хэмжээ              73                    5                   
концессын зүйл                  74, 109, 115, 127     3, 3, 19, 14        
                                128                   14                  
улсын төсөв                     76                    5                   
улсын  төсөв                    76                    5                   
төсвийн  зарлага                81                    3                   
төсвийн зарлага                 81                    3                   
туслагч                         81                    6                   
ерөнхий мэдээлэл                83                    14                  
тендер                          83, 90, 90, 137       8, 10, 16, 14       
                                137                   20                  
зарлаг                          83                    9                   
сонгогч                         83                    10                  
зарлага                         84, 85, 92, 99        3, 4, 12, 8         
                                139, 140, 146         67, 4, 2            
төлбөр                          89, 139, 146          7, 128, 3           
хураамж                         89                    8                   
зохицуулалт                     89                    9                   
баримт бичиг                    90                    2                   
тендер шалгаруулалт             90, 137               4, 8                
тендерийн урилга                90, 137               8, 12               
оролцогч                        90, 137               20, 24              
хяналт шалгалт                  93, 155               10, 10              
гэрээ                           95, 111, 112, 115     15, 11, 10, 10      
                                125, 125, 126, 126    2, 8, 2, 8          
                                127, 128, 143         2, 2, 17            
нийгмийн даатгалын сан          99, 134               3, 13               
төсвийн орлого                  99                    6                   
гадаадын зээл                   101                   3                   
гадаад зээл                     101                   3                   
ашиглалт                        101                   6                   
үнэт цаас                       106, 107, 117, 129    9, 9, 9, 9          
                                130, 139              9, 33               
түншлэлийн гэрээ                111, 114              4, 4                
концессын гэрээ                 112, 115              3, 3                
хувийн хэвшлийн түншлэгч        114, 115              9, 15               
концесс эзэмшигч                115, 127, 128         12, 6, 6            
эрх бүхий этгээд                134, 140              20, 9               
захиргааны байгууллага          134                   11                  
төлбөр авагч                    134                   18                  
тэтгэвэр                        134                   16                  
тэтгэмж                         134                   17                  
этгээд                          134, 139, 139, 152    25, 58, 127, 5      
тендерийн баримт бичиг          137                   5                   
батлан даалт                    138                   19                  
сангийн хөрөнгө                 139                   22                  
хувийн ашиг сонирхол            140                   19                  
ашиг сонирхлын зөрчил           140                   23                  
урьдчилан сэргийлэх             140                   26                  
мэдэгдэл                        140                   35                  
иргэн                           142, 152, 152, 157    7, 15, 18, 22       
                                157, 158              25, 15              
гарын үсэг зурах                143, 146              33, 7               
төрийн аудитын байгууллага      152, 157              21, 39              
төсвийн ерөнхийлөн захирагч     153                   24                  
аудитын байгууллага             154, 158              2, 2                
төрийн байгууллага              157                   26                  
гомдол                          157, 157, 158, 159    20, 32, 5, 14       
өргөдөл                         157                   31                  
хүсэлт                          157                   54                  
шинжээч                         161                   10                  
