File: MNCLW00379.txt
Search Method: Aho-Corasick
Total runtime: 0.009239s
Found terms: 1044

Term                            Line                  Word Place          

төрийн ордон                    5                     1                   
хүү                             5, 13, 13, 14         4, 20, 28, 5        
                                15, 19, 19, 19        3, 3, 17, 24        
                                20, 22, 23, 25        17, 1, 1, 16        
                                26, 28, 28, 29        13, 3, 29, 3        
                                30, 31, 32, 32        5, 3, 12, 21        
                                37, 38, 39, 49        4, 14, 18, 5        
                                50, 52, 53, 62        5, 4, 4, 5          
                                66, 67, 68, 68        11, 7, 4, 17        
                                97, 102, 103, 107     15, 6, 6, 22        
                                123, 124, 128, 129    4, 4, 6, 6          
                                130, 140, 157, 160    4, 3, 10, 9         
                                169, 170, 172, 172    10, 15, 13, 15      
                                175, 197, 212, 213    13, 7, 8, 12        
                                216, 237, 241, 251    29, 6, 8, 11        
                                256, 262, 268, 275    15, 26, 3, 18       
                                278, 288, 323, 323    9, 27, 3, 23        
монгол улсын хүний эрхийн үндэсний комисс  6, 13                 1, 5                
үйл ажиллагаа                   13, 20, 25, 32        11, 29, 13, 3       
                                33, 55, 125, 148      2, 4, 4, 3          
                                213, 217, 219, 240    9, 19, 22, 2        
                                243, 244, 254, 266    4, 8, 12, 7         
                                267, 283, 286, 288    18, 5, 7, 14        
                                291, 291, 300, 303    25, 29, 18, 16      
урьдчилан сэргийлэх             13, 20, 20, 32        26, 3, 22, 19       
                                152, 250, 251, 253    3, 5, 16, 3         
                                254, 255, 256, 262    3, 5, 3, 3          
                                264, 266, 267, 270    3, 5, 3, 3          
                                274, 275, 275, 282    5, 3, 23, 3         
                                283, 284, 285, 286    3, 3, 3, 3          
                                287, 288, 289, 291    5, 3, 3, 3          
                                292, 293, 294, 295    5, 3, 3, 3          
                                317                   21                  
нийтэд түгээх                   13, 32                32, 25              
комисс                          14, 15, 19, 28        8, 6, 6, 32         
                                30, 31, 31, 31        8, 6, 8, 13         
                                31, 34, 34, 65        32, 17, 26, 3       
                                67, 78, 85, 94        16, 14, 9, 11       
                                97, 98, 99, 102       5, 18, 18, 9        
                                102, 103, 103, 110    20, 9, 20, 4        
                                119, 121, 121, 127    9, 5, 11, 4         
                                130, 131, 133, 134    12, 10, 1, 1        
                                145, 166, 175, 176    6, 3, 23, 18        
                                208, 209, 216, 223    1, 1, 27, 1         
                                224, 226, 227, 228    1, 9, 4, 4          
                                231, 233, 236, 246    7, 6, 9, 5          
                                295, 297, 298, 307    7, 1, 1, 5          
                                314                   8                   
этгээд                          15, 20, 115, 173      17, 6, 3, 11        
                                198, 200, 268, 268    12, 4, 10, 18       
                                269, 269, 303         3, 9, 19            
олон улсын гэрээ                16, 38, 107, 157      12, 11, 18, 6       
                                169, 175, 323         6, 9, 10            
тодорхойлолт                    17                    6                   
баар                            19, 20, 31, 32        33, 26, 24, 11      
                                34, 34, 60, 88        10, 22, 3, 9        
                                107, 119, 159, 161    8, 6, 18, 12        
                                164, 176, 226, 227    21, 11, 5, 12       
                                228, 295, 306, 313    12, 11, 51, 19      
байгууллага                     19, 26, 28, 29        36, 5, 28, 10       
                                31, 37, 39, 40        50, 16, 17, 17      
                                43, 44, 49, 50        9, 6, 2, 2          
                                69, 70, 115, 116      5, 27, 26, 12       
                                124, 137, 172, 177    13, 14, 5, 12       
                                185, 187, 188, 190    7, 7, 7, 13         
                                196, 197, 198, 200    9, 2, 20, 12        
                                201, 212, 213, 215    5, 3, 3, 7          
                                217, 219, 272, 273    26, 30, 9, 9        
                                281, 282, 288, 288    12, 13, 8, 39       
                                289, 291, 291, 311    11, 22, 35, 14      
                                313, 314, 315         30, 25, 20          
байгууллаг                      19, 26, 28, 29        36, 5, 28, 10       
                                31, 37, 39, 40        50, 16, 17, 17      
                                43, 44, 49, 50        9, 6, 2, 2          
                                69, 70, 115, 116      5, 27, 26, 12       
                                124, 137, 172, 177    13, 14, 5, 12       
                                185, 187, 188, 190    7, 7, 7, 13         
                                196, 197, 198, 200    9, 2, 20, 12        
                                201, 212, 213, 215    5, 3, 3, 7          
                                217, 219, 272, 273    26, 30, 9, 9        
                                281, 282, 288, 288    12, 13, 8, 39       
                                289, 291, 291, 311    11, 22, 35, 14      
                                313, 314, 315         30, 25, 20          
шүүлт                           20, 20, 152, 202      2, 7, 2, 2          
                                250, 253, 254, 255    4, 2, 2, 4          
                                256, 262, 264, 266    2, 2, 2, 4          
                                267, 268, 269, 269    2, 19, 4, 10        
                                270, 274, 275, 281    2, 4, 2, 2          
                                282, 283, 284, 285    2, 2, 2, 2          
                                286, 287, 288, 289    2, 4, 2, 2          
                                291, 292, 293, 294    2, 4, 2, 2          
                                295                   2                   
хөгжлийн бодлогын баримт бичг   25                    7                   
хөгжлийн бодлогын баримт бичиг  25                    7                   
төрийн байгууллага              25, 138, 277          11, 7, 3            
төрийн байгууллаг               25, 138, 277          11, 7, 3            
захиргаа                        25, 31, 230, 294      3, 48, 7, 9         
удирдлага                       26, 172, 185          21, 11, 13          
удирдлаг                        26, 172, 185          21, 11, 13          
газар                           28, 64, 65, 131       16, 5, 2, 2         
                                188, 225, 226, 226    16, 5, 3, 7         
                                227, 227, 228, 228    2, 9, 2, 9          
                                231, 232, 268, 272    3, 9, 17, 6         
                                272, 272, 273, 273    17, 29, 6, 17       
                                273, 276, 278, 279    29, 5, 5, 5         
                                295, 306              9, 17               
шүүх                            28, 117, 173, 197     17, 7, 5, 14        
                                197, 251, 275, 288    17, 2, 9, 18        
прокурор                        28, 69, 70, 202       18, 4, 26, 15       
улсын төсв                      31, 303               10, 13              
төсвийн төсл                    31, 31, 65            16, 37, 4           
нэгдсэн төсв                    31, 65                40, 14              
төсл                            31                    25                  
төсөл                           31, 38, 65, 277       42, 6, 16, 6        
төсв                            31                    44                  
эрүү шүүлтээс урьдчилан сэргийлэх  32, 70, 248, 249      28, 3, 1, 1         
                                251, 252, 254, 261    20, 7, 8, 9         
                                265, 267, 271, 277    6, 13, 4, 7         
                                297, 298, 300, 301    3, 3, 3, 3          
                                303, 304, 306, 307    3, 3, 3, 7          
                                308, 309, 311, 313    3, 3, 3, 3          
                                314, 315, 316, 317    10, 3, 5, 3         
төсөв                           32, 122, 253          2, 14, 6            
шинжээч                         32, 44, 189           34, 17, 5           
хэвлэмэл хуудас                 34                    14                  
журм                            34, 34, 65, 86        6, 25, 11, 18       
                                91, 108, 150, 151     5, 11, 12, 5        
                                164, 191, 192, 197    26, 3, 3, 21        
                                206, 262              10, 20              
хуулийн этгээд                  37, 43, 44, 137       19, 10, 10, 17      
                                161, 172, 185, 187    4, 8, 10, 9         
                                188, 190, 196, 197    10, 4, 12, 5        
                                201, 212, 213, 215    8, 6, 6, 10         
                                216, 217, 219, 241    4, 15, 18, 15       
                                243, 270, 282, 288    10, 24, 9, 11       
                                288, 289, 290, 291    42, 14, 4, 23       
                                311, 315, 323         17, 23, 20          
холбоо                          37, 66, 67, 124       8, 15, 11, 8        
                                170, 187              16, 3               
санал                           37, 38, 39, 40        11, 22, 13, 12      
                                63, 67, 68, 85        16, 13, 25, 12      
                                96, 98, 98, 99        9, 25, 27, 25       
                                99, 115, 123, 124     27, 27, 15, 17      
                                131, 190, 198, 217    13, 17, 17, 23      
                                219, 236, 261, 277    27, 7, 17, 16       
                                291                   32                  
зөвлөмж                         37, 63, 68, 123       12, 17, 26, 16      
                                124, 131, 196, 208    18, 14, 15, 4       
                                209, 210, 211, 213    4, 6, 8, 23         
                                214, 215, 216, 219    6, 4, 13, 3         
                                221, 238, 277, 287    6, 4, 17, 10        
                                288, 289, 290, 291    44, 8, 7, 8         
захиргааны байгууллага          38                    3                   
захиргааны байгууллаг           38                    3                   
шийдвэр                         38, 116, 213, 245     5, 15, 8, 9         
                                277, 288              5, 13               
тал                             38, 39, 63, 70        21, 12, 19, 23      
                                117, 157, 171, 182    6, 15, 8, 7         
                                185, 206, 216, 221    16, 7, 23, 9        
                                241, 277, 290, 311    5, 15, 17, 20       
талууд                          38, 39, 63, 70        21, 12, 19, 23      
                                117, 157, 171, 182    6, 15, 8, 7         
                                185, 206, 216, 221    16, 7, 23, 9        
                                241, 277, 290, 311    5, 15, 17, 20       
гэрээнд нэгдэн орох             39, 68                6, 6                
зөвлөл                          39, 239, 240, 241     20, 5, 12, 3        
                                242, 246              3, 3                
гэрээ                           39, 68, 306           22, 19, 48          
мэдээлэл                        39, 46, 47, 138       24, 3, 3, 19        
                                150, 154, 155, 156    7, 2, 2, 5          
                                157, 158, 159, 160    27, 26, 33, 14      
                                161, 163, 164, 165    16, 4, 18, 11       
                                165, 167, 168, 170    18, 4, 2, 2         
                                172, 174, 175, 175    2, 4, 2, 25         
                                178, 179, 182, 183    6, 4, 2, 6          
                                184, 185, 186, 187    4, 2, 2, 2          
                                194, 195, 200, 206    6, 4, 2, 13         
                                234, 271, 282         2, 9, 17            
хууль санаачлах эрх             40                    13                  
олон улсын байгууллага          43, 323               13, 7               
олон улсын байгууллаг           43, 323               13, 7               
мэдээлл                         43, 78, 137, 140      8, 24, 8, 7         
                                145, 164, 165, 165    4, 2, 5, 39         
                                166, 173, 175, 175    2, 19, 21, 43       
                                176, 177, 180, 181    3, 6, 2, 8          
                                185, 188, 201, 206    15, 6, 13, 4        
                                221, 235, 236, 271    11, 7, 2, 2         
                                278                   13                  
дүгнэлт                         44, 189               19, 7               
хяналт тавих                    45, 46, 47, 49        10, 8, 8, 21        
                                50, 227, 228, 238     21, 22, 22, 6       
илтгэл                          52, 53, 62, 63        10, 10, 11, 2       
                                63, 68, 123, 123      14, 24, 10, 13      
                                128, 129, 130, 131    12, 12, 10, 11      
тогтоол                         63, 116, 131          23, 24, 6           
газр                            66, 67, 68, 122       6, 4, 23, 3         
                                146, 170, 230, 233    3, 12, 3, 3         
                                280, 300, 314         5, 12, 18           
хүсэлт                          66, 79, 111, 113      10, 19, 17, 14      
                                137, 144, 257, 268    19, 11, 19, 12      
зөвлөх                          66                    17                  
тохиолдол                       67, 89, 110, 119      15, 18, 7, 8        
                                189, 306, 307, 313    4, 37, 4, 28        
гэмт хэрг                       70, 116, 117, 281     16, 3, 3, 4         
                                306                   15                  
гэмт хэрэг                      70, 116, 117, 281     16, 3, 3, 4         
                                306                   15                  
статистикийн мэдээлл            70                    24                  
гишүүн                          70, 71, 72, 73        9, 4, 3, 3          
                                75, 78, 85, 86        2, 15, 10, 2        
                                88, 90, 91, 94        2, 2, 2, 12         
                                95, 97, 97, 97        2, 11, 17, 26       
                                98, 99, 102, 102      17, 17, 5, 30       
                                103, 103, 106, 107    5, 30, 4, 2         
                                109, 110, 115, 116    4, 5, 2, 2          
                                117, 136, 140, 179    2, 2, 2, 2          
                                184, 195, 203, 204    2, 2, 2, 2          
                                206, 210, 211, 212    2, 4, 2, 2          
                                213, 216, 221, 226    2, 28, 2, 10        
                                236, 242, 243, 251    10, 4, 12, 26       
                                252, 254, 255, 256    2, 7, 9, 7          
                                261, 262, 264, 265    15, 7, 7, 12        
                                267, 275, 288, 293    7, 7, 7, 7          
                                300, 300, 301, 304    9, 22, 9, 9         
                                306, 306, 307, 311    9, 38, 13, 9        
                                313, 314, 316, 317    9, 16, 11, 9        
нэр дэвшигч                     75, 78, 80, 81        3, 16, 35, 35       
                                86, 262               3, 8                
иргэн                           75, 79, 87, 137       14, 7, 11, 13       
                                157, 173, 185, 186    18, 12, 6, 5        
                                256, 257, 258, 259    23, 7, 23, 23       
                                263, 311, 315, 323    11, 13, 19, 19      
мэргэшил                        76                    4                   
сул орон тоо                    80, 81                23, 23              
ажл                             80, 80, 81, 81        5, 14, 5, 14        
                                90, 125, 177, 223     17, 9, 7, 2         
                                224, 258, 258, 259    2, 5, 14, 5         
                                259, 265, 270, 307    14, 16, 18, 14      
жендэр                          88                    4                   
тушаал                          89, 90, 102, 103      13, 8, 16, 16       
                                110, 112, 116, 117    9, 4, 14, 19        
                                202, 217, 219, 291    9, 12, 12, 17       
                                300, 301, 304, 307    24, 27, 14, 24      
                                318                   16                  
ажил                            90, 102, 103, 112     6, 14, 14, 2        
                                232, 244, 307, 314    5, 14, 22, 19       
                                318, 318              4, 14               
ахмд                            97, 272, 273          25, 27, 27          
ахмад                           97, 272, 273          25, 27, 27          
хүний эрх хамгаалагч            98, 99, 102, 103      12, 12, 25, 25      
төрийн алба                     108, 114              6, 5                
төрийн алб                      108, 114              6, 5                
нийслэл                         111                   8                   
сум                             111                   9                   
шийтгэх тогтоол                 117                   8                   
дүрм                            122, 246              4, 4                
сан                             122                   9                   
гомдол                          137, 145, 150, 154    7, 3, 6, 1          
                                155, 156, 157, 158    1, 4, 26, 25        
                                159, 160, 161, 164    32, 13, 15, 17      
                                165, 165, 165, 165    4, 10, 17, 38       
                                173, 175, 175, 175    18, 20, 24, 42      
                                176, 177, 178, 179    2, 5, 5, 3          
                                181, 183, 184, 185    7, 5, 3, 14         
                                194, 195, 201, 206    5, 3, 12, 3         
                                206, 235              12, 6               
баримт бичиг                    138, 162              13, 13              
баримт бичг                     138, 162              13, 13              
хяналт шалгалт                  140, 237, 314         9, 8, 5             
дүрэм                           148, 286              6, 10               
журам                           148, 264, 286         7, 16, 11           
шуудан                          150, 166, 170         3, 5, 14            
монгол улсын нутаг дэвсгэр      158, 267              11, 9               
гадаадын иргэн                  158                   16                  
харьяалалгүй хүн                158                   18                  
асран хамгаалагч, харгалзан дэмжигч  159                   27                  
хууль ёсны төлөөлөгч            159, 160              22, 10              
чадамж                          159                   12                  
хүн                             159, 164              13, 14              
төрийн албан ёсны хэл           164                   3                   
тэмдэглэл                       165, 165              8, 36               
нотлох баримт                   171, 188, 306         11, 2, 18           
мөрдөн шалгах ажиллагаа         173                   2                   
захиргааны зөрчл                173                   13                  
даруй                           175, 191, 192         19, 15, 15          
тайлбар                         185, 272, 273         20, 1, 1            
объект                          187                   8                   
хүний эмзэг мэдээлэл            191, 192              11, 11              
албаны нууц                     191, 192, 203, 204    7, 7, 9, 9          
                                320, 321              13, 13              
байгууллагын нууц               191, 192, 203, 204    9, 9, 11, 11        
                                320, 321              15, 15              
нэхэмжлэл                       197                   15                  
хүний эмзэг мэдээлл             203, 204, 320, 321    13, 13, 17, 17      
арга хэмжээ                     216, 216, 217, 219    21, 33, 5, 5        
                                290, 291              15, 10              
зөвшөөрл                        217, 219, 291         17, 20, 27          
нийтлэх                         221, 301              13, 17              
мэргэжил                        226                   15                  
хүний хувийн мэдээлэл           227, 228              13, 13              
нэгж                            227, 228, 284, 285    24, 24, 5, 5        
                                286, 292, 293, 294    5, 7, 14, 5         
                                295                   5                   
ажилтан                         230, 231, 233, 294    5, 13, 5, 7         
удирдамж@@                      235, 237              3, 3                
эрдэм шинжилгээний байгууллаг   241, 243              17, 15              
эрдэм шинжилгээний байгууллага  241, 243              17, 15              
багш                            241, 243              23, 21              
үр                              253                   12                  
тайлан                          254                   14                  
эрүүгийн хэрэг хянан шийдвэрлэх ажиллагаа  256                   10                  
зохицуулалт                     264                   13                  
аюул                            269, 313              6, 20               
хөтөлбөр                        270                   13                  
авлига                          270                   15                  
авлиг                           270                   15                  
сэтгэцийн эрүүл мэнд            272, 273              18, 18              
хамгаалах байр                  272, 273              49, 49              
боомт                           272, 273              44, 44              
үйл ажиллагааны зардл           303                   10                  
өр                              306                   50                  
захидал харилцааны мэдээлл      308, 309              14, 14              
эрүүл мэнд                      313                   16                  
хувийн ашиг сонирхл             317                   14                  
ашиг сонирхлын зөрчл            317                   18                  
