File: MNCLW00417.txt
Search Method: Aho-Corasick
Total runtime: 0.000838s
Found terms: 64

Term                            Line                  Word Place          

нийгмийн даатгалын сан          8, 12, 16, 17         1, 5, 1, 1          
нийтлэх                         10                    1                   
орлого                          12, 18, 21, 44        13, 14, 1, 3        
                                51                    2                   
төсөв                           12, 19, 49, 53        17, 55, 2, 15       
сан                             13, 14, 18, 47        5, 3, 5, 1          
                                53, 61, 63, 66        5, 3, 3, 3          
                                68, 76                3, 5                
нийгмийн даатгал                14, 19, 33            19, 22, 3           
төсвийн орлого                  16, 17                6, 6                
зарлага                         16, 17, 56, 74        8, 8, 1, 2          
нэгж                            19, 27                9, 3                
байгууллага                     19, 19, 27, 31        10, 17, 4, 2        
иргэн                           19, 19, 33, 38        21, 35, 2, 2        
даатгуулагч                     19, 19, 35, 42        27, 47, 3, 1        
осол                            19, 40, 54, 65        39, 2, 14, 2        
мэргэжил                        19, 40, 54, 65        40, 3, 15, 3        
санхүүгийн дэмжлэг              49                    4                   
шийдвэр                         54, 70                24, 2               
гүйцэтгэгч                      54, 70                25, 3               
төлбөр                          70                    5                   
газар                           76                    9                   
хөрөнгө                         76                    21                  
мөрдөгч                         77                    14                  
