File: MNCLW00188.txt
Search Method: Aho-Corasick
Total runtime: 0.004591s
Found terms: 527

Term                            Line                  Word Place          

суралцагч                       7, 8, 14, 15          4, 4, 10, 6         
                                16, 22, 23, 25        4, 14, 8, 8         
                                28, 29, 30, 31        4, 4, 6, 4          
                                32, 33, 34, 35        5, 4, 4, 6          
                                36, 58, 73, 74        4, 10, 2, 9         
                                78, 79, 79, 80        7, 29, 56, 2        
                                83, 84, 85, 91        7, 19, 5, 7         
                                92, 93, 93, 96        5, 32, 47, 7        
                                96, 98, 99, 102       23, 15, 16, 8       
                                103, 105, 106, 107    5, 5, 4, 16         
                                109, 111, 113, 114    5, 8, 1, 1          
                                116, 118, 120, 121    6, 7, 5, 6          
                                124, 125, 127, 128    2, 2, 23, 21        
                                132, 133, 136, 140    6, 6, 7, 6          
                                152, 153, 158, 159    6, 4, 4, 4          
нийтлэх                         11, 12, 79, 83        1, 1, 61, 9         
мөрдөгч                         17, 75, 165           17, 20, 12          
тодорхойлолт                    18                    6                   
хэрэглэгч                       19, 107               3, 24               
сургалтын байгууллага           20, 35, 37, 38        3, 3, 3, 3          
                                41, 51, 59, 61        3, 3, 3, 3          
                                63, 77, 78, 85        3, 3, 5, 3          
                                90, 91, 92, 93        3, 5, 3, 44         
                                99, 103, 105, 111     10, 3, 3, 3         
                                116, 118, 131, 132    3, 3, 5, 3          
                                133, 140, 146         3, 3, 3             
байгууллага                     20, 37, 48, 75        11, 29, 4, 7        
                                79, 88, 99, 106       54, 7, 4, 21        
                                107, 121, 124, 125    9, 24, 6, 6         
                                126, 127, 128, 128    10, 7, 7, 12        
                                128, 135, 137, 154    16, 9, 12, 10       
                                156                   4                   
этгээд                          21, 99, 135           9, 29, 10           
төлбөр                          22, 22, 45            2, 16, 2            
зөвлөл                          22                    12                  
дээд боловсролын сургалтын байгууллага  23, 25, 32, 54        4, 4, 8, 3          
                                64, 65, 66, 79        3, 11, 7, 6         
                                79, 84, 88, 93        37, 8, 13, 18       
                                96, 98, 127           12, 11, 19          
сургалтын төлбөр                24, 77, 101, 102      18, 12, 2, 11       
зээл                            24, 24, 35, 52        2, 35, 8, 17        
                                87, 101, 107, 109     2, 12, 12, 12       
                                148                   16                  
журам                           24, 58, 89, 90        12, 8, 14, 14       
                                92, 98, 100, 101      10, 28, 14, 27      
                                106, 129, 134         13, 17, 14          
иргэн                           24, 48, 79, 79        17, 5, 23, 55       
                                88, 89, 98, 99        31, 5, 30, 8        
                                100, 128, 138         10, 17, 6           
хөнгөлөлт                       24, 25, 35, 101       30, 13, 11, 8       
                                117                   10                  
хөрөнгө                         25, 37, 38, 42        19, 10, 16, 4       
                                43, 44, 47, 49        3, 7, 8, 2          
                                52, 61, 64, 65        8, 13, 8, 23        
                                68, 73, 81, 148       3, 10, 7, 11        
санхүүгийн дэмжлэг              28, 29, 30, 31        6, 6, 7, 5          
                                33, 36, 39, 58        5, 5, 3, 12         
                                65, 71, 78, 79        8, 2, 8, 30         
                                80, 81, 83, 91        3, 8, 4, 9          
                                92, 98, 104, 105      7, 17, 4, 6         
                                106, 107, 107, 109    6, 3, 19, 2         
                                111, 124, 125, 127    35, 3, 3, 24        
                                128, 132, 133, 134    18, 7, 7, 3         
                                135, 137, 138, 139    2, 2, 3, 2          
ажил олгогч                     32, 120               6, 18               
үйл ажиллагаа                   33, 36, 37, 37        8, 12, 5, 37        
                                38, 46, 68, 71        17, 7, 11, 13       
                                79, 105, 109, 115     59, 9, 9, 7         
                                127, 146, 147, 150    27, 13, 5, 20       
үр                              34, 35, 65, 68        10, 13, 25, 4       
                                82, 88, 135, 147      4, 27, 6, 7         
аж ахуйн нэгж                   37                    30                  
согтууруулах ундаа              37                    18                  
нээлт                           37, 77, 105, 107      8, 29, 12, 27       
орлого                          37, 46, 47, 51        11, 10, 12, 7       
                                61                    20                  
хүн                             37, 162               22, 4               
үйлчилгээ                       37, 46, 75, 79        27, 3, 3, 57        
                                81, 90, 107, 111      12, 11, 6, 33       
                                117, 142, 143, 149    9, 8, 6, 4          
хандив                          37, 38, 48            33, 11, 6           
хувьцаа                         37                    41                  
шашны байгууллага               38                    8                   
ажил                            44, 46, 69, 71        4, 2, 3, 5          
                                79, 93, 104, 120      47, 15, 7, 2        
                                120, 134, 135, 141    14, 12, 5, 6        
                                142, 142, 142, 143    7, 13, 24, 5        
                                143, 144, 144, 145    15, 5, 11, 2        
                                145, 145              6, 16               
ажилгүй                         46                    4                   
нэгж                            47, 48, 99            3, 3, 3             
бэлэг                           48                    8                   
улсын  төсөв                    52, 61, 64, 95        5, 10, 15, 2        
                                103, 111              6, 9                
улсын төсөв                     52, 61, 64, 95        5, 10, 15, 2        
                                103, 111              6, 9                
газар                           52, 56, 58, 86        10, 2, 6, 6         
                                89, 90, 92, 93        16, 24, 12, 61      
                                96, 100, 106, 117     18, 12, 11, 17      
                                129, 129, 129         2, 22, 29           
сан                             52, 52, 77, 107       12, 18, 21, 13      
                                109, 150, 150         13, 12, 14          
сонгогч                         56, 66, 107, 129      7, 11, 23, 14       
                                155, 156              9, 5                
төсөл                           56, 111, 129, 148     9, 38, 12, 3        
хөтөлбөр                        56, 111, 129          10, 39, 13          
төсөв                           58                    2                   
багш                            59                    5                   
мэргэшил                        59                    6                   
салбар                          61, 129               18, 6               
барилга байгууламж              63                    11                  
тоног төхөөрөмж                 63                    14                  
хөрөнгө оруулалт                63, 64, 79            20, 13, 42          
хангагч                         63, 66, 70, 78        16, 16, 13, 13      
                                79, 84, 84, 85        36, 7, 18, 9        
                                93, 96, 98, 99        27, 11, 6, 15       
                                113, 114, 115, 116    4, 4, 6, 26         
                                117, 121, 127, 134    22, 15, 40, 8       
                                137, 141, 155         14, 12, 5           
хариуцагч                       63, 118, 121, 122     26, 12, 25, 34      
аудитын байгууллага             65                    17                  
үнэлгээ                         68, 70                16, 3               
шийдвэр                         70                    6                   
талууд                          71, 74, 129, 132      9, 4, 7, 21         
                                133, 136, 137, 138    10, 6, 6, 5         
                                140, 142, 143, 144    10, 19, 22, 20      
                                146, 150, 154         11, 17, 8           
тал                             71, 74, 129, 132      9, 4, 7, 21         
                                133, 136, 137, 138    10, 6, 6, 5         
                                140, 142, 143, 144    10, 19, 22, 20      
                                146, 150, 154         11, 17, 8           
мэдээлэл                        71, 72, 77, 77        10, 2, 19, 25       
                                111, 117, 121, 122    22, 2, 14, 12       
                                136, 137, 141, 143    8, 13, 11, 23       
                                144, 154, 156         21, 11, 14          
суралцагчийн тэтгэлэг           73, 77, 90, 95        3, 14, 8, 5         
                                100, 111              16, 6               
төлбөр төлөгч                   74, 76                2, 2                
багц цаг                        75                    11                  
зохицуулалт                     75, 117               17, 21              
мэргэжил                        81, 86, 93, 96        4, 2, 14, 22        
                                127, 145              36, 10              
захиргаа                        88, 106, 121, 126     5, 19, 22, 8        
                                127, 128, 128         5, 5, 10            
гадаадын иргэн                  90                    6                   
захиргааны байгууллага          98                    9                   
ажилтан                         98                    4                   
төрийн бус байгууллага          99                    5                   
сургалтын зээл                  100, 101, 102, 102    18, 21, 3, 19       
                                103, 111              9, 24               
зохиогч                         104, 115              8, 10               
гүйцэтгэгч                      107                   8                   
мэдээллийн сан                  109                   7                   
гэрээ                           111, 156              26, 8               
удирдлага                       115, 117, 127         9, 20, 39           
номын сан                       116                   16                  
биеийн тамир                    116, 117              20, 7               
спорт                           116                   22                  
эрүүл мэнд                      117                   5                   
эрүүл мэндийн даатгал           118                   8                   
иргэний бүртгэл                 122                   7                   
төлөөлөгчийн газар              122                   32                  
үйлчлэгч                        122                   13                  
гишүүн                          129, 129              23, 30              
зохион байгуулагч               134, 139, 142, 145    16, 25, 25, 17      
санхүүжүүлэгч                   135                   8                   
тайлан                          137                   7                   
мэдээ                           137                   8                   
барааны тэмдэг                  139                   14                  
борлуулалтын орлого             139                   20                  
бүтээгдэхүүн                    139, 147              11, 9               
хөдөлмөрийн нөхцөл              142                   11                  
эрүүл ахуй                      142, 143              15, 13              
аюул                            142, 143              17, 11              
туслагч                         142                   32                  
шалгуур үзүүлэлт                144, 154              18, 6               
гарааны компани                 147                   15                  
банк                            148                   15                  
аж ахуйн үйл ажиллагаа          149                   7                   
хүсэлт                          155                   7                   
шинжээч                         161                   10                  
хуулийн этгээд                  162                   5                   
