File: MNCLW00554.txt
Search Method: Aho-Corasick
Total runtime: 0.004702s
Found terms: 552

Term                            Line                  Word Place          

орон сууцны байшингийн дундын өмчлөлийн эд хөрөнгө  8, 10, 11, 12         9, 18, 11, 9        
                                14, 20, 21, 185       6, 38, 6, 4         
                                199                   9                   
сууц                            8, 10, 19, 20         1, 5, 10, 32        
                                21, 21, 26, 27        17, 22, 17, 5       
                                30, 30, 30, 30        9, 23, 26, 33       
                                39, 51, 77, 83        3, 6, 2, 5          
                                110, 133, 135, 146    3, 14, 7, 4         
                                146, 160, 160, 162    10, 5, 11, 10       
                                165, 173, 190, 191    9, 29, 36, 11       
                                192, 192, 193, 222    14, 17, 11, 6       
үйл ажиллагаа                   10, 14, 36, 42        10, 24, 3, 2        
                                51, 101, 112, 113     13, 3, 3, 2         
                                117, 118, 119, 126    5, 5, 4, 9          
                                132, 142, 201, 208    6, 24, 2, 2         
                                212, 218              9, 16               
зохиогч                         10                    8                   
ашиглалт                        10, 20, 20, 21        27, 28, 46, 13      
                                41, 50, 55, 130       8, 7, 5, 5          
                                132, 153, 182, 184    32, 5, 8, 16        
                                185, 196, 218         30, 4, 14           
орон сууц хувьчлах              12, 18, 27            29, 7, 15           
иргэн                           12, 25, 133, 133      20, 11, 4, 23       
                                153, 186, 189         15, 9, 10           
үйлчлэгч                        13, 14                4, 28               
сууц өмчлөгчдийн холбоо         14                    16                  
мэргэжлийн байгууллага          14, 32, 32, 73        22, 14, 21, 11      
                                131, 154, 185         20, 10, 35          
үйлчилгээ                       14, 21, 32, 32        20, 16, 10, 19      
                                41, 79, 130, 131      11, 7, 8, 11        
                                131, 132, 148, 153    19, 35, 2, 8        
                                154, 154, 173, 179    5, 13, 27, 2        
                                182, 185, 188, 189    11, 32, 9, 7        
                                190, 192, 193, 194    28, 7, 8, 10        
                                195, 210, 215, 216    7, 9, 11, 9         
                                218                   10                  
тодорхойлолт                    16                    6                   
хэрэглэгч                       17, 29, 216           3, 10, 10           
нийтийн зориулалттай орон сууцны байшин  19, 20                4, 5                
эрх бүхий этгээд                19                    13                  
дундын өмчлөлийн эд хөрөнгө     20, 32, 41, 131       15, 3, 4, 6         
                                132, 155, 162, 171    28, 14, 11, 6       
                                172, 182, 183, 184    4, 4, 4, 5          
                                190, 191, 195, 196    10, 4, 2, 6         
                                215                   4                   
хуулийн этгээд                  20, 165, 167, 226     52, 20, 20, 5       
холбоо                          20, 24, 25, 25        3, 5, 3, 5          
                                26, 26, 31, 187       6, 21, 5, 8         
хангагч                         20, 49, 131, 217      31, 11, 17, 12      
                                218                   18                  
хариуцагч                       20, 160, 210, 216     49, 32, 11, 12      
сууцны бус зориулалттай хэсэг   22                    4                   
ариун цэвэр                     22                    13                  
өр                              22, 22, 173           17, 18, 28          
нийтийн эдэлбэрийн газар        23                    28                  
газар                           23, 35, 137, 186      2, 6, 14, 19        
                                191, 206, 209         25, 12, 13          
хүн                             23, 81, 109, 127      19, 13, 8, 11       
                                128, 226              10, 4               
зам                             23                    20                  
зогсоол                         23, 173               23, 91              
зохион байгуулагч               27, 28, 95, 100       2, 2, 7, 8          
                                101, 206, 217         5, 2, 31            
тохиолдол                       27, 72, 192, 215      10, 25, 11, 13      
шийдвэр                         28, 66, 68, 74        5, 10, 15, 6        
                                75, 75, 85, 95        6, 13, 15, 4        
                                103, 107, 123, 132    9, 7, 8, 12         
                                139, 139, 152, 206    10, 13, 7, 5        
хэвлэмэл хуудас                 29                    8                   
харилцах данс                   29, 117               13, 18              
журам                           29, 40, 41, 42        4, 7, 21, 10        
                                43, 191               4, 23               
сууц өмчлөгч                    30                    29                  
гишүүн                          30, 31, 31, 44        5, 7, 10, 4         
                                46, 47, 51, 63        8, 5, 5, 4          
                                64, 66, 68, 68        2, 13, 2, 11        
                                69, 70, 70, 71        9, 2, 17, 10        
                                71, 71, 71, 72        29, 43, 47, 15      
                                74, 75, 75, 76        4, 3, 20, 2         
                                77, 78, 79, 82        14, 10, 15, 2       
                                82, 82, 83, 84        17, 20, 3, 5        
                                95, 97, 98, 100       2, 2, 8, 5          
                                103, 104, 105, 107    2, 2, 3, 2          
                                119, 121, 122, 126    2, 3, 3, 2          
                                128, 132, 142, 152    8, 10, 12, 2        
                                155, 192, 195, 212    3, 29, 13, 2        
санал                           30, 30, 69, 70        12, 36, 11, 12      
                                71, 71, 72, 72        18, 41, 7, 29       
                                75, 75, 79, 83        5, 18, 20, 8        
                                84, 123               8, 4                
шугам                           32, 157, 173, 173     7, 8, 57, 67        
                                173                   78                  
сонгогч                         32, 51, 81, 84        24, 8, 14, 9        
                                90, 127, 128          4, 12, 11           
дүрэм                           33, 48                4, 2                
зөвлөл                          37, 38, 51, 66        5, 5, 4, 7          
                                70, 70, 80, 81        5, 14, 4, 2         
                                81, 82, 83, 84        17, 16, 2, 2        
                                84, 85, 85, 86        4, 2, 13, 2         
                                87, 87, 88, 98        2, 13, 2, 2         
                                98, 98, 99, 100       7, 10, 2, 2         
                                101, 103, 104, 105    2, 5, 5, 2          
                                107, 108, 109, 110    6, 4, 14, 2         
                                111, 121, 122, 122    2, 2, 2, 8          
                                123, 124, 127, 139    6, 14, 6, 9         
                                141, 142, 152         8, 15, 5            
эд хөрөнгө                      40, 79, 91, 124       3, 3, 3, 3          
                                130, 134, 142, 142    3, 3, 4, 35         
                                153, 169, 172, 173    3, 3, 9, 96         
                                188, 189, 190, 192    5, 3, 32, 3         
                                193, 211, 217         4, 3, 3             
хөрөнгө                         42, 50, 92, 116       5, 5, 6, 2          
                                130, 132, 176, 179    10, 3, 2, 7         
                                180, 196              2, 21               
сан                             42, 49, 50, 92        7, 13, 2, 2         
                                177                   2                   
байгууллага                     45, 46, 118, 124      7, 5, 15, 22        
                                135, 148, 157, 160    12, 8, 12, 20       
                                196, 197, 198, 212    26, 10, 8, 13       
                                213, 214              4, 2                
төсөв                           49                    2                   
тайлан                          49, 94, 104, 114      3, 4, 6, 5          
                                115, 121              5, 7                
зээл                            49, 50, 191, 191      15, 4, 16, 21       
                                211                   9                   
гомдол                          51                    16                  
төрийн бус байгууллага          53, 73                2, 8                
орчны газар                     55, 57, 59, 137       3, 8, 5, 9          
                                169, 171, 185, 186    8, 12, 19, 4        
                                187, 209, 210         6, 11, 6            
хяналт тавих                    59, 102, 103, 112     12, 10, 11, 5       
                                199, 207, 210, 217    24, 9, 24, 8        
гүйцэтгэгч                      66, 85, 89, 90        8, 5, 2, 2          
                                94, 98, 105, 110      2, 11, 5, 7         
                                126, 128, 156         21, 5, 11           
гарын үсэг зурах                67                    10                  
тогтоол                         67, 147               2, 2                
тэмдэглэл                       67, 103               4, 7                
зарлаг                          68, 100               12, 7               
төсөл                           68                    16                  
оролцогч                        70, 123               10, 2               
этгээд                          71, 155, 184, 222     4, 10, 14, 8        
итгэмжлэл                       71, 72, 72            7, 3, 26            
зөвлөх                          71, 126, 139          34, 17, 27          
захиргааны байгууллага          73                    5                   
байнга оршин суугч              81                    8                   
орц                             82                    10                  
нэр дэвшигч                     89                    4                   
түрээслүүлэх                    91, 134               6, 5                
ажил                            95, 139, 139, 217     6, 4, 17, 30        
гэрээ                           96, 131, 137          3, 22, 28           
нэхэмжлэл                       106, 133              7, 32               
үнэлгээ                         116                   3                   
шалгагч                         116, 121              6, 4                
арга хэмжээ                     117, 117, 199, 207    10, 25, 20, 5       
                                217                   27                  
тал                             118, 119, 131         10, 6, 18           
талууд                          118, 119, 131         10, 6, 18           
шүүх                            118                   11                  
шүүгч                           118                   11                  
баримт бичиг                    121                   5                   
нийтлэх                         132, 153, 182         37, 12, 14          
хүсэлт                          135, 137, 212         9, 13, 3            
газар ашиглах                   137                   26                  
ажилгүй                         141                   10                  
зөвшөөрөл                       146, 157              6, 13               
сууц эзэмшигч                   155                   7                   
өөрийн хөрөнгө                  155                   22                  
худалдагч                       160                   17                  
үр                              160                   28                  
зураг төсөл                     164                   6                   
иргэний бүртгэлийн дугаар       165, 167              15, 15              
улсын бүртгэлийн дугаар         165, 167              25, 25              
овог                            165, 167              11, 11              
тоног төхөөрөмж                 173, 185, 190, 218    39, 28, 23, 7       
бохир ус                        173, 216              76, 2               
усан сан                        173                   88                  
ус                              173                   56                  
сангийн хөрөнгө                 174, 175, 182         2, 2, 2             
хүү                             176                   7                   
хандив                          177                   4                   
аж ахуйн үйл ажиллагаа          178                   2                   
орлого                          178                   7                   
инженерийн шугам сүлжээ         185, 190, 200         25, 14, 6           
стандарт                        186                   31                  
орон нутгийн төсөв              196, 211              31, 6               
дүгнэлт                         196, 212, 217         27, 19, 24          
захиргаа                        197, 198              8, 6                
нийслэл                         203, 204              4, 3                
сум                             203, 204, 206         5, 2, 7             
хөрөнгө оруулалт                211                   11                  
хяналт шалгалт                  212                   16                  
урьдчилан сэргийлэх             217                   20                  
шугам сүлжээ                    218                   5                   
