File: MNCLW00368.txt
Search Method: Trie (MWE + Single-Word)
Total runtime: 0.009275s
Found terms: 430

Term                            Line                  Word Place          

хүү                             5, 30, 31, 32         2, 5, 29, 29        
                                81, 82, 89, 147       4, 28, 14, 10       
                                153, 154              4, 11               
хяналт тавих                    12, 85, 107           15, 23, 13          
дүгнэлт                         12, 30, 38, 107       21, 20, 20, 19      
                                107, 108, 108, 122    31, 11, 19, 11      
                                137, 137, 140, 178    8, 14, 27, 13       
байгууллаг                      12, 21, 31, 32        28, 3, 15, 15       
                                33, 54, 57, 57        15, 17, 14, 28      
                                58, 58, 63, 64        14, 28, 9, 9        
                                85, 118, 119, 120     28, 8, 8, 12        
                                121, 140, 150, 155    12, 19, 11, 3       
                                173, 175, 175, 175    23, 24, 29, 50      
                                178                   32                  
байгууллага                     12, 21, 31, 32        28, 3, 15, 15       
                                33, 54, 57, 57        15, 17, 14, 28      
                                58, 58, 63, 64        14, 28, 9, 9        
                                85, 118, 119, 120     28, 8, 8, 12        
                                121, 140, 150, 155    12, 19, 11, 3       
                                173, 175, 175, 175    23, 24, 29, 50      
                                178                   32                  
үйл ажиллагаа                   13, 18, 19, 34        3, 5, 24, 29        
                                85, 94, 155, 176      5, 5, 6, 5          
                                180, 181              5, 5                
баар                            19, 23, 24, 33        17, 27, 27, 24      
                                43, 52, 68, 83        19, 46, 68, 10      
                                84, 108, 120, 121     10, 17, 6, 6        
                                152, 168, 178, 184    25, 25, 12, 3       
                                185, 186, 186, 187    3, 3, 8, 3          
                                187                   8                   
иргэн                           21, 43, 178           6, 17, 24           
журам                           22                    6                   
нэр дэвшигч                     23, 24                19, 19              
шүүх                            23, 24, 30, 34        13, 13, 27, 16      
                                52, 57, 58, 129       33, 6, 6, 3         
                                130, 152, 158, 175    3, 10, 4, 54        
                                178, 180, 181         23, 18, 18          
санал                           23, 24, 30, 30        14, 14, 10, 19      
                                30, 31, 31, 32        30, 2, 13, 2        
                                32, 33, 33, 38        13, 11, 18, 19      
                                54, 57, 58, 81        18, 29, 29, 12      
                                81, 82, 82, 82        18, 11, 19, 25      
                                82, 82, 99, 100       31, 36, 11, 11      
                                118, 119, 158, 168    3, 3, 11, 24        
гишүүн                          23, 24, 28, 29        29, 29, 4, 4        
                                30, 31, 32, 33        3, 9, 9, 3          
                                33, 34, 34, 34        8, 8, 13, 22        
                                35, 35, 38, 42        3, 7, 2, 4          
                                43, 45, 46, 52        2, 10, 2, 3         
                                54, 57, 57, 58        3, 2, 19, 2         
                                58, 65, 68, 68        19, 2, 30, 32       
                                68, 73, 89, 89        58, 2, 10, 16       
                                89, 101, 125, 126     24, 3, 5, 5         
                                127, 128, 131, 132    5, 5, 12, 12        
                                133, 134, 148, 149    4, 4, 3, 3          
                                150                   3                   
тогтоол                         28, 29, 63, 64        23, 23, 24, 24      
                                88, 114, 115, 139     7, 3, 3, 15         
                                145                   20                  
захирамж                        30, 30                22, 24              
шийдвэр                         30, 38, 54, 57        33, 15, 19, 25      
                                58, 108, 109, 110     25, 42, 15, 15      
                                112, 113, 114, 115    4, 4, 5, 5          
                                118, 119, 120, 121    10, 10, 14, 14      
                                140, 140, 140, 140    8, 11, 20, 46       
                                140, 141, 154, 155    52, 2, 8, 12        
                                172, 173, 173, 173    8, 12, 15, 24       
                                173, 173, 173, 175    27, 35, 64, 12      
                                175, 175, 175, 177    16, 25, 42, 15      
хүн                             31, 32, 73, 81        4, 4, 5, 20         
                                82                    38                  
журм                            31, 32, 52, 98        27, 27, 34, 4       
                                101, 177              11, 4               
газр                            34, 114, 115, 127     12, 2, 2, 4         
                                128, 140, 173, 175    4, 10, 14, 15       
шүүгч                           34, 129, 130          17, 5, 5            
захиргаа                        34                    24                  
ажил                            34, 65, 68, 68        35, 44, 35, 51      
                                68, 85                70, 19              
тал                             38, 82, 118, 119      13, 29, 5, 5        
                                120, 121, 168         9, 9, 15            
талууд                          38, 82, 118, 119      13, 29, 5, 5        
                                120, 121, 168         9, 9, 15            
мэдээлл                         38, 143, 147, 147     24, 6, 4, 29        
                                148, 149, 150         6, 6, 8             
мэргэшил                        43                    8                   
этгээд                          43, 52, 52, 154       9, 29, 53, 10       
                                173, 176, 177, 178    51, 8, 9, 18        
                                178, 180, 180, 181    19, 13, 14, 13      
                                181                   14                  
төрийн алб                      46, 46, 65, 65        3, 8, 10, 15        
                                68, 68                15, 20              
төрийн алба                     46, 46, 65, 65        3, 8, 10, 15        
                                68, 68                15, 20              
тэтгэвэр                        46, 73, 73            16, 7, 17           
тушаал                          46, 65, 88, 153       22, 39, 8, 6        
                                154, 155              13, 5               
гэмт хэрэг                      52, 54, 57, 58        7, 4, 3, 3          
гэмт хэрг                       52, 54, 57, 58        7, 4, 3, 3          
нотлох баримт                   52, 156               18, 9               
орон байр                       52                    42                  
газар                           52                    14                  
тохиолдол                       52, 168               22, 10              
эрүүл мэнд                      65                    6                   
хүсэлт                          65, 151, 152, 153     4, 5, 22, 2         
                                156, 158              2, 5                
улсын төсв                      68                    79                  
ажл                             68, 95, 95            45, 4, 17           
тэтгэмж                         68, 68                66, 78              
нийгмийн даатгалын сан          73                    21                  
тэтгэвр                         73                    20                  
ахмад                           89                    23                  
ахмд                            89                    23                  
төсөв                           95, 99, 100           14, 3, 3            
сан                             99, 100, 178          5, 5, 8             
зам                             107                   44                  
олон улсын гэрээ                116, 117              3, 3                
прокурор                        129, 130, 152         8, 8, 13            
үр                              137, 172, 173, 175    16, 10, 43, 34      
холбоо                          137                   20                  
монгол улсын олон улсын гэрээ   140, 173, 175         12, 16, 17          
зарлиг                          140, 140, 173, 173    2, 50, 6, 34        
                                175, 175              6, 40               
зарлаг                          140, 140, 173, 173    2, 50, 6, 34        
                                175, 175              6, 40               
зарлг                           140, 140, 173, 173    2, 50, 6, 34        
                                175, 175              6, 40               
зарлага                         140, 140, 173, 173    2, 50, 6, 34        
                                175, 175              6, 40               
өргөдөл                         143, 144, 147, 147    5, 9, 3, 28         
                                148, 148, 149, 149    5, 26, 5, 26        
                                150, 150              7, 13               
мэдээлэл                        144, 148, 149, 150    10, 27, 27, 14      
ачаа                            156                   6                   
гэрээ                           173, 175              36, 46              
аж ахуйн нэгж                   178                   29                  
баримт бичиг                    178                   15                  
баримт бичг                     178                   15                  
мэдүүлг                         178                   10                  
мэдүүлэг                        178                   10                  
тодорхойлолт                    178                   14                  
