File: MNCLW00308.txt
Search Method: Trie (MWE + Single-Word)
Total runtime: 0.010169s
Found terms: 901

Term                            Line                  Word Place          

хүү                             5, 6, 17, 193         2, 2, 292, 2        
                                224, 239, 244, 244    27, 2, 66, 248      
                                244, 292, 439, 517    337, 1, 3, 2        
                                597, 609, 691, 694    20, 2, 3, 2         
                                719, 722              3, 2                
төсв                            7, 11, 11, 11         5, 10, 15, 55       
                                12, 13, 13, 13        7, 5, 9, 12         
                                16, 17, 99, 221       8, 138, 2, 8        
                                221, 223, 242, 243    11, 8, 8, 6         
                                596, 615, 617, 621    6, 8, 9, 13         
                                621, 623, 625, 627    18, 18, 16, 7       
                                629, 633, 690, 718    5, 5, 5, 5          
орон нутгийн хөгжлийн нэгдсэн сан  11, 632, 718          26, 2, 7            
орон нутгийн төсөв              11, 631, 633          20, 1, 7            
орон нутгийн төсв               11, 631, 690          41, 7, 7            
төсвийн ерөнхийлөн захирагч     11, 16, 17, 19        48, 10, 2, 1        
                                223, 224, 226, 242    10, 2, 1, 10        
                                243, 244, 246, 596    8, 2, 1, 8          
                                597, 599              2, 1                
улсын төсөв                     11, 11, 16, 221       6, 44, 4, 4         
                                223, 690              4, 10               
улсын  төсөв                    11, 11, 16, 221       6, 44, 4, 4         
                                223, 690              4, 10               
санхүүгийн дэмжлэг              11, 631, 633, 634     24, 5, 11, 4        
                                637                   2                   
санхүүгийн дэмжлг               11, 631, 633, 634     24, 5, 11, 4        
                                637                   2                   
улсын төсв                      11, 242, 243, 596     32, 4, 2, 2         
                                615, 617, 619, 632    4, 4, 4, 8          
                                718, 842, 843         13, 4, 4            
орлогын шилжүүлг                11, 632, 718          39, 15, 20          
орлогын шилжүүлэг               11, 632, 718          39, 15, 20          
төсвийн алдагдл                 11                    64                  
орлого                          11, 11, 11, 16        13, 17, 47, 19      
                                17, 17, 17, 17        18, 31, 43, 65      
                                17, 17, 17, 17        82, 99, 112, 127    
                                17, 17, 17, 17        157, 163, 188, 193  
                                17, 17, 17, 17        209, 215, 227, 249  
                                17, 17, 17, 17        269, 288, 303, 324  
                                17, 17, 17, 25        329, 345, 350, 5    
                                33, 40, 51, 62        5, 5, 5, 5          
                                70, 77, 88, 116       5, 5, 5, 3          
                                117, 131, 132, 141    5, 9, 5, 9          
                                146, 153, 168, 179    5, 5, 5, 5          
                                190, 197, 206, 207    5, 5, 9, 5          
                                214, 215, 221, 632    9, 5, 13, 1         
                                690, 691, 695         13, 5, 2            
орлог                           11, 11, 11, 16        13, 17, 47, 19      
                                17, 17, 17, 17        18, 31, 43, 65      
                                17, 17, 17, 17        82, 99, 112, 127    
                                17, 17, 17, 17        157, 163, 188, 193  
                                17, 17, 17, 17        209, 215, 227, 249  
                                17, 17, 17, 17        269, 288, 303, 324  
                                17, 17, 17, 25        329, 345, 350, 5    
                                33, 40, 51, 62        5, 5, 5, 5          
                                70, 77, 88, 116       5, 5, 5, 3          
                                117, 131, 132, 141    5, 9, 5, 9          
                                146, 153, 168, 179    5, 5, 5, 5          
                                190, 197, 206, 207    5, 5, 9, 5          
                                214, 215, 221, 632    9, 5, 13, 1         
                                690, 691, 695         13, 5, 2            
байгууллага                     11, 16, 17, 17        19, 17, 16, 29      
                                17, 17, 17, 17        41, 63, 80, 97      
                                17, 17, 17, 17        110, 125, 161, 191  
                                17, 17, 17, 17        213, 225, 247, 267  
                                17, 17, 17, 17        286, 301, 327, 348  
                                25, 33, 40, 51        3, 3, 3, 3          
                                62, 70, 77, 88        3, 3, 3, 3          
                                117, 132, 146, 153    3, 3, 3, 3          
                                168, 179, 190, 197    3, 3, 3, 3          
                                207, 215, 844         3, 3, 5             
байгууллаг                      11, 16, 17, 17        19, 17, 16, 29      
                                17, 17, 17, 17        41, 63, 80, 97      
                                17, 17, 17, 17        110, 125, 161, 191  
                                17, 17, 17, 17        213, 225, 247, 267  
                                17, 17, 17, 17        286, 301, 327, 348  
                                25, 33, 40, 51        3, 3, 3, 3          
                                62, 70, 77, 88        3, 3, 3, 3          
                                117, 132, 146, 153    3, 3, 3, 3          
                                168, 179, 190, 197    3, 3, 3, 3          
                                207, 215, 844         3, 3, 5             
сан                             11, 11, 17, 17        37, 60, 57, 130     
                                17, 17, 17, 45        140, 144, 153, 3    
                                91, 99, 103, 114      1, 4, 3, 1          
                                224, 230, 244, 431    9, 1, 240, 1        
                                597, 603, 621, 623    9, 1, 15, 5         
                                623, 632, 718, 718    15, 13, 18, 25      
                                844                   14                  
төсөв                           11, 17, 17, 17        51, 15, 28, 40      
                                17, 17, 17, 17        62, 79, 96, 109     
                                17, 17, 17, 17        124, 160, 190, 212  
                                17, 17, 17, 17        224, 246, 266, 285  
                                17, 17, 17, 25        300, 326, 347, 2    
                                33, 40, 51, 62        2, 2, 2, 2          
                                70, 77, 88, 117       2, 2, 2, 2          
                                132, 146, 153, 168    2, 2, 2, 2          
                                179, 190, 197, 207    2, 2, 2, 2          
                                215, 242              2, 15               
хөрөнгө                         11, 15, 244, 244      62, 8, 28, 43       
                                244, 244, 244, 244    83, 107, 118, 149   
                                244, 244, 244, 244    183, 195, 212, 225  
                                244, 244, 244, 244    236, 250, 270, 282  
                                244, 244, 244, 244    293, 319, 332, 347  
                                244, 244, 244, 244    367, 389, 400, 420  
                                244, 263, 275, 307    430, 1, 1, 1        
                                325, 333, 359, 384    1, 1, 1, 1          
                                395, 406, 417, 428    1, 1, 1, 1          
                                440, 456, 467, 478    1, 1, 1, 1          
                                503, 514, 525, 541    1, 1, 1, 1          
                                556, 567, 583, 594    1, 1, 1, 1          
                                617, 619, 621, 623    6, 6, 21, 21        
                                842, 843              6, 6                
хөрөнг                          11, 15, 244, 244      62, 8, 28, 43       
                                244, 244, 244, 244    83, 107, 118, 149   
                                244, 244, 244, 244    183, 195, 212, 225  
                                244, 244, 244, 244    236, 250, 270, 282  
                                244, 244, 244, 244    293, 319, 332, 347  
                                244, 244, 244, 244    367, 389, 400, 420  
                                244, 263, 275, 307    430, 1, 1, 1        
                                325, 333, 359, 384    1, 1, 1, 1          
                                395, 406, 417, 428    1, 1, 1, 1          
                                440, 456, 467, 478    1, 1, 1, 1          
                                503, 514, 525, 541    1, 1, 1, 1          
                                556, 567, 583, 594    1, 1, 1, 1          
                                617, 619, 621, 623    6, 6, 21, 21        
                                842, 843              6, 6                
этгээд                          13                    20                  
төсвийн орлог                   15                    5                   
төсвийн орлого                  15                    5                   
өрийн удирдлага                 15, 629               9, 10               
өрийн удирдлаг                  15, 629               9, 10               
зарлиг                          15, 718, 719, 719     7, 28, 13, 21       
                                719, 719, 719, 719    29, 37, 45, 53      
                                719, 719, 719, 719    61, 69, 77, 85      
                                719, 719, 719, 719    93, 101, 109, 117   
                                719, 719, 719, 719    125, 133, 141, 149  
                                719, 719, 719, 719    157, 165, 173, 181  
                                728, 733, 738, 743    3, 3, 3, 3          
                                748, 753, 758, 763    3, 3, 3, 3          
                                768, 773, 778, 783    3, 3, 3, 3          
                                788, 793, 798, 804    3, 3, 3, 3          
                                809, 814, 819, 824    3, 3, 3, 3          
                                829, 834              3, 3                
зарлага                         15, 718, 719, 719     7, 28, 13, 21       
                                719, 719, 719, 719    29, 37, 45, 53      
                                719, 719, 719, 719    61, 69, 77, 85      
                                719, 719, 719, 719    93, 101, 109, 117   
                                719, 719, 719, 719    125, 133, 141, 149  
                                719, 719, 719, 719    157, 165, 173, 181  
                                728, 733, 738, 743    3, 3, 3, 3          
                                748, 753, 758, 763    3, 3, 3, 3          
                                768, 773, 778, 783    3, 3, 3, 3          
                                788, 793, 798, 804    3, 3, 3, 3          
                                809, 814, 819, 824    3, 3, 3, 3          
                                829, 834              3, 3                
зарлаг                          15, 718, 719, 719     7, 28, 13, 21       
                                719, 719, 719, 719    29, 37, 45, 53      
                                719, 719, 719, 719    61, 69, 77, 85      
                                719, 719, 719, 719    93, 101, 109, 117   
                                719, 719, 719, 719    125, 133, 141, 149  
                                719, 719, 719, 719    157, 165, 173, 181  
                                728, 733, 738, 743    3, 3, 3, 3          
                                748, 753, 758, 763    3, 3, 3, 3          
                                768, 773, 778, 783    3, 3, 3, 3          
                                788, 793, 798, 804    3, 3, 3, 3          
                                809, 814, 819, 824    3, 3, 3, 3          
                                829, 834              3, 3                
зарлг                           15, 718, 719, 719     7, 28, 13, 21       
                                719, 719, 719, 719    29, 37, 45, 53      
                                719, 719, 719, 719    61, 69, 77, 85      
                                719, 719, 719, 719    93, 101, 109, 117   
                                719, 719, 719, 719    125, 133, 141, 149  
                                719, 719, 719, 719    157, 165, 173, 181  
                                728, 733, 738, 743    3, 3, 3, 3          
                                748, 753, 758, 763    3, 3, 3, 3          
                                768, 773, 778, 783    3, 3, 3, 3          
                                788, 793, 798, 804    3, 3, 3, 3          
                                809, 814, 819, 824    3, 3, 3, 3          
                                829, 834              3, 3                
эрүүл мэндийн даатгалын сан     17, 17, 17, 17        180, 201, 316, 337  
                                131, 141, 206, 214    1, 1, 1, 1          
санхүүгийн зохицуулах хороо     17, 36, 244, 337      34, 1, 123, 1       
байгаль орчин                   17, 73, 244, 409      102, 1, 216, 1      
аялал жуулчлал                  17, 73, 244, 409      104, 3, 218, 3      
төлөөлөгчийн газр               17, 84                120, 2              
гадаадын тусламж                17, 116               155, 1              
улсын бүртгэл                   17, 123               171, 1              
батлан хамгаалах                17, 137, 244, 470     197, 1, 286, 1      
хот байгуулалт                  17, 171, 244, 570     253, 2, 405, 2      
                                597, 612              29, 2               
ашигт малтмал                   17, 186               278, 1              
газрын тос                      17, 186               280, 3              
эрүүл мэнд                      17, 213, 244, 544     334, 1, 371, 1      
шүүх                            17, 29, 244, 244      22, 1, 49, 57       
                                278, 285              3, 1                
зөвлөл                          17, 29, 244, 244      24, 3, 59, 90       
                                244, 285, 310, 344    134, 3, 4, 3        
зохицуулалт                     17, 44, 629           53, 4, 26           
газар                           17, 17, 17, 17        54, 76, 135, 152    
                                17, 17, 17, 17        174, 178, 238, 257  
                                17, 17, 17, 44        263, 282, 315, 5    
                                58, 95, 111, 123      4, 3, 3, 4          
                                127, 160, 175, 175    3, 4, 1, 7          
                                186, 205, 629         5, 5, 4             
мэргэжл                         17, 58                73, 1               
газр                            17, 17, 65, 65        89, 92, 5, 8        
                                244, 244, 244, 244    13, 113, 203, 206   
                                244, 250, 328, 398    413, 5, 3, 5        
                                398, 578, 625, 627    8, 2, 20, 4         
эмнэлэг                         17, 17, 17, 17        185, 206, 321, 342  
                                131, 141, 206, 214    6, 6, 6, 6          
эмнэлг                          17, 17, 17, 17        185, 206, 321, 342  
                                131, 141, 206, 214    6, 6, 6, 6          
зам                             17, 17, 156, 164      230, 240, 1, 1      
                                244, 459              274, 1              
нисэх                           17, 160               236, 2              
геодези                         17, 175               260, 4              
геодез                          17, 175               260, 4              
хүн                             17, 182, 244, 506     274, 3, 325, 3      
хүнс                            17, 193, 224, 239     291, 1, 26, 1       
                                244, 517, 597, 609    336, 1, 19, 1       
үйлчилгээ                       17, 205               313, 3              
төлбөр                          223, 244, 439, 625    15, 249, 4, 25      
эрүүл мэндийн анхан шатны тусламж, үйлчилгээ  244, 549              378, 2              
үндэсний аюулгүй байдл          244, 310              87, 1               
төрийн алба                     244, 344              132, 1              
төрийн алб                      244, 344              132, 1              
гадаад зээл                     244, 445              254, 1              
гадаадын зээл                   244, 445              254, 1              
эрчим хүч                       244, 559              393, 1              
шүүгч                           244, 278              51, 5               
комисс                          244, 244, 292, 369    69, 168, 4, 7       
прокурор                        244, 299              78, 3               
аудитор                         244, 317              102, 4              
авлига                          244, 328              111, 1              
авлиг                           244, 328              111, 1              
ажл                             244, 369              163, 2              
зээл                            244, 439              247, 2              
шилжүүлг                        244, 244, 244, 244    311, 316, 365, 386  
                                244, 489, 490, 536    418, 7, 5, 7        
                                549, 578, 719, 723    10, 7, 4, 1         
шилжүүлэг                       244, 244, 244, 244    311, 316, 365, 386  
                                244, 489, 490, 536    418, 7, 5, 7        
                                549, 578, 719, 723    10, 7, 4, 1         
кадастр                         244, 578              415, 4              
төсвийн  зарлага                615                   11                  
төсвийн зарлага                 615                   11                  
төсвийн зарлаг                  615                   11                  
төсөл, арга хэмжээ              617, 619, 842, 843    14, 14, 12, 14      
хөрөнгө оруулалт                617, 842              12, 10              
барилга байгууламж              617, 619, 842, 843    17, 17, 15, 17      
концесс                         619, 843              11, 11              
удирдлаг                        625                   4                   
удирдлага                       625                   4                   
өр                              625, 627, 627, 629    13, 10, 12, 25      
зээллэг                         625                   23                  
зээллг                          625                   23                  
засгийн газрын өрийн удирдлаг   629                   15                  
засгийн газрын өрийн удирдлага  629                   15                  
баримт бичиг                    629                   22                  
баримт бичг                     629                   22                  
үйл ажиллагаа                   629                   27                  
хөтөлбөр                        841, 841, 844         10, 11, 7           
үр                              841                   13                  
жагсаал                         842, 843              17, 21              
төсөл                           844                   6                   
сум                             844                   10                  
