File: MNCLW00518.txt
Search Method: Aho-Corasick
Total runtime: 0.006330s
Found terms: 568

Term                            Line                  Word Place          

орон сууц хувьчлах              6, 13, 14, 15         1, 4, 1, 1          
                                21, 29, 35, 38        2, 4, 5, 9          
                                45, 48, 51, 58        42, 9, 4, 1         
                                59, 63, 64, 67        1, 10, 10, 4        
                                68, 70, 71, 75        2, 2, 5, 10         
                                77, 77, 81, 82        2, 7, 7, 2          
                                83, 90, 91, 91        8, 4, 1, 5          
                                92, 92, 105, 114      1, 5, 2, 17         
                                120, 122, 126, 127    10, 22, 1, 1        
                                216, 217, 226, 232    17, 2, 7, 2         
                                241, 267, 268, 271    2, 8, 4, 2          
                                291, 292              1, 1                
нийтлэх                         8, 9                  1, 1                
орон сууц                       11, 12, 25, 27        7, 7, 25, 34        
                                30, 30, 34, 35        2, 11, 6, 20        
                                37, 39, 40, 41        5, 14, 9, 5         
                                45, 49, 52, 52        8, 5, 3, 12         
                                72, 83, 84, 87        2, 4, 2, 2          
                                87, 88, 93, 96        8, 2, 23, 2         
                                96, 96, 99, 102       8, 13, 4, 2         
                                103, 105, 106, 112    2, 18, 4, 2         
                                112, 129, 137, 215    8, 35, 6, 9         
                                215, 215, 227, 260    31, 49, 19, 12      
                                261, 264, 265, 277    12, 1, 1, 2         
иргэн                           11, 11, 12, 12        9, 16, 9, 16        
                                14, 15, 25, 26        8, 8, 33, 31        
                                35, 52, 95, 96        13, 20, 8, 19       
                                102, 106, 109, 110    16, 20, 7, 9        
                                111, 112, 118, 119    9, 12, 6, 9         
                                221, 221, 223, 223    6, 13, 6, 11        
                                223, 224, 224, 224    64, 6, 11, 64       
                                286                   13                  
байгууллага                     11, 12, 48, 54        15, 15, 20, 3       
                                83, 84, 84, 86        7, 14, 18, 6        
                                87, 105, 106, 132     13, 21, 10, 21      
                                132, 227              29, 27              
орон сууцны байшингийн дундын өмчлөлийн эд хөрөнгө  14, 15, 23, 23        18, 18, 2, 18       
сууц                            14, 15, 21, 21        10, 10, 13, 22      
                                22, 23, 25, 26        2, 10, 10, 10       
                                27, 30, 31, 31        21, 15, 12, 15      
                                31, 31, 31, 43        32, 36, 40, 20      
                                52, 53, 54, 54        26, 7, 10, 28       
                                54, 95, 97, 106       33, 4, 2, 22        
                                109, 110, 111, 115    4, 5, 5, 2          
                                118, 119, 120, 121    3, 5, 4, 5          
                                132, 217, 217, 218    30, 6, 14, 3        
                                219, 221, 226, 227    2, 10, 2, 3         
                                227, 229, 231, 232    54, 4, 4, 6         
                                232, 232, 233, 235    16, 22, 8, 2        
                                235, 255, 256, 267    7, 7, 11, 4         
                                284, 285, 286, 286    5, 5, 2, 5          
хэрэглэгч                       18, 19, 148, 149      3, 3, 8, 3          
                                152                   1                   
нийтийн зориулалттай орон сууцны байшин  20, 21, 22, 25        2, 8, 4, 5          
                                26, 30, 43            5, 5, 14            
өр                              21, 22, 25, 26        15, 20, 16, 16      
                                30, 53, 110, 111      16, 31, 6, 6        
                                119, 120, 121, 141    6, 5, 6, 6          
                                141, 144, 144, 221    15, 11, 13, 11      
                                227, 229, 286, 288    4, 5, 6, 22         
                                288                   26                  
гэр бүл                         22, 53, 53, 53        11, 3, 12, 24       
                                54, 54, 221, 288      6, 15, 39, 7        
ажилгүй                         22, 49, 71, 87        13, 9, 8, 11        
                                88                    5                   
эд хөрөнгө                      23, 288, 288          29, 16, 36          
гэр бүлийн гишүүн               25, 26, 52, 96        35, 33, 22, 16      
                                227                   34                  
сууц эзэмшигч                   25, 25, 31, 52        2, 18, 2, 5         
                                53, 54, 216, 220      14, 21, 2, 2        
                                267, 268              2, 2                
дундын өмчлөлийн эд хөрөнгө     26, 30, 53, 99        20, 22, 35, 7       
сууц өмчлөгч                    26, 235, 279, 280     2, 10, 2, 2         
                                281, 282, 282, 283    5, 2, 6, 2          
                                283                   6                   
журам                           26, 35, 48, 54        27, 27, 32, 48      
                                70, 72, 134, 216      7, 12, 6, 11        
                                229, 247              14, 7               
хуулийн этгээдийн эзэмшлийн орон сууц  27                    2                   
хуулийн этгээд                  27, 27, 45, 48        9, 28, 23, 15       
                                296                   5                   
тайлан                          27                    11                  
ашиглалт                        27, 83, 88, 105       15, 6, 7, 13        
                                105, 132, 149, 175    20, 8, 50, 2        
үйлчилгээ                       27, 88, 99            17, 9, 22           
гэрээ                           27, 96, 112, 227      24, 11, 11, 10      
төлбөр                          27, 115, 254, 259     25, 8, 5, 7         
                                260, 261              4, 4                
хариуцагч                       27, 84                32, 10              
гүйцэтгэгч                      27                    33                  
ажил                            30, 45, 58, 59        42, 45, 4, 4        
                                67, 81, 82, 83        7, 10, 6, 12        
                                87, 91, 92, 93        17, 8, 8, 30        
                                102, 141, 227, 227    13, 7, 8, 13        
хүсэлт                          31, 122, 227          34, 21, 58          
үнэлгээ                         31, 97, 97, 114       46, 7, 12, 7        
                                142, 143, 145, 145    6, 4, 5, 23         
                                148, 148, 216, 217    5, 10, 7, 13        
                                229, 241, 243         10, 10, 5           
үйлчлэгч                        33, 34                5, 13               
орон нутгийн өмч                35, 35, 71            2, 17, 2            
шийдвэр                         35, 45, 45, 48        9, 15, 28, 13       
                                54, 106, 129, 231     4, 25, 16, 7        
                                232, 235, 241, 255    27, 5, 6, 10        
                                256, 268, 274         14, 8, 13           
олон улсын байгууллага          39                    8                   
ажилтан                         39                    11                  
оюутан-цэрэг                    42                    2                   
оюутан                          42                    2                   
оюутан-цэрг                     42                    2                   
тусгай алба                     43                    3                   
газар                           44, 45, 134, 247      15, 17, 8, 10       
төрийн өмчит хуулийн этгээд     45                    2                   
захиргааны байгууллага          45, 60, 63, 64        39, 11, 8, 8        
                                77, 129, 268, 268     24, 9, 18, 30       
                                271, 271, 274         17, 28, 11          
зохион байгуулагч               45, 67, 88, 93        46, 8, 16, 31       
                                102                   14                  
санал                           45, 84, 217, 229      25, 19, 9, 19       
зохицуулалт                     45, 60, 63, 64        35, 7, 4, 4         
                                77, 129, 268, 268     20, 5, 14, 26       
                                271, 271, 274         13, 24, 7           
төрийн өмчийн оролцоотой хуулийн этгээд  48                    2                   
гишүүн                          48, 221               22, 47              
хүн                             49, 129, 137, 138     8, 37, 8, 11        
                                296                   4                   
хангагч                         49, 82, 129, 129      12, 8, 31, 40       
                                137, 138, 138         11, 14, 17          
удирдлага                       58, 59                5, 5                
зохиогч                         58, 59, 87            6, 6, 15            
талууд                          63, 64, 75, 77        13, 13, 13, 16      
                                81, 105, 122, 129     11, 17, 6, 43       
                                137                   13                  
тал                             63, 64, 75, 77        13, 13, 13, 16      
                                81, 105, 122, 129     11, 17, 6, 43       
                                137                   13                  
хяналт тавих                    67, 81, 88            13, 15, 18          
нийслэл                         68, 68, 73, 75        7, 13, 6, 4         
                                77, 129, 138          13, 12, 3           
сум                             68, 73, 75, 77        12, 5, 3, 12        
мэргэжил                        71                    9                   
гомдол                          72, 103, 122, 264     7, 6, 15, 6         
                                265, 266, 267, 267    6, 4, 7, 16         
                                268, 268, 271, 271    20, 33, 9, 31       
                                274                   17                  
мэдээлэл                        81                    12                  
захиргаа                        84, 86                12, 4               
стандарт                        88                    11                  
мэдээллийн сан                  93                    19                  
дүгнэлт                         93, 99, 122, 129      28, 18, 11, 44      
                                136, 137, 138         7, 14, 9            
шалгагч                         96                    27                  
бүрэн бүтэн байдал              99                    24                  
арга хэмжээ                     99                    30                  
гэрчилгээ                       101, 106, 227, 234    4, 35, 50, 6        
                                235, 237, 247, 282    13, 4, 4, 9         
                                283                   9                   
сууц өмчлөгчдийн холбоо         104                   3                   
тохиолдол                       115                   6                   
ариун цэвэр                     129, 132, 141, 144    24, 14, 11, 9       
                                288                   20                  
эрүүл ахуй                      129                   26                  
осол                            129                   22                  
эрчим хүч                       132                   11                  
техникийн хяналт                132                   17                  
ус                              149, 149, 149, 205    112, 114, 116, 4    
                                206, 207              2, 2                
өргөдөл                         218, 227, 233         7, 60, 27           
этгээд                          219, 233, 274         9, 13, 3            
ял эдэлж байгаа                 221, 223, 224         35, 49, 49          
18 нас хүрсэн                   221                   42                  
бараа                           221                   8                   
чадамж                          221, 221, 223, 223    17, 22, 15, 17      
                                223, 223, 224, 224    23, 32, 15, 17      
                                224, 224              23, 32              
шүүх                            221, 221, 223, 224    19, 24, 19, 19      
                                277, 288              9, 49               
шүүгч                           221, 221, 223, 224    19, 24, 19, 19      
                                277, 288              9, 49               
итгэмжлэгдсэн төлөөлөгч         223, 224              66, 66              
зөвшөөрөл                       223, 224              65, 65              
иргэний бүртгэлийн дугаар       227, 227, 238         16, 43, 11          
овог                            227, 227, 238         6, 37, 9            
тушаал                          227                   15                  
эрх бүхий этгээд                238                   6                   
хөрөнгө оруулалт                253                   6                   
орлого                          259, 260, 261         8, 6, 6             
үйл ажиллагаа                   271                   6                   
агуулах                         288                   23                  
шинжээч                         295                   10                  
