File: MNCLW00196.txt
Search Method: Trie (MWE + Single-Word)
Total runtime: 0.013366s
Found terms: 701

Term                            Line                  Word Place          

жолооч                          8, 14, 16, 17         1, 5, 7, 7          
                                25, 26, 31, 32        18, 18, 10, 10      
                                33, 33, 33, 34        5, 16, 24, 5        
                                34, 34, 35, 35        16, 24, 13, 16      
                                36, 36, 37, 38        13, 16, 9, 9        
                                43, 45, 48, 49        5, 4, 5, 4          
                                50, 50, 51, 51        19, 27, 19, 27      
                                57, 58, 106, 128      9, 29, 4, 5         
                                132, 132, 134, 134    13, 29, 2, 22       
                                136, 146, 177, 182    4, 22, 14, 5        
                                183, 183, 184, 184    2, 20, 5, 10        
                                215, 226, 228, 233    5, 15, 19, 4        
                                233, 233, 240, 241    14, 33, 5, 11       
                                243                   17                  
нийтлэх                         11, 12                1, 1                
зам тээврийн осол               14, 233               11, 7               
эрүүл мэнд                      14, 37, 38, 39        18, 17, 17, 6       
                                40, 65, 137, 150      6, 10, 6, 19        
                                152                   2                   
эд хөрөнгө                      14, 37, 38, 39        20, 19, 19, 8       
                                40, 65, 137, 150      8, 12, 8, 21        
                                152, 154, 165, 166    4, 2, 2, 7          
                                166, 172              18, 19              
журам                           14, 16, 17, 53        8, 4, 4, 10         
                                75, 105, 110, 121     5, 4, 7, 14         
                                150, 164, 165, 170    27, 29, 20, 22      
                                192, 192, 193, 194    11, 18, 8, 12       
                                208, 209, 211, 219    13, 13, 12, 16      
                                225, 225, 228, 230    16, 26, 8, 5        
                                230, 232, 234, 234    10, 15, 4, 8        
                                241, 243, 244, 245    14, 20, 5, 13       
даатгагч                        14, 33, 33, 33        9, 6, 19, 34        
                                34, 34, 34, 35        6, 19, 34, 11       
                                35, 36, 36, 43        28, 11, 28, 6       
                                45, 48, 49, 50        2, 6, 5, 28         
                                51, 53, 58, 73        28, 24, 41, 5       
                                85, 124, 125, 129     11, 2, 5, 2         
                                133, 134, 137, 140    15, 15, 15, 8       
                                144, 147, 150, 152    8, 18, 5, 12        
                                153, 154, 164, 173    10, 10, 17, 29      
                                197, 226, 226, 228    7, 11, 16, 12       
                                228, 233, 233, 243    20, 13, 31, 18      
                                245                   2                   
замын хөдөлгөөний аюулгүй байдал  16, 17, 58, 148       33, 33, 21, 3       
                                242                   8                   
даатгалын мэргэжлийн оролцогч   16, 17, 146           29, 29, 25          
иргэн                           16, 17, 35, 36        18, 18, 15, 15      
                                151, 153, 154, 233    5, 15, 15, 16       
мөрдөгч                         18, 54, 251, 252      17, 8, 12, 22       
                                253                   15                  
тодорхойлолт                    19, 131, 148, 163     6, 10, 16, 21       
хэрэглэгч                       20, 75, 110, 170      3, 4, 6, 21         
автотээврийн хэрэгсэл           21, 22, 103           3, 3, 3             
хүн                             21, 22, 39, 40        9, 9, 18, 18        
                                248                   4                   
даатгалын үйл ажиллагаа         25, 26, 197, 240      19, 19, 2, 6        
даатгалын гэрээ                 25, 26, 62, 63        4, 4, 1, 1          
                                65, 226, 241          26, 3, 7            
хуулийн этгээд                  25, 26, 248           24, 24, 5           
даатгуулагч                     25, 26, 29, 30        3, 3, 6, 6          
                                35, 35, 36, 36        12, 29, 12, 29      
                                70, 71, 73, 85        10, 14, 12, 12      
                                87, 98, 102, 123      5, 5, 4, 5          
                                133, 139, 141, 141    22, 14, 13, 27      
                                143, 144, 146, 152    12, 20, 21, 11      
                                153, 154, 164, 165    9, 9, 9, 7          
                                173, 173, 173, 176    5, 12, 22, 5        
                                177, 178, 179, 226    13, 10, 13, 12      
                                228, 233, 233         13, 12, 32          
төлбөр                          25, 26, 31, 32        14, 14, 7, 7        
                                39, 40, 44, 71        26, 26, 3, 16       
                                82, 102, 105, 113     13, 12, 10, 4       
                                114, 121, 126, 139    4, 7, 5, 7          
                                147, 155, 156, 162    10, 7, 15, 4        
                                163, 164, 164, 165    9, 32, 41, 23       
                                165, 167, 167, 168    31, 2, 11, 2        
                                168, 169, 169, 170    12, 6, 22, 9        
                                172, 173, 174, 175    4, 21, 4, 8         
                                181, 201, 205, 214    11, 9, 7, 6         
                                226, 228, 229, 233    10, 35, 10, 25      
                                252                   5                   
бусад этгээд                    27, 28, 33, 34        10, 10, 25, 25      
гэрээ                           27, 28, 64, 67        4, 4, 4, 16         
                                70, 73, 73            2, 2, 7             
зам                             27, 28, 37, 38        6, 6, 10, 10        
                                45, 49, 50, 51        5, 11, 16, 16       
                                65                    3                   
этгээд                          27, 28, 39, 40        16, 16, 13, 13      
                                47, 53, 57, 131       4, 20, 12, 6        
                                146, 157, 158, 159    35, 2, 6, 8         
                                175, 176, 177, 180    10, 21, 10, 6       
                                181, 182, 185         13, 21, 10          
тал                             29, 30, 125, 130      7, 7, 4, 3          
                                152, 152, 153, 153    9, 13, 7, 11        
                                154, 154, 177         7, 11, 4            
талууд                          29, 30, 125, 130      7, 7, 4, 3          
                                152, 152, 153, 153    9, 13, 7, 11        
                                154, 154, 177         7, 11, 4            
мэдээлэл                        29, 30, 35, 36        10, 10, 20, 20      
                                71, 126, 137, 139     13, 9, 14, 13       
                                140, 170, 170, 226    4, 11, 18, 19       
                                227, 228, 228, 229    3, 17, 33, 9        
                                230, 233              3, 11               
даатгалын нөхөн төлбөр          31, 31, 32, 32        2, 26, 2, 26        
                                141                   9                   
жолоочийн даатгалын сан         31, 32, 133, 134      32, 32, 16, 16      
                                138, 139, 143, 144    4, 2, 2, 9          
                                146, 147, 156, 163    2, 19, 7, 2         
                                164, 166, 170, 181    18, 2, 2, 2         
                                189, 190, 193, 208    1, 1, 12, 8         
                                209, 219              8, 8                
даатгалын тохиолдол             31, 32, 33, 34        11, 11, 13, 13      
                                35, 36, 37, 37        17, 17, 2, 5        
                                38, 38, 39, 39        2, 5, 3, 15         
                                40, 40, 82, 102       3, 15, 6, 7         
                                113, 114, 116, 131    1, 1, 3, 8          
                                131, 132, 140, 143    12, 7, 12, 19       
                                145, 146, 147, 148    11, 12, 6, 14       
                                157, 158, 173, 178    3, 7, 17, 3         
                                179, 226, 233         9, 5, 19            
хөрөнгө                         31, 31, 32, 32        22, 38, 22, 38      
                                197, 207, 211, 219    10, 7, 21, 12       
сан                             33, 33, 34, 34        3, 41, 3, 41        
                                35, 36, 155, 191      3, 3, 5, 5          
                                192, 192, 192, 193    3, 13, 22, 24       
                                194, 195, 196, 212    3, 5, 3, 5          
                                216, 226, 227, 230    3, 2, 2, 2          
                                252                   3                   
тохиолдол                       33, 34, 37, 38        23, 23, 25, 25      
                                39, 40, 49, 74        22, 22, 7, 13       
                                85, 115, 123, 125     18, 4, 2, 2         
                                126, 127, 128, 130    2, 9, 2, 2          
                                132, 136, 140, 141    2, 2, 2, 8          
                                142, 144, 148, 165    4, 2, 2, 12         
                                175, 177, 180, 181    4, 2, 4, 7          
                                184, 211, 229, 241    2, 10, 6, 2         
үйл ажиллагаа                   35, 36, 193, 216      35, 35, 25, 4       
                                230, 239, 240, 240    19, 4, 12, 18       
хохирогч                        35, 36, 39, 40        14, 14, 21, 21      
                                136, 137, 143, 144    7, 2, 7, 19         
                                146, 152, 153, 154    23, 10, 8, 8        
                                168, 169, 172, 172    18, 18, 14, 22      
                                233                   15                  
эрх бүхий этгээд                39, 40, 58, 74        28, 28, 10, 9       
                                126, 145, 150, 163    12, 3, 12, 13       
                                176, 182, 183         13, 13, 13          
осол                            46, 217               3, 3                
техникийн хяналтын үзлэг        49                    16                  
тээврийн хэрэгсэл               49, 49, 50, 50        8, 14, 14, 21       
                                51, 51, 58, 83        14, 21, 30, 7       
                                84, 173, 243          6, 6, 13            
тээврийн хэрэгслийн мэргэшсэн жолооч  50, 51                6, 6                
гишүүн                          53, 53, 75, 208       3, 13, 16, 23       
                                209, 228, 243         23, 11, 27          
байгууллага                     53, 54, 125, 127      18, 21, 7, 11       
                                130, 136, 170, 170    7, 11, 15, 33       
                                207                   19                  
зэвсэгт хүчин                   54                    12                  
шүүхийн шийдвэр                 54                    16                  
гүйцэтгэгч                      54, 58                18, 16              
нэхэмжлэгч                      57, 174, 175, 181     13, 6, 12, 15       
                                201                   7                   
төрийн байгууллага              58, 228               33, 27              
захиргаа                        58, 170, 207          7, 31, 17           
мэдүүлэг                        66, 68, 105           6, 2, 14            
стандарт                        67, 68                7, 5                
санхүүгийн зохицуулах хороо     68, 110, 170, 193     7, 8, 23, 28        
                                194, 207, 234, 241    13, 9, 13, 15       
сонгогч                         69                    7                   
даатгалын хураамж               70, 85, 173           11, 19, 26          
газар                           75, 101, 140, 144     15, 4, 15, 4        
                                178, 208, 209, 243    6, 22, 22, 26       
үнэлгээ                         79, 80, 81, 82        2, 2, 4, 3          
                                85, 85, 166           2, 8, 16            
хураамж                         79, 80, 86, 87        3, 3, 5, 10         
                                98, 99, 100, 100      11, 4, 2, 7         
                                105, 110              2, 2                
гарын үсэг зурах                131                   17                  
заавар                          132                   26                  
үр                              133, 134              13, 13              
хариуцагч                       133, 134, 147, 173    24, 24, 22, 32      
гуравдагч этгээд                141                   18                  
шалгагч                         142, 143, 145, 147    5, 21, 13, 8        
хууль ёсны төлөөлөгч            143                   9                   
өргөдөл                         143                   13                  
зөвшөөрөл                       144                   21                  
даатгалын хохирол үнэлэгч       145, 146, 150         7, 32, 6            
бараа                           151                   3                   
санал                           152, 153, 154, 234    14, 12, 12, 11      
дүгнэлт                         163, 176, 182, 183    20, 16, 16, 16      
ажил                            164                   36                  
хүсэлт                          167, 168              8, 10               
шийдвэр                         176, 182, 183, 211    17, 17, 17, 17      
согтууруулах ундаа              179                   3                   
бүрдэл                          192, 225, 232         14, 21, 11          
хяналт тавих                    193, 240, 242         31, 20, 24          
холбоо                          193, 219, 230         10, 18, 12          
сангийн хөрөнгө                 194, 211, 213, 218    8, 3, 3, 3          
орлого                          198, 199, 205, 206    5, 5, 9, 4          
                                230                   15                  
албан татвар                    202, 203              6, 6                
мэдээллийн сан                  205, 215, 222, 223    5, 7, 1, 1          
                                224, 225, 225, 225    5, 3, 6, 30         
                                225, 228, 229, 230    36, 31, 7, 17       
                                237, 238              1, 1                
хандив                          206                   3                   
авто зам                        208, 209              17, 17              
зөвлөл                          211                   16                  
мэдээллийн нэгдсэн сан          225                   18                  
нээлт                           227                   5                   
үйлчилгээ                       230                   6                   
зохицуулах хороо                240                   2                   
хангагч                         240                   16                  
захиргааны байгууллага          242                   20                  
монгол улсын нутаг дэвсгэр      243                   6                   
хилийн бүс                      243                   15                  
шинжээч                         247                   10                  
