File: MNCLW00687.txt
Search Method: Trie (MWE + Single-Word)
Total runtime: 0.098278s
Found terms: 3871

Term                            Line                  Word Place          

төрийн ордон                    5                     1                   
нийтлэх                         10, 11, 280, 281      1, 1, 1, 1          
                                360, 361, 411, 425    1, 1, 12, 3         
                                426, 836              3, 6                
хөдөлмөрийн харилцаа            13, 28, 33, 34        5, 4, 14, 5         
                                56, 57, 67, 68        5, 3, 5, 3          
                                70, 75, 76, 78        3, 3, 3, 5          
                                79, 83, 84, 85        3, 3, 8, 5          
                                87, 88, 99, 102       3, 6, 5, 5          
                                105, 106, 113, 130    5, 8, 6, 4          
                                1237                  8                   
оролцогч                        13, 57, 183, 185      14, 5, 5, 3         
                                207, 216, 217, 242    3, 5, 3, 13         
                                317, 318, 1148, 1161  9, 6, 4, 4          
тал                             13, 25, 34, 45        15, 16, 7, 25       
                                50, 53, 54, 130       21, 41, 27, 10      
                                138, 139, 156, 167    31, 21, 23, 11      
                                182, 185, 194, 196    5, 4, 3, 7          
                                196, 200, 200, 202    19, 23, 24, 4       
                                202, 204, 205, 206    24, 3, 3, 4         
                                206, 209, 215, 247    17, 5, 11, 9        
                                259, 264, 270, 273    7, 15, 18, 8        
                                287, 295, 295, 297    6, 23, 32, 4        
                                299, 299, 301, 301    6, 14, 11, 15       
                                303, 318, 319, 323    9, 9, 26, 6         
                                324, 330, 335, 347    4, 15, 5, 6         
                                351, 363, 369, 414    9, 23, 13, 19       
                                427, 431, 462, 536    6, 7, 12, 24        
                                543, 544, 545, 556    26, 11, 21, 23      
                                559, 591, 598, 612    23, 51, 39, 16      
                                630, 637, 638, 639    62, 21, 38, 12      
                                645, 646, 659, 666    41, 17, 18, 11      
                                675, 676, 877, 880    3, 7, 9, 5          
                                884, 973, 977, 978    12, 8, 8, 8         
                                1044, 1081, 1094, 1113  6, 27, 28, 4        
                                1114, 1119, 1119, 1119  15, 10, 18, 22      
                                1119, 1120, 1120, 1123  39, 8, 15, 15       
                                1123, 1123, 1124, 1125  24, 29, 13, 16      
                                1127, 1128, 1129, 1129  7, 4, 5, 19         
                                1130, 1130, 1130, 1134  11, 17, 21, 10      
                                1135, 1140, 1141, 1145  2, 2, 15, 21        
                                1147, 1148, 1149, 1150  10, 5, 14, 7        
                                1151, 1154, 1155, 1161  4, 7, 2, 5          
                                1163, 1166, 1167, 1176  19, 10, 2, 4        
                                1177, 1180, 1181, 1181  5, 23, 18, 29       
                                1182, 1182, 1183, 1185  25, 28, 21, 36      
                                1186, 1186, 1188, 1200  20, 27, 32, 6       
                                1203, 1214, 1226, 1227  15, 19, 4, 4        
                                1246, 1253, 1256      13, 6, 10           
талууд                          13, 25, 34, 45        15, 16, 7, 25       
                                50, 53, 54, 130       21, 41, 27, 10      
                                138, 139, 156, 167    31, 21, 23, 11      
                                182, 185, 194, 196    5, 4, 3, 7          
                                196, 200, 200, 202    19, 23, 24, 4       
                                202, 204, 205, 206    24, 3, 3, 4         
                                206, 209, 215, 247    17, 5, 11, 9        
                                259, 264, 270, 273    7, 15, 18, 8        
                                287, 295, 295, 297    6, 23, 32, 4        
                                299, 299, 301, 301    6, 14, 11, 15       
                                303, 318, 319, 323    9, 9, 26, 6         
                                324, 330, 335, 347    4, 15, 5, 6         
                                351, 363, 369, 414    9, 23, 13, 19       
                                427, 431, 462, 536    6, 7, 12, 24        
                                543, 544, 545, 556    26, 11, 21, 23      
                                559, 591, 598, 612    23, 51, 39, 16      
                                630, 637, 638, 639    62, 21, 38, 12      
                                645, 646, 659, 666    41, 17, 18, 11      
                                675, 676, 877, 880    3, 7, 9, 5          
                                884, 973, 977, 978    12, 8, 8, 8         
                                1044, 1081, 1094, 1113  6, 27, 28, 4        
                                1114, 1119, 1119, 1119  15, 10, 18, 22      
                                1119, 1120, 1120, 1123  39, 8, 15, 15       
                                1123, 1123, 1124, 1125  24, 29, 13, 16      
                                1127, 1128, 1129, 1129  7, 4, 5, 19         
                                1130, 1130, 1130, 1134  11, 17, 21, 10      
                                1135, 1140, 1141, 1145  2, 2, 15, 21        
                                1147, 1148, 1149, 1150  10, 5, 14, 7        
                                1151, 1154, 1155, 1161  4, 7, 2, 5          
                                1163, 1166, 1167, 1176  19, 10, 2, 4        
                                1177, 1180, 1181, 1181  5, 23, 18, 29       
                                1182, 1182, 1183, 1185  25, 28, 21, 36      
                                1186, 1186, 1188, 1200  20, 27, 32, 6       
                                1203, 1214, 1226, 1227  15, 19, 4, 4        
                                1246, 1253, 1256      13, 6, 10           
мөрдөгч                         16, 25, 34, 208       17, 18, 18, 13      
                                289, 312, 352, 354    17, 14, 6, 13       
                                355, 377, 380, 395    16, 15, 18, 11      
                                398, 399, 610, 625    26, 15, 12, 29      
                                909, 953, 972, 1271   20, 14, 14, 12      
тохиолдол                       17, 53, 70, 73        13, 21, 16, 27      
                                227, 233, 235, 236    27, 10, 23, 30      
                                248, 261, 265, 342    35, 17, 10, 23      
                                354, 379, 381, 416    9, 6, 16, 11        
                                450, 459, 466, 467    6, 7, 9, 9          
                                476, 480, 485, 486    27, 79, 20, 2       
                                509, 513, 515, 526    20, 6, 12, 17       
                                528, 537, 550, 561    10, 8, 5, 5         
                                568, 586, 591, 593    19, 11, 43, 9       
                                598, 599, 609, 625    31, 9, 22, 14       
                                640, 656, 659, 665    17, 18, 6, 9        
                                696, 706, 708, 715    22, 11, 30, 6       
                                718, 720, 733, 733    33, 12, 8, 17       
                                754, 765, 776, 785    4, 22, 15, 2        
                                798, 836, 836, 837    7, 20, 33, 21       
                                898, 935, 955, 959    6, 11, 12, 5        
                                963, 984, 995, 996    9, 12, 8, 15        
                                1025, 1027, 1029, 1035  24, 29, 3, 6        
                                1046, 1054, 1074, 1076  4, 15, 11, 12       
                                1088, 1097, 1114, 1123  8, 8, 14, 22        
                                1125, 1149, 1150, 1212  14, 20, 20, 2       
                                1255                  4                   
үйлчлэгч                        17, 27, 200, 304      16, 4, 9, 10        
                                315, 317, 320, 349    5, 17, 15, 5        
                                549, 560, 569, 586    17, 18, 17, 37      
                                593, 599, 631, 632    39, 38, 12, 11      
                                633, 983              14, 16              
хамтын хэлэлцээр                21, 25, 48, 50        4, 7, 22, 12        
                                54, 63, 77, 111       12, 5, 3, 3         
                                118, 119, 120, 124    5, 8, 3, 3          
                                125, 138, 139, 141    3, 42, 29, 15       
                                147, 182, 200, 200    4, 3, 3, 21         
                                202, 215, 227, 254    16, 6, 8, 13        
                                277, 278, 282, 283    3, 3, 5, 3          
                                284, 285, 286, 287    13, 3, 7, 3         
                                288, 289, 290, 291    5, 3, 5, 5          
                                292, 292, 294, 294    7, 20, 7, 24        
                                294, 295, 295, 295    35, 7, 17, 27       
                                296, 297, 298, 299    3, 2, 5, 3          
                                299, 299, 299, 299    19, 22, 31, 39      
                                301, 302, 303, 303    3, 5, 3, 24         
                                304, 306, 307, 310    11, 1, 1, 2         
                                311, 312, 314, 316    4, 5, 37, 2         
                                317, 318, 318, 319    4, 4, 10, 23        
                                320, 322, 325, 326    5, 7, 2, 4          
                                327, 330, 377, 398    5, 11, 6, 14        
                                399, 517, 526, 569    6, 6, 5, 9          
                                586, 593, 599, 625    29, 30, 29, 21      
                                728, 801, 884, 906    5, 17, 7, 23        
                                909, 911, 918, 921    8, 20, 24, 26       
                                951, 1010, 1012, 1068  11, 15, 16, 29      
                                1187, 1209, 1228      8, 3, 7             
салбар                          21, 38, 45, 45        2, 19, 20, 21       
                                139, 139, 141, 141    13, 14, 8, 9        
                                147, 151, 151, 153    2, 17, 25, 22       
                                155, 156, 158, 177    3, 6, 6, 22         
                                198, 215, 218, 227    6, 22, 41, 3        
                                227, 235, 292, 292    4, 7, 17, 18        
                                311, 311, 317, 318    2, 7, 2, 2          
                                318, 318, 319, 319    19, 29, 2, 22       
                                326, 326, 329, 329    2, 18, 3, 14        
                                330, 330, 330, 330    3, 8, 9, 17         
                                342, 350, 502, 528    16, 7, 15, 6        
                                700, 706, 711, 720    6, 6, 6, 5          
                                789, 794, 801, 902    14, 17, 16, 7       
                                903, 906, 906, 909    10, 15, 16, 5       
                                909, 985, 1163, 1187  6, 6, 12, 3         
                                1187, 1230            4, 2                
гэрээ                           22, 23, 44, 47        2, 2, 2, 2          
                                77, 111, 118, 120     2, 2, 4, 2          
                                124, 125, 148, 182    2, 2, 2, 2          
                                200, 227, 282, 283    2, 2, 4, 2          
                                285, 287, 289, 289    2, 2, 2, 9          
                                290, 291, 292, 296    4, 4, 2, 2          
                                298, 299, 301, 303    4, 2, 2, 2          
                                347, 365, 365, 427    4, 20, 27, 4        
                                448, 568, 590, 590    33, 23, 9, 38       
                                609, 615, 616, 618    13, 5, 6, 3         
                                618, 619, 621, 621    12, 10, 5, 30       
                                622, 622, 623, 624    6, 18, 3, 3         
                                625, 630, 633, 637    3, 64, 13, 23       
                                642, 645, 654, 656    26, 43, 8, 2        
                                1031, 1072, 1093, 1097  5, 10, 10, 12       
                                1187, 1209            2, 2                
хөдөлмөрийн дотоод хэм хэмжээ   24, 120, 569, 586     5, 7, 11, 31        
                                593, 599, 890, 987    32, 31, 13, 6       
                                1209                  8                   
нэгж                            24, 38, 197, 235      3, 44, 3, 8         
                                312, 320, 342, 345    12, 13, 17, 3       
                                350, 350, 353, 354    3, 8, 3, 3          
                                355, 502, 528, 528    3, 14, 3, 7         
                                591, 591, 643, 700    30, 33, 3, 3        
                                700, 706, 706, 711    7, 3, 7, 3          
                                711, 720, 720, 789    7, 3, 6, 15         
                                927, 1092, 1262, 1263  11, 3, 5, 3         
байгууллага                     24, 38, 39, 39        4, 17, 19, 27       
                                41, 44, 48, 75        20, 8, 13, 18       
                                75, 75, 75, 75        34, 37, 40, 55      
                                84, 84, 84, 84        22, 37, 40, 43      
                                84, 88, 96, 100       58, 30, 32, 6       
                                100, 107, 138, 139    18, 23, 25, 19      
                                152, 153, 153, 154    18, 10, 23, 24      
                                173, 173, 175, 177    13, 23, 10, 15      
                                177, 183, 190, 197    28, 2, 10, 4        
                                198, 207, 211, 218    21, 11, 21, 39      
                                235, 236, 248, 256    5, 17, 40, 18       
                                256, 257, 260, 260    45, 8, 30, 48       
                                292, 294, 295, 304    28, 4, 4, 9         
                                318, 319, 319, 325    35, 8, 20, 18       
                                326, 327, 329, 330    19, 25, 11, 23      
                                342, 344, 345, 348    14, 5, 4, 11        
                                350, 351, 353, 354    4, 25, 4, 4         
                                355, 383, 395, 398    4, 5, 8, 25         
                                414, 416, 423, 488    15, 9, 16, 16       
                                493, 493, 494, 502    8, 18, 19, 11       
                                522, 528, 563, 571    6, 4, 11, 18        
                                580, 624, 630, 638    11, 24, 37, 28      
                                639, 657, 662, 688    8, 5, 5, 3          
                                700, 706, 707, 711    4, 4, 8, 4          
                                711, 712, 713, 714    22, 7, 7, 10        
                                716, 719, 720, 723    19, 18, 4, 5        
                                724, 725, 726, 758    5, 5, 5, 3          
                                789, 795, 900, 906    11, 18, 36, 13      
                                957, 961, 983, 985    7, 18, 14, 7        
                                997, 1016, 1024, 1025  26, 10, 8, 8        
                                1047, 1054, 1084, 1091  26, 11, 20, 14      
                                1092, 1123, 1124, 1125  4, 35, 4, 4         
                                1136, 1137, 1145, 1177  8, 5, 9, 35         
                                1196, 1197, 1198, 1198  19, 15, 13, 18      
                                1199, 1203, 1212, 1220  10, 5, 12, 12       
                                1221, 1221, 1221, 1222  7, 24, 33, 14       
                                1223, 1223, 1224, 1225  14, 22, 9, 7        
                                1227, 1235, 1235, 1242  11, 25, 31, 7       
                                1245, 1247, 1254, 1262  11, 12, 15, 6       
                                1263                  4                   
хамтын гэрээ                    25, 48, 50, 54        5, 20, 10, 10       
                                63, 119, 139, 200     3, 6, 27, 19        
                                202, 215, 254, 256    14, 4, 11, 24       
                                277, 278, 286, 288    1, 1, 5, 3          
                                294, 294, 294, 295    5, 22, 33, 5        
                                295, 295, 299, 302    15, 25, 17, 3       
                                303, 304, 332, 333    22, 3, 1, 1         
                                350, 377, 398, 399    12, 4, 12, 4        
                                410, 517, 526, 569    22, 4, 3, 7         
                                586, 593, 599, 625    27, 28, 27, 19      
                                728, 801, 884, 906    3, 14, 5, 21        
                                911, 918, 921, 951    18, 22, 24, 9       
                                1010, 1012, 1068, 1228  13, 14, 27, 5       
хөдөлмөрийн гэрээ               25, 54, 77, 118       9, 14, 5, 7         
                                119, 120, 124, 125    20, 5, 5, 5         
                                365, 368, 377, 391    40, 7, 8, 9         
                                399, 400, 428, 457    8, 7, 6, 9          
                                462, 484, 485, 486    4, 4, 14, 5         
                                487, 529, 541, 542    14, 29, 5, 16       
                                548, 554, 555, 564    6, 5, 31, 5         
                                565, 570, 571, 582    18, 6, 31, 8        
                                583, 588, 589, 590    11, 6, 6, 40        
                                595, 596, 597, 601    6, 6, 18, 4         
                                602, 614, 653, 666    4, 4, 18, 22        
                                823, 840, 911, 918    22, 2, 22, 26       
                                946, 987, 1068, 1082  7, 4, 31, 29        
ажилтан                         26, 41, 41, 41        14, 4, 24, 27       
                                42, 43, 44, 44        18, 3, 9, 29        
                                47, 53, 53, 55        11, 5, 32, 21       
                                63, 72, 73, 74        8, 6, 6, 7          
                                75, 75, 79, 83        10, 68, 7, 7        
                                84, 103, 107, 108     71, 9, 15, 10       
                                109, 119, 121, 121    10, 17, 11, 24      
                                123, 124, 130, 138    9, 14, 22, 14       
                                139, 152, 153, 154    5, 6, 11, 11        
                                176, 218, 233, 235    6, 7, 17, 10        
                                242, 243, 243, 244    18, 7, 13, 4        
                                245, 251, 251, 256    7, 13, 16, 19       
                                260, 273, 274, 304    31, 4, 12, 14       
                                311, 316, 317, 318    8, 14, 13, 24       
                                319, 322, 325, 326    36, 10, 9, 10       
                                327, 335, 338, 342    14, 9, 3, 24        
                                343, 344, 345, 348    4, 22, 32, 15       
                                351, 351, 351, 364    7, 13, 27, 29       
                                365, 393, 394, 398    3, 4, 4, 10         
                                398, 399, 405, 410    32, 16, 12, 15      
                                410, 411, 412, 412    30, 5, 4, 14        
                                413, 413, 414, 416    4, 15, 5, 12        
                                419, 423, 423, 428    14, 3, 13, 3        
                                431, 432, 433, 454    15, 9, 7, 6         
                                457, 458, 462, 462    7, 20, 3, 11        
                                466, 467, 472, 474    18, 19, 3, 14       
                                476, 478, 479, 480    30, 15, 11, 48      
                                480, 482, 482, 482    86, 4, 11, 16       
                                483, 486, 490, 490    7, 3, 4, 20         
                                492, 493, 499, 500    6, 4, 6, 8          
                                500, 502, 502, 508    19, 3, 19, 4        
                                509, 519, 527, 528    9, 6, 14, 16        
                                529, 529, 534, 534    6, 19, 6, 26        
                                536, 537, 542, 542    16, 14, 4, 13       
                                543, 543, 547, 547    13, 19, 2, 27       
                                548, 549, 549, 550    3, 2, 8, 7          
                                551, 552, 553, 555    2, 9, 2, 24         
                                557, 557, 559, 560    3, 7, 3, 3          
                                560, 561, 562, 565    9, 8, 3, 3          
                                567, 568, 568, 569    3, 12, 20, 3        
                                571, 571, 575, 575    12, 27, 5, 15       
                                577, 579, 583, 583    4, 3, 3, 19         
                                583, 583, 584, 585    26, 31, 5, 4        
                                586, 586, 587, 588    5, 16, 7, 5         
                                589, 591, 591, 592    5, 3, 14, 3         
                                593, 593, 594, 595    3, 18, 3, 5         
                                596, 597, 598, 598    5, 4, 3, 14         
                                599, 599, 609, 609    3, 17, 15, 18       
                                612, 615, 615, 616    5, 7, 10, 8         
                                616, 618, 618, 619    11, 5, 8, 12        
                                619, 621, 621, 621    15, 7, 10, 32       
                                622, 623, 623, 624    8, 5, 8, 5          
                                624, 624, 625, 625    8, 13, 5, 8         
                                630, 630, 632, 633    14, 42, 14, 18      
                                634, 635, 635, 636    5, 3, 9, 7          
                                637, 637, 638, 638    5, 10, 17, 23       
                                639, 640, 640, 642    3, 3, 18, 8         
                                642, 645, 645, 653    14, 22, 28, 21      
                                654, 656, 659, 659    10, 23, 13, 20      
                                661, 664, 665, 666    11, 7, 10, 7        
                                666, 667, 676, 676    15, 9, 9, 15        
                                676, 676, 677, 677    26, 34, 7, 13       
                                693, 694, 695, 697    6, 6, 4, 12         
                                701, 702, 704, 706    20, 34, 16, 18      
                                707, 708, 708, 709    18, 17, 25, 8       
                                711, 712, 712, 713    26, 3, 12, 3        
                                713, 714, 714, 715    9, 6, 15, 3         
                                715, 716, 716, 716    15, 12, 24, 38      
                                717, 720, 720, 722    3, 9, 13, 13        
                                729, 730, 731, 731    5, 11, 8, 13        
                                733, 735, 736, 736    3, 3, 3, 16         
                                736, 736, 737, 738    25, 32, 3, 3        
                                739, 739, 739, 752    3, 31, 35, 3        
                                754, 756, 757, 758    5, 5, 10, 16        
                                759, 761, 763, 765    5, 6, 14, 3         
                                765, 769, 770, 771    23, 4, 5, 10        
                                772, 773, 775, 776    7, 3, 3, 22         
                                777, 777, 781, 785    7, 14, 6, 3         
                                791, 792, 796, 797    7, 3, 4, 4          
                                799, 800, 801, 802    15, 4, 4, 8         
                                818, 823, 836, 837    11, 11, 29, 17      
                                839, 839, 841, 843    18, 36, 5, 6        
                                850, 857, 862, 871    7, 5, 3, 7          
                                892, 893, 895, 898    3, 5, 9, 7          
                                901, 905, 913, 914    9, 14, 4, 6         
                                915, 916, 918, 919    4, 6, 4, 5          
                                921, 923, 924, 925    3, 4, 9, 8          
                                926, 927, 927, 928    7, 5, 20, 5         
                                928, 929, 935, 935    16, 9, 6, 14        
                                936, 936, 938, 941    11, 35, 5, 12       
                                943, 944, 945, 946    27, 4, 11, 10       
                                947, 949, 950, 953    2, 6, 9, 4          
                                953, 953, 955, 956    23, 25, 3, 10       
                                962, 963, 963, 967    3, 4, 10, 12        
                                968, 969, 970, 971    12, 4, 3, 11        
                                975, 984, 985, 987    12, 14, 8, 14       
                                988, 988, 990, 994    8, 12, 2, 8         
                                996, 997, 999, 1000   6, 8, 9, 9          
                                1000, 1005, 1006, 1007  18, 27, 11, 13      
                                1007, 1007, 1011, 1014  26, 37, 10, 3       
                                1014, 1014, 1016, 1019  12, 20, 7, 9        
                                1021, 1022, 1024, 1025  1, 1, 15, 15        
                                1025, 1026, 1027, 1031  37, 8, 8, 14        
                                1035, 1037, 1037, 1039  7, 17, 31, 6        
                                1040, 1040, 1041, 1041  3, 15, 3, 17        
                                1045, 1046, 1049, 1056  7, 5, 20, 45        
                                1057, 1058, 1063, 1065  9, 3, 18, 7         
                                1069, 1069, 1070, 1071  9, 28, 10, 9        
                                1072, 1074, 1084, 1091  7, 7, 11, 10        
                                1097, 1136, 1196, 1197  5, 9, 15, 11        
                                1198, 1198, 1209, 1212  22, 25, 18, 3       
                                1213, 1214, 1221, 1223  5, 20, 31, 20       
                                1226, 1243, 1248, 1251  5, 13, 9, 3         
                                1253                  7                   
зохицуулалт                     26, 77, 77, 124       19, 11, 25, 12      
                                124, 125, 172, 322    22, 12, 18, 14      
                                425, 426, 549, 560    4, 4, 7, 8          
                                610, 710, 781, 876    9, 6, 20, 5         
                                1107, 1108, 1110, 1111  3, 3, 4, 4          
                                1173, 1174            4, 4                
хэрэглэгч                       26, 37, 91, 110       20, 3, 11, 10       
                                342, 410, 480, 480    5, 13, 56, 76       
                                794, 795, 994, 1034   24, 23, 26, 8       
гүйцэтгэх ажил                  29, 53, 96, 363       5, 28, 22, 15       
                                364, 437, 467, 483    16, 8, 12, 8        
                                547, 587, 591, 918    6, 10, 19, 8        
                                928, 1081             8, 20               
үйлчилгээ                       29, 91, 92, 94        8, 22, 3, 11        
                                96, 97, 256, 256      24, 29, 16, 40      
                                260, 379, 591, 609    54, 17, 34, 14      
                                615, 616, 618, 619    6, 7, 4, 11         
                                621, 621, 622, 623    6, 31, 7, 4         
                                624, 625, 653, 657    4, 4, 4, 12         
                                779, 795, 836, 1093   2, 12, 7, 18        
хөдөлмөрийн аюулгүй байдал, эрүүл ахуй  31, 49, 314, 341      8, 4, 25, 3         
                                380, 400, 405, 674    5, 10, 19, 3        
                                770, 967, 968, 970    6, 5, 5, 4          
                                972, 973, 975, 975    5, 2, 4, 24         
                                1078                  27                  
эрүүл ахуй                      31, 369, 974          4, 4, 6             
аюул                            31, 248, 256, 261     2, 26, 4, 4         
                                261, 369, 381, 480    8, 2, 12, 34        
                                489, 592, 592, 974    35, 9, 15, 4        
                                975, 1077, 1247       17, 12, 6           
нийгмийн даатгал                32, 553, 557, 623     10, 3, 9, 10        
                                738, 740, 740, 1011   11, 4, 16, 14       
ажил                            32, 39, 39, 39        2, 5, 10, 22        
                                42, 48, 49, 52        19, 25, 13, 29      
                                53, 53, 53, 53        7, 14, 22, 25       
                                55, 55, 55, 59        5, 14, 22, 5        
                                71, 73, 73, 74        2, 7, 14, 13        
                                82, 83, 84, 85        21, 29, 6, 3        
                                88, 88, 88, 88        4, 9, 15, 20        
                                91, 92, 94, 95        21, 2, 10, 15       
                                96, 97, 97, 106       8, 13, 28, 6        
                                112, 113, 114, 115    10, 4, 7, 9         
                                116, 123, 138, 152    18, 3, 16, 8        
                                153, 154, 154, 157    13, 2, 13, 3        
                                157, 171, 173, 175    6, 6, 14, 15        
                                176, 176, 177, 186    7, 17, 6, 4         
                                198, 204, 205, 217    12, 13, 13, 5       
                                218, 234, 240, 241    53, 6, 6, 8         
                                241, 241, 242, 242    13, 17, 5, 14       
                                243, 244, 245, 246    8, 5, 14, 3         
                                246, 246, 246, 247    8, 13, 28, 3        
                                248, 251, 253, 255    3, 24, 16, 5        
                                258, 258, 259, 260    15, 17, 13, 34      
                                260, 261, 261, 263    36, 24, 32, 5       
                                264, 265, 270, 270    5, 5, 5, 21         
                                272, 274, 288, 292    16, 7, 8, 30        
                                294, 316, 317, 325    9, 15, 14, 6        
                                326, 327, 364, 369    7, 11, 30, 9        
                                370, 377, 377, 377    2, 16, 19, 22       
                                378, 378, 379, 380    3, 8, 16, 13        
                                381, 383, 384, 384    8, 9, 4, 8          
                                391, 398, 399, 400    3, 2, 17, 28        
                                403, 403, 405, 406    2, 4, 3, 6          
                                408, 410, 410, 421    4, 4, 16, 2         
                                422, 432, 432, 433    9, 10, 17, 8        
                                437, 448, 453, 455    4, 6, 3, 2          
                                456, 456, 457, 460    3, 10, 3, 16        
                                462, 462, 465, 466    14, 16, 6, 15       
                                467, 468, 469, 473    5, 4, 4, 7          
                                474, 476, 477, 477    8, 31, 18, 20       
                                479, 480, 480, 480    12, 45, 59, 67      
                                480, 481, 482, 482    87, 5, 6, 17        
                                482, 482, 485, 485    21, 26, 3, 8        
                                485, 485, 486, 487    11, 22, 9, 3        
                                488, 489, 490, 490    2, 46, 6, 12        
                                500, 504, 505, 506    27, 2, 3, 2         
                                509, 510, 510, 512    24, 4, 12, 4        
                                513, 513, 523, 526    2, 7, 6, 13         
                                527, 527, 527, 527    10, 15, 28, 32      
                                528, 529, 529, 530    11, 7, 26, 6        
                                531, 532, 533, 534    9, 33, 6, 17        
                                536, 537, 537, 542    10, 2, 10, 5        
                                543, 547, 547, 551    22, 10, 22, 11      
                                551, 555, 556, 556    14, 14, 9, 16       
                                557, 559, 562, 562    4, 12, 11, 14       
                                565, 567, 568, 568    7, 7, 3, 7          
                                568, 571, 577, 580    16, 22, 7, 7        
                                583, 583, 583, 584    6, 15, 21, 26       
                                585, 586, 587, 590    5, 12, 4, 2         
                                590, 590, 590, 590    14, 24, 29, 35      
                                591, 591, 593, 593    15, 44, 10, 12      
                                597, 598, 598, 599    5, 15, 32, 12       
                                607, 609, 609, 617    2, 6, 26, 19        
                                618, 618, 619, 621    10, 14, 33, 11      
                                621, 622, 624, 630    15, 16, 15, 30      
                                630, 631, 638, 638    44, 16, 4, 18       
                                638, 640, 647, 655    32, 26, 8, 7        
                                656, 657, 663, 666    19, 11, 8, 20       
                                673, 689, 690, 692    8, 2, 7, 2          
                                693, 696, 696, 697    7, 7, 16, 13        
                                698, 699, 700, 701    6, 6, 10, 7         
                                701, 701, 702, 702    12, 29, 5, 21       
                                704, 706, 706, 709    17, 12, 27, 9       
                                711, 716, 718, 718    14, 26, 14, 28      
                                731, 733, 733, 734    3, 4, 9, 2          
                                734, 734, 734, 735    9, 16, 31, 11       
                                736, 739, 739, 742    11, 11, 15, 1       
                                743, 745, 746, 748    1, 1, 1, 4          
                                750, 751, 752, 754    6, 3, 4, 6          
                                755, 756, 757, 758    2, 6, 11, 5         
                                758, 762, 763, 763    17, 4, 4, 8         
                                764, 765, 770, 775    4, 11, 20, 8        
                                776, 779, 779, 780    2, 13, 19, 14       
                                784, 784, 784, 784    2, 10, 14, 18       
                                784, 786, 789, 790    23, 13, 30, 9       
                                790, 794, 795, 797    11, 11, 10, 7       
                                798, 799, 799, 800    8, 16, 27, 12       
                                801, 810, 816, 818    5, 2, 5, 3          
                                818, 836, 836, 839    12, 13, 34, 2       
                                839, 841, 842, 844    10, 10, 12, 11      
                                845, 846, 847, 848    11, 11, 11, 11      
                                849, 851, 852, 853    5, 11, 11, 11       
                                854, 855, 856, 857    11, 11, 5, 7        
                                858, 858, 871, 900    7, 24, 3, 10        
                                905, 907, 918, 923    9, 8, 14, 6         
                                927, 934, 935, 941    15, 4, 7, 8         
                                944, 945, 946, 956    6, 8, 3, 14         
                                971, 971, 972, 973    3, 12, 2, 9         
                                987, 1002, 1003, 1013  10, 1, 1, 4         
                                1014, 1015, 1016, 1016  4, 17, 12, 23       
                                1018, 1019, 1025, 1027  9, 7, 29, 10        
                                1027, 1031, 1031, 1033  16, 15, 19, 14      
                                1034, 1034, 1038, 1038  10, 14, 5, 22       
                                1054, 1056, 1064, 1069  29, 51, 8, 16       
                                1069, 1072, 1072, 1078  35, 8, 14, 34       
                                1078, 1079, 1081, 1084  37, 9, 45, 6        
                                1091, 1093, 1093, 1101  16, 17, 29, 6       
                                1120, 1122, 1123, 1124  10, 8, 17, 16       
                                1127, 1128, 1131, 1131  3, 12, 7, 9         
                                1146, 1149, 1149, 1156  13, 7, 26, 11       
                                1169, 1178, 1180, 1183  8, 15, 19, 14       
                                1184, 1185, 1186, 1188  19, 31, 16, 33      
                                1208, 1208, 1214, 1242  7, 16, 15, 8        
                                1251, 1253, 1257, 1260  5, 8, 8, 9          
даатгагч                        32, 385, 404, 623     7, 5, 6, 26         
                                781, 1007             11, 19              
хоршоо                          34                    2                   
гишүүн                          34, 68, 109, 155      4, 31, 3, 10        
                                156, 174, 177, 197    14, 16, 35, 15      
                                198, 232, 236, 296    28, 4, 16, 15       
                                546, 624, 782, 860    17, 32, 11, 14      
                                877, 902, 903, 1079   6, 12, 15, 19       
                                1084                  28                  
журам                           34, 44, 45, 85        13, 52, 29, 18      
                                101, 163, 173, 174    6, 7, 6, 8          
                                206, 227, 248, 256    29, 17, 22, 9       
                                266, 283, 296, 303    4, 17, 9, 15        
                                340, 371, 385, 398    8, 5, 7, 31         
                                404, 405, 417, 418    8, 16, 9, 7         
                                419, 443, 445, 546    7, 4, 5, 5          
                                563, 573, 643, 782    22, 10, 9, 5        
                                799, 802, 817, 823    10, 13, 11, 26      
                                860, 863, 877, 878    8, 4, 11, 5         
                                888, 977, 978, 980    3, 3, 3, 3          
                                981, 982, 983, 984    3, 5, 19, 5         
                                984, 1042, 1045, 1047  29, 8, 14, 15       
                                1094, 1101, 1117, 1150  8, 23, 8, 15        
                                1182, 1187, 1215, 1244  20, 22, 10, 10      
хоршооны гишүүн                 35, 314               6, 6                
ажил хайгч                      35                    19                  
малчин                          35, 314, 615, 617     4, 4, 4, 2          
                                617, 618, 620, 623    5, 2, 2, 2          
                                624, 625, 930, 931    2, 2, 4, 2          
нөхөрлөл                        35, 314               5, 5                
дадлагажих                      35, 563               10, 18              
мэргэжил                        35, 103, 123, 171     21, 20, 4, 2        
                                171, 172, 173, 175    7, 2, 25, 16        
                                176, 177, 177, 183    2, 2, 17, 9         
                                340, 344, 532, 545    5, 14, 5, 2         
                                545, 545, 546, 546    8, 11, 2, 6         
                                552, 556, 558, 563    11, 8, 7, 7         
                                637, 701, 701, 705    7, 2, 24, 6         
                                716, 757, 859, 883    41, 3, 2, 2         
                                885, 900, 907, 969    2, 11, 4, 12        
                                1006, 1007, 1007, 1008  7, 6, 16, 5         
                                1009, 1137, 1223      5, 7, 23            
хүн                             35, 38, 39, 43        24, 9, 29, 17       
                                45, 68, 69, 69        4, 5, 22, 37        
                                69, 73, 74, 75        40, 33, 5, 9        
                                77, 91, 96, 97        13, 16, 28, 5       
                                98, 103, 211, 240     9, 7, 23, 12        
                                256, 260, 310, 312    12, 49, 4, 15       
                                314, 363, 364, 400    14, 14, 14, 6       
                                429, 480, 489, 531    4, 32, 33, 5        
                                532, 617, 630, 668    18, 28, 39, 3       
                                689, 718, 750, 786    8, 26, 3, 5         
                                803, 836, 960, 1051   3, 4, 16, 1         
                                1052, 1075, 1076, 1077  1, 5, 5, 3          
                                1078, 1079, 1080, 1081  16, 5, 5, 6         
                                1082, 1082, 1083, 1084  10, 27, 3, 3        
                                1085, 1086, 1088, 1089  5, 5, 11, 5         
                                1090, 1090, 1091, 1092  5, 8, 25, 11        
                                1093, 1093, 1094, 1095  3, 13, 17, 12       
                                1096, 1097, 1119, 1229  3, 3, 35, 4         
                                1251, 1268            18, 4               
тодорхойлолт                    36, 171, 177, 399     6, 5, 5, 19         
                                437, 461, 462, 739    6, 5, 18, 14        
                                886, 918, 987, 1135   3, 11, 12, 12       
                                1154                  11                  
хөдөлмөр эрхлэлтийн харилцаа    38, 40, 43, 47        4, 3, 9, 4          
                                51, 55, 73, 123       7, 18, 2, 10        
                                167, 218, 272, 357    6, 56, 19, 1        
                                358, 363, 364, 365    1, 24, 34, 11       
                                365, 412, 433, 478    33, 7, 12, 16       
                                528, 532, 534, 536    17, 12, 7, 19       
                                537, 630, 632, 681    15, 22, 15, 1       
                                682, 696, 696, 697    1, 2, 23, 7         
                                703, 706, 707, 708    12, 19, 19, 12      
                                709, 711, 715, 715    25, 27, 9, 17       
                                716, 717, 717, 718    43, 6, 24, 21       
                                722, 727, 730, 731    9, 8, 5, 14         
                                732, 733, 735, 736    5, 12, 4, 4         
                                738, 738, 993, 1015   4, 21, 4, 10        
                                1051, 1052, 1053, 1054  5, 5, 13, 26        
                                1081, 1095            40, 13              
аж ахуйн нэгж                   38, 44, 48, 75        14, 5, 10, 15       
                                84, 88, 96, 139       19, 27, 29, 16      
                                190, 211, 218, 235    7, 18, 36, 2        
                                256, 257, 260, 304    42, 5, 27, 6        
                                342, 344, 351, 395    11, 2, 22, 5        
                                398, 488, 493, 493    22, 13, 5, 15       
                                494, 502, 563, 571    16, 8, 8, 15        
                                630, 638, 639, 657    34, 25, 5, 2        
                                662, 707, 711, 712    2, 5, 19, 4         
                                713, 714, 716, 723    4, 7, 16, 2         
                                724, 725, 726, 789    2, 2, 2, 8          
                                795, 906, 983, 1024   15, 10, 11, 5       
                                1025, 1054, 1091, 1136  5, 8, 11, 5         
                                1145, 1177, 1196, 1197  6, 32, 16, 12       
                                1198, 1199, 1220, 1227  10, 7, 9, 8         
                                1242, 1247, 1254      4, 9, 12            
олон улсын байгууллага          38                    37                  
төлөөлөгчийн газар              38, 38                20, 41              
гадаадын иргэн                  38, 40, 1103, 1103    25, 13, 3, 14       
                                1104, 1104            3, 14               
харьяалалгүй хүн                38, 40, 1102, 1103    27, 15, 5, 5        
                                1104                  5                   
иргэн                           38, 40, 103, 248      24, 12, 13, 23      
                                260, 480, 489, 601    23, 26, 27, 1       
                                602, 612, 617, 1083   1, 3, 38, 16        
                                1102, 1177, 1269      4, 37, 8            
хөдөлмөрийн эрхийн маргаан      42, 166, 533, 533     13, 5, 11, 18       
                                957, 961, 1047, 1173  3, 14, 22, 1        
                                1174, 1177, 1177, 1177  1, 17, 22, 27       
                                1177, 1179, 1180, 1181  43, 6, 8, 8         
                                1181, 1182, 1182, 1183  33, 8, 15, 5        
                                1183, 1183, 1184, 1185  22, 29, 3, 3        
                                1186, 1186, 1187, 1188  3, 10, 12, 5        
                                1188, 1189, 1190, 1192  13, 5, 3, 3         
                                1194, 1197, 1200, 1206  3, 5, 9, 2          
                                1212, 1212, 1227      8, 21, 13           
хөдөлмөр эрхлэлтийн нөхцөл      44, 109, 311, 339     34, 11, 9, 2        
                                363, 673, 676, 1079   18, 13, 27, 11      
                                1080                  26                  
ажил олгогч                     44, 47, 52, 63        45, 9, 17, 9        
                                70, 73, 75, 79        10, 11, 65, 5       
                                83, 84, 84, 88        5, 2, 68, 25        
                                100, 123, 130, 214    3, 6, 19, 6         
                                257, 274, 318, 319    21, 21, 21, 33      
                                329, 330, 354, 381    4, 4, 23, 17        
                                382, 412, 415, 418    10, 11, 8, 8        
                                419, 432, 458, 466    11, 15, 12, 10      
                                467, 473, 476, 490    10, 12, 28, 24      
                                507, 529, 550, 555    14, 16, 8, 20       
                                561, 576, 592, 614    9, 20, 11, 15       
                                618, 621, 633, 640    30, 25, 16, 7       
                                643, 645, 653, 702    10, 23, 23, 30      
                                708, 709, 716, 722    31, 18, 6, 25       
                                727, 730, 758, 771    5, 12, 14, 11       
                                776, 794, 798, 799    20, 18, 16, 6       
                                800, 823, 895, 900    16, 20, 5, 24       
                                935, 941, 944, 946    12, 30, 32, 24      
                                949, 995, 1005, 1007  23, 16, 6, 24       
                                1014, 1016, 1017, 1037  29, 39, 27, 15      
                                1047, 1064, 1066, 1068  16, 13, 13, 11      
                                1069, 1084, 1087, 1097  13, 9, 9, 9         
                                1136, 1198, 1226, 1243  10, 7, 6, 7         
                                1263                  7                   
ажилтны төлөөлөгчид             44, 52, 113, 119      47, 23, 2, 12       
                                214, 218, 246, 272    9, 9, 21, 2         
                                348, 351, 354, 715    18, 16, 26, 7       
                                716, 727, 900, 983    9, 14, 39, 3        
                                1252                  4                   
хангагч                         44, 52, 53, 63        33, 15, 40, 17      
                                65, 99, 120, 133      3, 10, 13, 4        
                                183, 196, 213, 256    8, 16, 4, 6         
                                343, 400, 403, 403    11, 30, 3, 17       
                                406, 565, 618, 619    17, 11, 28, 36      
                                718, 818, 932, 967    32, 17, 14, 11      
                                968, 970, 970, 973    11, 11, 15, 7       
                                974, 975, 1049, 1058  10, 11, 11, 7       
                                1078, 1090, 1090, 1223  33, 15, 20, 27      
                                1225, 1227, 1251, 1253  12, 22, 31, 5       
шуудан                          44, 68, 68, 69        41, 51, 53, 17      
                                123, 379, 381, 507    13, 12, 19, 12      
                                630, 630, 667, 667    32, 46, 10, 12      
                                703, 1206             15, 6               
хэлэлцээр                       45, 205, 284, 289     2, 2, 2, 10         
                                308, 309, 315, 317    4, 2, 4, 8          
                                319, 322, 323, 324    30, 2, 4, 2         
сум                             45, 141, 166, 198     17, 12, 3, 3        
                                292, 299, 312, 320    4, 28, 2, 2         
                                327, 533, 612, 613    2, 16, 26, 9        
                                1177, 1180, 1181, 1182  41, 6, 6, 6         
                                1183, 1188, 1221, 1223  27, 11, 26, 15      
нийслэл                         45, 141, 151, 151     18, 13, 29, 38      
                                154, 154, 154, 155    6, 23, 31, 7        
                                156, 158, 198, 292    16, 10, 4, 5        
                                299, 312, 320, 327    29, 3, 3, 3         
                                1221, 1223, 1224, 1225  19, 9, 4, 2         
санал                           50, 54, 156, 161      24, 30, 24, 8       
                                173, 177, 196, 202    27, 19, 17, 21      
                                206, 235, 236, 238    19, 17, 24, 4       
                                246, 256, 260, 303    34, 49, 58, 11      
                                319, 395, 546, 624    38, 3, 10, 25       
                                900, 983, 1084, 1120  41, 5, 21, 5        
                                1123, 1124, 1140, 1141  12, 14, 3, 5        
                                1155                  3                   
ажил олгогчийн төлөөлөгч        52, 119, 224, 225     19, 3, 3, 3         
                                226, 292, 1243        3, 37, 9            
ажилтны төлөөлөгч               52, 75, 292, 798      32, 11, 34, 18      
                                900, 906              30, 3               
захиргааны байгууллага          52, 138, 154, 612     39, 12, 9, 23       
                                613, 740, 1221, 1222  7, 21, 12, 5        
                                1223                  5                   
захиргаа                        52, 138, 153, 173     35, 8, 8, 11        
                                177, 292, 312, 318    26, 26, 9, 33       
                                319, 319, 320, 329    6, 18, 10, 9        
                                330, 1199, 1221, 1222  21, 11, 5, 12       
                                1235                  23                  
удирдлага                       53, 75, 84, 96        9, 19, 23, 18       
                                150, 151, 235, 353    7, 5, 32, 9         
                                590, 617, 707, 1217   26, 9, 15, 2        
                                1218, 1219, 1220, 1220  2, 4, 2, 6          
                                1220, 1220, 1221, 1222  8, 13, 36, 15       
                                1223, 1227, 1262, 1263  26, 21, 8, 6        
заавар                          53                    10                  
хөдөлмөрийн нөхцөл              55, 176, 971, 1081    12, 4, 5, 24        
баталгаажуулах                  59, 171, 172, 174     4, 15, 14, 7        
                                404, 879              23, 6               
сонгогч                         59, 100, 116, 230     8, 29, 8, 13        
                                551, 562, 590, 994    17, 17, 12, 25      
                                1229                  7                   
бэлгийн дарамт                  60, 78, 82, 83        3, 9, 14, 53        
                                84, 85, 85, 87        12, 9, 26, 7        
                                378, 400, 619, 1257   24, 25, 30, 5       
давуу байдал                    68, 69, 69, 70        60, 11, 46, 21      
                                71, 77                9, 20               
гэрлэлт                         68                    17                  
хөрөнгө                         68, 288, 575, 646     19, 11, 19, 2       
                                996, 1023, 1028, 1031  2, 4, 4, 2          
                                1042                  4                   
бэлэг                           68, 83, 83            40, 15, 24          
шийдвэр                         69, 69, 96, 237       15, 57, 4, 5        
                                241, 246, 246, 253    16, 20, 27, 4       
                                257, 261, 261, 295    18, 43, 49, 31      
                                476, 477, 477, 479    21, 9, 13, 5        
                                495, 497, 519, 532    5, 10, 15, 27       
                                645, 702, 719, 732    9, 14, 5, 11        
                                735, 736, 736, 736    10, 10, 19, 27      
                                736, 736, 738, 755    37, 41, 10, 10      
                                771, 943, 953, 956    5, 24, 13, 16       
                                957, 961, 994, 1016   8, 7, 31, 11        
                                1025, 1047, 1150, 1151  31, 7, 3, 3         
                                1161, 1178, 1184, 1185  2, 17, 25, 23       
                                1185, 1186, 1188, 1210  27, 26, 24, 6       
                                1214                  17                  
арга хэмжээ                     72, 88, 230, 341      10, 35, 8, 10       
                                342, 343, 344, 476    31, 12, 24, 18      
                                1182                  35                  
мэдээлэл цуглуулах              73                    21                  
сэтгэцийн эмгэг                 73                    31                  
гүйцэтгэгч                      73, 88, 94, 97        9, 11, 6, 14        
                                244, 274, 364, 376    7, 9, 32, 12        
                                378, 383, 391, 432    5, 3, 5, 12         
                                433, 480, 481, 591    10, 65, 8, 17       
                                591, 598, 598, 607    21, 17, 19, 4       
                                673, 690, 701, 701    5, 10, 10, 30       
                                702, 786, 789, 938    7, 14, 31, 9        
                                939, 946, 1024, 1025  8, 5, 3, 3          
                                1027, 1031, 1213, 1255  12, 17, 3, 7        
халдвар                         73                    37                  
мэдээлэл                        74, 76, 86, 111       18, 15, 12, 7       
                                183, 190, 207, 214    7, 2, 17, 5         
                                215, 251, 301, 369    35, 26, 14, 15      
                                383, 384, 394, 411    13, 7, 6, 6         
                                412, 413, 413, 414    16, 5, 11, 20       
                                415, 416, 417, 418    2, 13, 4, 2         
                                419, 420, 421, 422    2, 4, 6, 7          
                                423, 1094, 1134, 1140  4, 34, 8, 11        
                                1154, 1159, 1170, 1191  17, 11, 12, 9       
                                1226, 1227, 1243, 1253  11, 18, 18, 12      
                                1255, 1255, 1260      12, 22, 17          
монгол улсын хүний эрхийн үндэсний комисс  75, 84                41, 44              
төрийн бус байгууллага          75, 84, 211, 1237     26, 29, 14, 12      
гомдол                          75, 76, 76, 84        52, 9, 16, 55       
                                85, 86, 86, 295       16, 5, 13, 39       
                                372, 423, 445, 1150   14, 17, 3, 22       
                                1180, 1184, 1202, 1203  15, 15, 6, 6        
                                1207, 1209, 1210, 1214  7, 19, 9, 21        
                                1254, 1256            10, 7               
газар                           75, 84, 138, 152      70, 73, 6, 5        
                                152, 153, 156, 158    25, 33, 13, 5       
                                173, 174, 177, 256    30, 15, 34, 52      
                                257, 260, 261, 261    20, 61, 45, 48      
                                296, 304, 325, 419    14, 16, 5, 16       
                                546, 590, 612, 613    16, 8, 30, 13       
                                624, 736, 782, 794    31, 35, 10, 5       
                                794, 799, 800, 860    9, 14, 11, 13       
                                877, 902, 903, 984    5, 11, 14, 17       
                                1079, 1084, 1094, 1117  18, 27, 10, 16      
                                1201, 1245            8, 17               
нотлох баримт                   76, 86, 705           13, 10, 9           
гуравдагч этгээд                79, 83, 84, 413       8, 8, 4, 6          
                                470                   3                   
зам                             82, 91, 112, 121      20, 15, 9, 23       
                                130, 138, 139, 182    14, 45, 32, 9       
                                186, 242, 260, 410    11, 24, 21, 29      
                                480, 489, 788, 1090   24, 25, 8, 16       
тушаал                          83, 482, 508, 992     31, 23, 6, 2        
урьдчилан сэргийлэх             85, 97, 165, 506      11, 19, 3, 13       
                                770, 787, 789, 1191   17, 5, 22, 3        
этгээд                          87, 104, 117, 212     10, 6, 7, 6         
                                219, 241, 262, 275    6, 4, 6, 6          
                                284, 302, 434, 477    6, 2, 6, 15         
                                571, 896, 1226, 1256  6, 27, 9, 9         
зохион байгуулагч               88, 98, 165, 221      31, 7, 7, 8         
                                227, 229, 236, 248    31, 8, 7, 10        
                                251, 252, 254, 256    3, 3, 27, 33        
                                260, 264, 265, 270    42, 3, 3, 3         
                                765, 1121, 1136, 1191  18, 21, 20, 6       
торгууль                        91, 666               5, 33               
суурин газар                    95, 260, 480, 489     6, 14, 14, 15       
төрийн байгууллага              96, 130, 211, 215     14, 25, 5, 13       
                                292, 943, 1081        15, 22, 38          
мэдээ                           96, 207, 383, 575     35, 10, 15, 16      
                                789, 1177, 1177, 1255  2, 8, 10, 10        
батлан хамгаалах                97, 786               3, 3                
аюулт үзэгдэл                   97, 787, 943          16, 2, 18           
гамшиг                          97                    15                  
осол                            97, 494, 532, 787     18, 2, 2, 4         
                                1006, 1007, 1008, 1009  4, 2, 2, 2          
даруй                           97, 231, 257, 270     25, 9, 24, 29       
                                381, 473, 787         25, 18, 11          
хуулийн этгээд                  98, 353, 653, 707     10, 6, 6, 12        
                                1246, 1268            3, 5                
зуучлагч                        98, 168, 258, 1117    6, 2, 9, 19         
                                1123, 1127, 1128, 1129  38, 2, 2, 13        
                                1130, 1133, 1139, 1170  15, 2, 2, 2         
                                1230                  17                  
үйл ажиллагаа                   100, 107, 109, 116    23, 24, 5, 10       
                                225, 226, 231, 248    8, 8, 6, 8          
                                270, 316, 343, 379    26, 9, 6, 10        
                                488, 563, 563, 590    6, 12, 19, 4        
                                630, 631, 656, 657    48, 5, 8, 7         
                                679, 789, 795, 1077   6, 17, 6, 39        
                                1093, 1121, 1122, 1126  25, 5, 14, 5        
                                1127, 1128, 1131, 1150  11, 8, 3, 13        
                                1166, 1168, 1169, 1223  7, 6, 11, 28        
                                1247, 1255            13, 19              
зөвшөөрөл                       100, 486, 1078, 1080  9, 11, 26, 23       
                                1080                  36                  
үл хөдлөх эд хөрөнгө            103                   24                  
баримт бичиг                    103, 403, 734, 1134   18, 13, 20, 6       
                                1140, 1154, 1159      9, 15, 9            
ажилгүй                         103, 218, 272, 363    3, 21, 14, 10       
                                364, 384, 412, 491    10, 14, 2, 4        
                                492, 495, 498, 499    8, 11, 8, 8         
                                499, 500, 521, 550    14, 22, 9, 11       
                                561, 565, 591, 598    12, 4, 22, 20       
                                617, 705, 771, 934    15, 2, 19, 17       
                                936, 938, 939, 943    20, 10, 9, 35       
                                944, 949, 1015, 1017  10, 8, 6, 4         
                                1033, 1101, 1178, 1214  6, 18, 10, 10       
паспорт                         103                   16                  
гэрчилгээ                       103, 1083             28, 14              
ажил олгогчийн төлөөлөгчид      106, 329, 348, 382    3, 16, 3, 12        
                                473                   14                  
эс үйлдэхүй                     106, 113, 704         14, 13, 23          
мэдэгдэл                        143, 202, 204, 205    6, 10, 8, 8         
                                708, 709, 717         26, 6, 17           
зөвлөмж                         144, 167, 1253        4, 12, 10           
удирдамж@@                      144                   5                   
үйл ажиллагааны зардал          157                   8                   
улсын  төсөв                    157                   11                  
улсын төсөв                     157                   11                  
төсөв                           161                   12                  
дүрэм                           163                   8                   
тогтоол                         163                   12                  
үнэлгээ                         164, 905, 927         9, 12, 12           
дүгнэлт                         164, 251, 1056, 1261  11, 30, 34, 8       
мэргэшлийн түвшин               171, 172, 174, 176    10, 9, 2, 15        
                                701, 701, 705         3, 25, 7            
стандарт                        171, 172, 175, 176    8, 3, 17, 3         
                                369, 400, 883, 970    7, 19, 3, 10        
                                972, 974, 975         13, 9, 10           
мэргэшил                        171, 340, 757, 879    18, 2, 5, 2         
                                911                   6                   
үр                              172, 494, 573, 579    7, 8, 3, 7          
                                969, 994, 1062, 1063  18, 15, 12, 9       
                                1094, 1129            26, 3               
мэргэжлийн холбоо               175                   12                  
шалгуур үзүүлэлт                176                   20                  
чадамж                          176, 429, 446, 691    13, 8, 6, 4         
хувь хүний нууц                 190, 207, 383         11, 13, 6           
шинжээч                         209, 365, 365, 453    9, 14, 36, 2        
                                457, 568, 657, 943    2, 2, 10, 9         
                                946, 994, 1156        2, 14, 8            
зөвлөх                          209                   10                  
мэргэжилтэн                     209, 251, 1137, 1156  11, 32, 6, 3        
уригч                           209, 251, 509, 531    12, 33, 21, 6       
                                533, 536, 944, 1016   2, 7, 22, 19        
                                1156                  4                   
шашны байгууллага               211                   9                   
төсөл                           215                   8                   
хүсэлт                          215, 318, 319, 330    12, 27, 13, 16      
                                527, 532, 534, 612    25, 35, 27, 6       
                                718, 739, 858, 862    35, 4, 3, 4         
                                894, 953, 1056, 1066  2, 26, 46, 10       
                                1068, 1069, 1097, 1101  8, 10, 6, 5         
                                1123, 1140, 1145, 1146  40, 4, 34, 9        
                                1155, 1188, 1203      4, 44, 16           
ажил хаялт                      221, 227, 229, 229    3, 28, 6, 12        
                                230, 232, 233, 235    11, 8, 11, 13       
                                235, 236, 236, 241    24, 5, 20, 5        
                                242, 242, 243, 245    11, 20, 3, 3        
                                249, 249, 251, 252    6, 11, 9, 9         
                                253, 254, 254, 254    9, 17, 25, 32       
                                256, 259, 261, 261    30, 11, 22, 30      
                                270, 272, 517, 656    19, 4, 11, 13       
                                1121, 1169            19, 6               
хөдөлмөрийн сонирхлын маргаан   227, 257, 1110, 1111  13, 10, 1, 1        
                                1129, 1135, 1145, 1149  23, 7, 11, 11       
                                1163, 1187, 1230      14, 18, 9           
зохиогч                         228, 240, 311, 1169   4, 3, 13, 13        
ачаа                            229                   3                   
зарлаг                          234, 235, 235, 236    5, 15, 26, 22       
                                237, 519, 990         3, 2, 4             
холбоо                          236, 260, 480, 489    35, 19, 22, 23      
эрүүл мэнд                      248, 344, 381, 480    24, 18, 6, 36       
                                489, 965, 966, 1078   37, 4, 4, 2         
                                1251                  12                  
эд хөрөнгө                      248, 381, 393, 448    28, 10, 8, 11       
                                575, 579, 591, 598    26, 5, 38, 26       
                                644, 645, 645, 645    4, 3, 12, 29        
                                646, 647, 704, 734    12, 3, 5, 14        
                                932, 1021, 1022, 1024  19, 3, 3, 11        
                                1024, 1025, 1025, 1026  23, 11, 25, 10      
                                1027, 1029, 1032, 1032  19, 4, 11, 26       
                                1033, 1034, 1035, 1036  22, 16, 8, 5        
                                1037, 1038, 1038, 1040  3, 7, 24, 5         
                                1041, 1043, 1045, 1046  12, 10, 10, 6       
                                1047, 1047, 1048, 1049  2, 10, 7, 23        
                                1208                  10                  
шүүх                            254, 265, 691, 1203   19, 11, 6, 21       
                                1206, 1215            5, 14               
шүүгч                           254, 265, 691, 1203   19, 11, 6, 21       
                                1206, 1215            5, 14               
эрчим хүч                       260, 480, 489, 788    3, 3, 4, 6          
нийтийн тээвэр                  260, 480, 489         16, 16, 17          
шүүхийн шийдвэр                 270, 533, 690, 1030   13, 26, 14, 10      
мэдээллийн сан                  290, 291, 294, 296    8, 8, 27, 6         
                                1228                  10                  
хариуцагч                       292, 415, 507, 612    14, 10, 16, 21      
                                613, 678, 704, 719    5, 12, 10, 17       
                                740, 740, 800, 1027   19, 23, 18, 37      
                                1033, 1081, 1087, 1123  2, 35, 11, 34       
                                1124, 1125, 1221, 1221  3, 3, 10, 23        
                                1221, 1222, 1223, 1223  30, 3, 3, 13        
                                1223, 1224, 1225, 1261  19, 8, 6, 15        
хяналт тавих                    298, 299, 299, 299    8, 7, 10, 46        
                                373, 490, 1223, 1233  9, 28, 31, 7        
                                1234, 1237, 1248      7, 24, 13           
тариф                           311, 591              18, 36              
монгол улсын нутаг дэвсгэр      316                   5                   
агуулах                         322, 365, 1141        3, 37, 4            
сүлжээ                          336                   3                   
нэмэгдэл                        336, 336, 549, 549    4, 5, 9, 10         
                                560, 560, 567, 567    10, 11, 16, 17      
                                796, 801, 843, 850    27, 12, 18, 19      
                                857, 859, 868, 868    18, 5, 6, 7         
                                898, 898, 911, 917    13, 14, 15, 22      
                                917, 918, 920, 921    27, 19, 10, 20      
                                921, 971, 971         28, 15, 21          
төлбөр                          336, 421, 591, 591    11, 8, 35, 48       
                                598, 631, 666, 667    36, 20, 34, 8       
                                1007, 1010, 1011, 1012  36, 6, 7, 10        
                                1013, 1019, 1092, 1092  14, 19, 20, 31      
                                1093, 1094, 1094, 1094  35, 5, 13, 23       
тэтгэвэр                        338, 730, 1011, 1096  5, 3, 21, 4         
                                1100                  4                   
тэтгэмж                         338, 528, 716, 721    6, 28, 48, 7        
                                722, 727, 728, 729    29, 12, 12, 17      
                                730, 731, 738, 1011   19, 23, 32, 22      
                                1066, 1068, 1096      27, 21, 5           
хөнгөлөлт                       338, 345, 574         8, 33, 5            
ахмад настан                    344, 1101             8, 3                
үйлдвэрлэлийн осол              344, 969, 1007        10, 10, 14          
хурц хордлого                   344, 532, 1006, 1007  12, 3, 5, 3         
                                1008, 1009            3, 3                
хохирогч                        344, 739, 1043, 1046  21, 36, 12, 18      
гэр бүлийн гишүүн               345, 619, 1093        29, 4, 7            
орон сууц                       345                   5                   
хүүхдийн цэцэрлэг               345                   7                   
гэр бүл                         345, 1007, 1011       18, 40, 12          
эрх бүхий этгээд                363, 364, 372, 497    6, 6, 11, 7         
                                519                   12                  
эрүүл мэндийн даатгалын шимтгэл  373, 404, 946, 960    3, 18, 15, 11       
баталгаажилт                    373                   8                   
мансууруулах эм, сэтгэцэд нөлөөт бодис  378, 480, 1034        15, 51, 3           
үүрэг гүйцэтгэгч                378, 438, 480, 489    9, 2, 46, 47        
                                515, 547, 590, 599    2, 23, 30, 13       
                                797, 798, 871, 950    8, 9, 4, 6          
согтууруулах ундаа              378, 480, 933         12, 49, 8           
технологийн горим               380                   2                   
тоног төхөөрөмж                 403, 405, 405, 590    9, 6, 31, 18        
                                591, 592, 598         40, 5, 28           
гарын үсэг зурах                431                   8                   
эрх бүхий албан тушаалтан       476, 477, 985         22, 5, 14           
нэхэмжлэгч                      479, 739              30, 39              
орлог                           482, 918              14, 7               
гамшгаас урьдчилан сэргийлэх    494                   4                   
урьдчилсан мэдээ                494                   25                  
эмнэлэг                         496, 500, 515, 532    5, 13, 16, 23       
                                702, 755, 756, 997    10, 6, 9, 9         
                                1056, 1062, 1062, 1063  33, 10, 15, 12      
                                1063                  16                  
гэрч                            497, 518, 934, 936    2, 2, 8, 4          
                                1243                  16                  
комисс                          500, 533, 1177, 1177  16, 15, 26, 31      
                                1180, 1181, 1182, 1188  5, 5, 5, 9          
                                1195, 1197, 1198, 1200  7, 18, 5, 5         
цэргийн жинхэнэ алба хаагч      520                   2                   
төлбөр авагч                    551, 562              9, 9                
сургалтын байгууллага           555, 555, 556, 559    3, 25, 3, 15        
мэргэжлийн боловсрол            555                   6                   
суралцагч                       555, 556, 563         5, 27, 4            
хөтөлбөр                        556                   22                  
сан                             557, 1049, 1092, 1124  15, 18, 41, 9       
                                1229                  12                  
шалгагч                         565, 592, 997, 1037   14, 13, 27, 13      
                                1244, 1251            16, 29              
гүйцэтгэх удирдлага             571                   19                  
бусад этгээд                    578, 1135             5, 5                
үйлдвэрлэгч                     591, 1093             29, 14              
бүтээгдэхүүн                    591                   31                  
туслах малчин                   609, 616, 619, 621    11, 4, 8, 3         
                                621                   28                  
мал                             617, 617, 617, 932    12, 14, 31, 17      
өрсөлдөгч                       630                   33                  
байгууллагын нууц               643                   4                   
бүрэн бүтэн байдал              645, 704, 1049        14, 7, 8            
туслагч                         657                   9                   
зуучлах үйлчилгээ               669                   2                   
бараа                           686, 1007, 1009       3, 12, 10           
гэмт хэрэг                      690, 1030             2, 6                
сул орон тоо                    716                   21                  
нийгмийн даатгалын сан          722                   14                  
ажилгүйдлийн тэтгэмж            722                   18                  
цахим мэдээлэл                  734                   24                  
эрүүл мэндийн даатгал           738                   14                  
ажлын өдөр                      749, 769, 784, 796    2, 6, 6, 5          
                                819, 820, 891         5, 3, 17            
шөнийн цаг                      768, 771, 772, 773    12, 6, 11, 4        
                                917, 917, 920, 920    12, 25, 5, 8        
байнга оршин суугч              794                   2                   
нийтээр тэмдэглэх баярын өдөр   825                   2                   
багш                            829                   2                   
ой                              831                   7                   
насанд хүрээгүй ажилтан         842                   5                   
нийтлэг журам                   879                   7                   
бараа бүтээгдэхүүн              932, 933, 933, 1093   15, 17, 22, 15      
зах зээл                        932                   26                  
эм                              933                   12                  
гамшгаас хамгаалах              943                   12                  
донор                           950                   5                   
албан татвар                    960                   18                  
орлого                          960, 1038             17, 16              
нэхэмжлэл                       962, 1185, 1186, 1208  14, 38, 22, 18      
                                1213                  15                  
хөдөлмөрийн аюулгүй байдал      965, 966, 1251        1, 1, 9             
эрүүл мэндийг хамгаалах         967, 968, 969, 975    13, 13, 7, 13       
                                1085                  6                   
нээлт                           990                   6                   
тайлбар                         994, 1037, 1037, 1135  10, 25, 32, 11      
                                1154                  10                  
алданги                         1004, 1005, 1019      9, 25, 16           
тайлан                          1032, 1038, 1261      2, 32, 7            
итгэмжлэл                       1032                  4                   
тусгай хувцас                   1033                  19                  
тэмдэглэл                       1037, 1129, 1130, 1181  37, 16, 18, 26      
                                1182, 1183, 1185, 1188  26, 10, 14, 22      
хүүхэд үрчлэн авах              1065, 1066, 1070      4, 2, 7             
асран хамгаалагч, харгалзан дэмжигч  1078, 1080, 1082      22, 17, 19          
хууль ёсны төлөөлөгч            1078, 1080, 1082      17, 12, 14          
зар сурталчилгаа                1080, 1088            9, 4                
спорт                           1080, 1088            7, 2                
18 нас хүрсэн                   1086                  9                   
тохирох хэрэглэгдэхүүн          1090, 1095            13, 7               
хөгжлийн бэрхшээлтэй иргэн      1092                  34                  
тэтгэвэр авагч                  1099                  3                   
арбитрын ажиллагаа              1149                  24                  
арбитрч                         1149, 1153, 1158      22, 2, 2            
холбогдох этгээд                1154                  8                   
сонсогч                         1155                  5                   
орчуулагч                       1156                  7                   
эвлэрүүлэн зуучлал              1215                  8                   
мэдээллийн нэгдсэн сан          1231                  9                   
хяналт шалгалт                  1235, 1235, 1241, 1250  10, 26, 6, 6        
                                1254, 1261            16, 5               
хуулбарлах                      1244                  23                  
