File: MNCLW00644.txt
Search Method: Aho-Corasick
Total runtime: 0.008245s
Found terms: 738

Term                            Line                  Word Place          

журам                           7, 13, 36, 37         10, 8, 7, 13        
                                46, 96, 98, 109       32, 42, 31, 6       
                                110, 159, 207, 238    18, 10, 7, 8        
                                288                   55                  
талууд                          9, 15, 15, 15         16, 10, 14, 46      
                                17, 30, 30, 33        28, 4, 18, 2        
                                46, 47, 58, 64        4, 5, 11, 12        
                                72, 81, 82, 113       13, 25, 25, 2       
                                113, 113, 114, 114    33, 61, 2, 33       
                                114, 116, 117, 118    61, 9, 9, 2         
                                119, 120, 133, 145    6, 8, 29, 14        
                                146, 155, 160, 165    14, 3, 2, 23        
                                172, 173, 174, 180    2, 2, 2, 2          
                                180, 193, 201, 201    9, 2, 4, 11         
                                203, 205, 207, 208    4, 2, 10, 6         
                                209, 210, 211, 217    2, 2, 2, 7          
                                217, 219, 222, 226    16, 2, 11, 19       
                                231, 235, 253, 271    8, 7, 2, 2          
                                274, 286              2, 16               
тал                             9, 15, 15, 15         16, 10, 14, 46      
                                17, 30, 30, 33        28, 4, 18, 2        
                                46, 47, 58, 64        4, 5, 11, 12        
                                72, 81, 82, 113       13, 25, 25, 2       
                                113, 113, 114, 114    33, 61, 2, 33       
                                114, 116, 117, 118    61, 9, 9, 2         
                                119, 120, 133, 145    6, 8, 29, 14        
                                146, 155, 160, 165    14, 3, 2, 23        
                                172, 173, 174, 180    2, 2, 2, 2          
                                180, 193, 201, 201    9, 2, 4, 11         
                                203, 205, 207, 208    4, 2, 10, 6         
                                209, 210, 211, 217    2, 2, 2, 7          
                                217, 219, 222, 226    16, 2, 11, 19       
                                231, 235, 253, 271    8, 7, 2, 2          
                                274, 286              2, 16               
гишүүн                          13, 15, 15, 17        12, 53, 68, 7       
                                17, 18, 18, 20        15, 9, 17, 6        
                                37, 38, 38, 41        7, 7, 19, 20        
                                44, 49, 50, 51        4, 4, 4, 7          
                                52, 61, 62, 64        7, 8, 2, 2          
                                76, 78, 81, 82        4, 3, 14, 14        
                                89, 122, 143, 144     4, 14, 11, 13       
                                148, 149, 151, 156    8, 8, 2, 4          
                                157, 158, 165, 165    2, 7, 10, 27        
                                166, 167, 167, 168    2, 4, 19, 4         
                                169, 171, 185, 188    6, 8, 19, 2         
                                192, 198, 200, 205    2, 4, 9, 13         
                                214, 216, 220, 225    17, 2, 4, 12        
                                226, 227, 227, 227    8, 6, 15, 26        
                                229, 230, 230, 231    4, 11, 23, 4        
                                235, 238, 245, 245    9, 18, 6, 20        
                                252, 270              5, 4                
өргөдөл                         15, 96, 97, 103       3, 7, 7, 4          
                                104, 105, 108, 119    6, 2, 7, 2          
                                125, 126, 127, 129    9, 3, 2, 4          
                                130, 139, 140, 141    6, 5, 3, 4          
                                142, 143, 151, 172    7, 7, 5, 3          
                                179, 179, 180, 217    7, 15, 5, 12        
мэдээлэл                        15, 96, 97, 103       4, 8, 8, 5          
                                104, 105, 108, 119    7, 3, 8, 3          
                                125, 126, 127, 129    10, 4, 3, 5         
                                130, 132, 139, 140    7, 14, 6, 4         
                                141, 142, 143, 151    5, 8, 8, 6          
                                152, 153, 154, 172    2, 2, 2, 4          
                                175, 179, 179, 180    8, 8, 16, 6         
                                217, 244, 254, 263    13, 2, 2, 6         
хүсэлт                          15, 17, 30, 96        5, 34, 8, 9         
                                97, 103, 104, 108     9, 6, 9, 9          
                                113, 114, 119, 129    52, 52, 4, 6        
                                130, 139, 140, 141    8, 7, 5, 6          
                                142, 144, 165, 172    9, 9, 30, 5         
                                179, 179, 180, 211    9, 17, 7, 14        
                                217, 222, 244, 254    14, 15, 3, 3        
                                274                   12                  
шийдвэр                         15, 18, 20, 27        13, 30, 12, 2       
                                30, 50, 51, 51        13, 2, 25, 29       
                                51, 52, 52, 52        40, 25, 29, 40      
                                54, 55, 56, 57        9, 4, 2, 2          
                                58, 59, 67, 69        26, 3, 15, 6        
                                70, 72, 96, 96        3, 18, 18, 21       
                                96, 98, 98, 98        27, 7, 10, 16       
                                108, 126, 145, 146    26, 15, 12, 12      
                                181, 184, 222, 224    7, 9, 23, 4         
                                225, 225, 227, 230    2, 7, 2, 4          
                                239, 240, 241, 243    3, 4, 2, 4          
                                244, 246, 247, 247    17, 4, 14, 17       
                                247, 249, 250, 256    32, 4, 2, 4         
                                258, 259, 260, 262    2, 2, 17, 4         
                                263, 263, 264, 285    2, 15, 4, 4         
                                286, 290              3, 3                
гомдол                          15, 46, 92, 145       16, 19, 23, 17      
                                146, 172              17, 6               
шалгагч                         15, 64, 120, 121      25, 4, 3, 3         
                                122, 125, 142, 144    3, 4, 15, 17        
                                151, 167, 168, 171    8, 2, 2, 6          
                                214, 215, 222, 238    10, 10, 4, 16       
                                238                   20                  
дүгнэлт                         15, 30, 33, 58        37, 6, 34, 19       
                                66, 73, 81, 82        11, 15, 26, 26      
                                100, 100, 101, 102    13, 77, 13, 26      
                                113, 114, 148, 149    36, 36, 25, 25      
                                155, 177, 214, 216    7, 11, 28, 13       
                                218, 220, 227, 227    9, 24, 18, 38       
                                234, 241, 242, 245    2, 4, 16, 3         
                                247, 247, 258, 274    5, 40, 9, 11        
                                288, 289, 289, 289    2, 2, 25, 34        
уригч                           15, 155, 159, 238     43, 5, 5, 14        
санал                           15, 17, 17, 17        55, 9, 19, 32       
                                17, 17, 18, 18        40, 48, 13, 21      
                                20, 30, 51, 51        4, 7, 23, 35        
                                51, 52, 52, 52        38, 23, 35, 38      
                                54, 54, 72, 113       4, 7, 3, 35         
                                114, 118, 148, 149    35, 8, 10, 10       
                                205, 214, 216, 222    16, 29, 14, 17      
                                226, 227, 227, 231    21, 17, 37, 5       
                                235, 245, 245         11, 8, 23           
тохиолдол                       15, 23, 24, 192       66, 26, 26, 29      
хоёр дахь санал хураалт         17                    23                  
тайлбар                         17, 30, 33, 174       35, 5, 35, 8        
                                217, 274              9, 10               
тогтоол                         18, 54, 100, 102      27, 24, 64, 13      
                                116, 117, 145, 146    38, 38, 23, 23      
                                148, 150, 151, 155    48, 14, 19, 8       
                                179, 180, 185, 188    28, 20, 14, 18      
                                189, 190, 200, 237    44, 44, 5, 8        
                                241, 242, 245, 280    5, 27, 17, 48       
                                281, 289, 289, 289    48, 8, 45, 48       
                                290                   11                  
зарлиг                          18, 69, 126, 247      28, 4, 13, 9        
хүний эмзэг мэдээлэл            23, 24                15, 15              
албаны нууц                     23, 24, 189, 190      11, 11, 13, 13      
байгууллагын нууц               23, 24, 189, 190      13, 13, 17, 17      
иргэн                           23, 24, 27, 61        19, 19, 7, 14       
                                63, 92, 104, 105      3, 13, 8, 8         
                                105, 108, 110, 125    20, 11, 10, 12      
                                126, 127, 143, 151    2, 10, 5, 3         
                                186                   4                   
аюул                            23, 24                20, 20              
хангагч                         23, 24, 158, 244      22, 22, 4, 7        
                                282                   8                   
нээлт                           23, 24, 26, 27        29, 29, 2, 4        
                                189, 190, 192, 264    3, 3, 5, 2          
оролцогч                        26, 106, 107, 111     4, 8, 6, 8          
                                112, 121, 122, 208    6, 5, 5, 5          
тэмдэглэл                       26, 27, 34, 51        7, 6, 3, 9          
                                52, 113, 113, 114     9, 14, 57, 14       
                                114, 116, 117, 266    57, 5, 5, 5         
                                277, 277, 278, 278    2, 9, 2, 9          
                                280, 281, 282         4, 4, 2             
шуудан                          26, 96, 98, 144       13, 29, 18, 15      
нэвтрүүлэг                      26                    14                  
кино                            26                    16                  
хуулийн этгээд                  27                    8                   
сонсогч                         30, 217, 218, 222     11, 20, 10, 20      
уншигч                          30, 230, 246          24, 25, 7           
хэлмэрч                         33                    8                   
мэдээ                           33, 33                14, 39              
гэрч                            33, 41, 124, 193      24, 3, 7, 3         
                                201, 205, 206, 209    6, 3, 6, 4          
                                218, 253, 274         5, 8, 6             
шинжээч                         33, 41, 124, 177      25, 5, 8, 8         
                                193, 201, 205, 209    4, 7, 5, 5          
                                212, 218              2, 6                
мэргэжилтэн                     33, 41, 124, 177      27, 4, 9, 4         
                                201, 209, 212, 218    8, 6, 3, 7          
мэдүүлэг                        33, 218, 274          33, 8, 9            
монгол хэл, бичиг               34                    9                   
орчуулагч                       34, 209, 212, 253     19, 7, 4, 7         
нотлох баримт                   41, 46, 58, 173       9, 24, 20, 11       
                                205, 258              8, 5                
бусад оролцогч                  44, 193, 271          15, 6, 4            
хүн                             51, 52, 132, 189      16, 16, 7, 29       
                                190                   29                  
ачаа                            58, 175               3, 3                
байгууллага                     61, 72, 90, 90        10, 16, 14, 35      
                                92, 96, 98, 108       19, 15, 4, 16       
                                108, 126, 130, 142    32, 17, 2, 2        
                                144                   5                   
этгээд                          62, 139               8, 9                
газар                           70, 78, 131, 192      2, 2, 6, 15         
                                193, 210, 247, 251    11, 5, 16, 8        
                                269, 286              6, 11               
олон улсын гэрээ                71                    3                   
шүүгч                           79, 90, 92, 104       5, 11, 3, 18        
шүүх                            79, 90, 92, 104       5, 11, 3, 18        
прокурор                        80, 104               3, 21               
хяналт тавих                    94                    7                   
үйл ажиллагаа                   99, 100, 101, 108     23, 36, 36, 29      
                                133                   27                  
үйлчлэгч                        99, 100, 101          8, 21, 21           
монгол улсын нутаг дэвсгэр      105                   10                  
харьяалалгүй хүн                105                   21                  
эрх бүхий албан тушаалтан       108                   12                  
тушаал                          109, 132              2, 11               
өмгөөлөгч                       109, 253              11, 6               
хуулбарлах                      113, 114              12, 12              
улсын  төсөв                    124                   15                  
улсын төсөв                     124                   15                  
хариуцагч                       127                   12                  
итгэмжлэл                       139                   14                  
магадлал                        145, 146, 166, 211    38, 38, 14, 22      
                                223, 231, 241, 242    11, 28, 6, 47       
                                275                   8                   
эрх бүхий этгээд                153                   7                   
захиргаа                        159                   9                   
туслагч                         173                   15                  
тодорхойлолт                    174, 176, 178         9, 9, 2             
мэргэжил                        177                   7                   
тусгаарлах                      179, 223              27, 6               
төсөл                           181                   11                  
гүйцэтгэгч                      183, 184              13, 19              
дайны байдал                    184, 288              3, 25               
зарлаг                          184, 187, 192, 202    5, 5, 37, 7         
                                222                   31                  
үндэсний аюулгүй байдал         189, 190              8, 8                
хүний хувийн мэдээлэл           189, 190              21, 21              
батлан хамгаалах                189, 190              6, 6                
нийтлэх                         192                   36                  
сүлжээ                          196                   6                   
мэдэгдэл                        210                   13                  
илтгэл                          214, 214, 215, 216    13, 18, 13, 3       
                                217                   2                   
агуулах                         214, 216, 249         21, 6, 5            
зөвшөөрөл                       220                   11                  
гарын үсэг зурах                230, 284              13, 7               
даруй                           246, 263              6, 10               
монгол улсын олон улсын гэрээ   247                   18                  
үйлчилгээ                       247                   28                  
ажил                            256, 271, 282         17, 8, 6            
удирдлага                       259                   4                   
чуулганы хуралдаан              288                   36                  
