File: MNCLW00244.txt
Search Method: Aho-Corasick
Total runtime: 0.007768s
Found terms: 827

Term                            Line                  Word Place          

зээлийн мэдээлэл                6, 11, 11, 11         1, 9, 16, 20        
                                22, 24, 25, 33        15, 20, 8, 13       
                                88, 96, 106, 108      12, 9, 3, 7         
                                109, 110, 112, 128    13, 7, 5, 6         
                                139, 152, 156, 158    5, 12, 10, 2        
                                162, 163, 168, 170    6, 6, 2, 7          
                                171, 176, 176, 178    22, 8, 20, 11       
                                180, 181, 187, 189    5, 7, 13, 2         
                                213, 230, 232, 235    1, 18, 14, 10       
                                237, 240, 243, 244    14, 4, 5, 10        
                                249, 255, 266, 279    14, 2, 3, 27        
                                288                   4                   
нийтлэх                         7, 9                  3, 1                
зээлийн мэдээллийн сан бүрдүүлэх  11, 138, 152, 232     5, 11, 8, 10        
үйл ажиллагаа                   11, 25, 73, 96        22, 10, 2, 11       
                                135, 136, 137, 146    7, 9, 8, 9          
                                147, 149, 213, 214    8, 2, 3, 5          
                                215, 216, 217, 225    3, 3, 3, 4          
                                228, 230, 234, 235    5, 20, 3, 12        
                                237, 239, 240, 244    20, 5, 6, 3         
                                246, 248, 249, 252    7, 5, 16, 18        
                                254, 255, 260, 263    5, 4, 9, 5          
                                265, 266, 278         3, 5, 15            
тусгай зөвшөөрөл                11, 25, 96, 102       26, 13, 14, 12      
                                213, 214, 215, 216    6, 8, 6, 6          
                                217, 239, 240, 248    6, 8, 9, 8          
                                249, 254, 255, 265    19, 8, 7, 6         
                                266, 266, 266         9, 13, 24           
үйлчилгээ                       11, 25, 35, 36        18, 3, 5, 3         
                                114, 115, 119, 121    3, 3, 3, 3          
                                121, 121, 122, 124    7, 18, 29, 3        
                                136, 137, 142, 144    5, 3, 7, 3          
                                146, 147, 148, 150    5, 3, 3, 5          
                                151, 157, 175, 176    3, 3, 3, 3          
                                178, 179, 219, 221    3, 3, 3, 3          
                                232, 232, 237, 237    3, 21, 3, 16        
                                244, 246, 267, 268    12, 3, 5, 3         
                                269, 273, 274         3, 3, 3             
этгээд                          11, 25, 49, 63        25, 5, 3, 2         
                                84, 96, 103, 114      7, 17, 9, 5         
                                115, 116, 119, 121    5, 9, 5, 5          
                                124, 130, 136, 137    5, 7, 7, 5          
                                144, 146, 147, 148    5, 7, 5, 5          
                                150, 151, 155, 157    7, 5, 2, 5          
                                161, 175, 176, 178    12, 5, 5, 5         
                                179, 219, 221, 234    5, 5, 5, 8          
                                237, 266, 266, 267    5, 8, 19, 7         
                                268, 269, 272, 272    5, 5, 14, 18        
                                273, 274              5, 5                
мэдээлэл                        12, 13, 14, 21        4, 2, 2, 2          
                                21, 23, 25, 29        13, 11, 2, 18       
                                30, 31, 31, 33        12, 10, 17, 18      
                                34, 35, 36, 44        15, 4, 2, 4         
                                45, 56, 60, 62        5, 33, 5, 13        
                                63, 74, 75, 79        6, 5, 6, 19         
                                80, 81, 81, 81        6, 2, 9, 18         
                                83, 84, 85, 86        4, 2, 6, 5          
                                87, 89, 89, 90        5, 2, 9, 7          
                                91, 92, 93, 96        4, 19, 7, 2         
                                97, 98, 98, 98        2, 2, 15, 20        
                                100, 101, 102, 102    2, 2, 21, 26        
                                103, 103, 104, 107    2, 10, 4, 10        
                                114, 115, 117, 117    2, 2, 18, 23        
                                119, 121, 124, 124    2, 2, 2, 11         
                                128, 129, 130, 136    2, 2, 2, 4          
                                137, 138, 144, 146    2, 9, 2, 4          
                                147, 148, 148, 149    2, 2, 19, 10        
                                150, 151, 152, 154    4, 2, 2, 5          
                                154, 157, 159, 161    14, 2, 14, 2        
                                161, 164, 165, 166    13, 2, 4, 2         
                                167, 169, 171, 172    8, 2, 12, 2         
                                172, 173, 175, 175    16, 4, 2, 21        
                                176, 177, 178, 179    2, 4, 2, 2          
                                179, 186, 188, 189    12, 2, 10, 11       
                                191, 191, 192, 193    2, 12, 2, 2         
                                194, 197, 198, 199    11, 10, 2, 3        
                                202, 203, 203, 204    4, 4, 7, 4          
                                208, 208, 210, 214    5, 12, 10, 4        
                                215, 216, 217, 219    2, 2, 2, 2          
                                221, 224, 232, 234    2, 6, 2, 2          
                                237, 239, 246, 248    2, 4, 2, 4          
                                254, 259, 261, 265    4, 7, 2, 2          
                                267, 268, 269, 273    4, 2, 2, 2          
                                274, 277, 280, 281    2, 7, 5, 10         
хүний хувийн мэдээлэл           13, 14                21, 21              
байгууллагын нууц               13, 14                26, 26              
иргэн                           13, 14, 18, 27        11, 11, 14, 10      
                                27, 28, 30, 32        18, 25, 17, 8       
                                75, 159, 219, 279     7, 8, 13, 16        
банк                            13, 13, 14, 14        16, 19, 16, 19      
                                18, 28, 28, 70        2, 3, 4, 7          
                                102, 244, 278, 278    2, 6, 9, 10         
                                279                   2                   
мөрдөгч                         16, 143, 235, 291     17, 24, 27, 12      
хадгаламж, зээлийн хоршоо       18, 28, 102, 279      6, 8, 6, 6          
санхүүгийн байгууллага          18, 28, 102, 278      4, 6, 4, 12         
                                279                   4                   
хуулийн этгээд                  18, 27, 27, 28        19, 11, 19, 26      
                                30, 32, 75, 159       18, 9, 8, 9         
                                220, 279, 287         2, 17, 5            
мэдээллийн сан                  18, 22, 24, 80        30, 2, 2, 2         
                                94, 95, 99, 104       4, 2, 2, 2          
                                118, 118, 139, 162    2, 14, 2, 4         
                                174, 175, 188, 208    2, 16, 2, 2         
                                223, 279              2, 25               
зээл                            18, 21, 27, 28        22, 10, 14, 18      
                                29, 31, 33, 34        14, 7, 16, 8        
                                45, 53, 54, 55        2, 11, 8, 9         
                                62, 63, 75, 77        6, 3, 10, 8         
                                108, 109, 174, 221    3, 2, 5, 21         
                                278                   14                  
төлбөр                          18, 18, 21, 27        23, 27, 11, 15      
                                28, 29, 31, 34        19, 15, 8, 9        
                                52, 52, 53, 54        2, 11, 12, 9        
                                55, 58, 59, 60        10, 2, 2, 2         
                                62, 76, 77, 77        2, 12, 2, 9         
                                109, 153, 221         3, 9, 22            
үйлчлэгч                        18                    38                  
тодорхойлолт                    19                    6                   
хэрэглэгч                       20, 31, 155, 156      3, 22, 6, 8         
                                183                   3                   
зээлдүүлэгч                     21, 29, 202, 204      4, 24, 15, 19       
                                210                   11                  
зээлийн мэдээллийн үйлчилгээ үзүүлэх этгээд  22, 23, 29, 30        7, 12, 4, 3         
                                31, 80, 87, 88        23, 7, 6, 6         
                                89, 98, 102, 113      14, 9, 15, 9        
                                122, 135, 171, 172    3, 1, 17, 10        
                                174, 180, 186, 187    21, 13, 8, 19       
                                198, 202, 204, 208    14, 17, 22, 17      
                                235, 246, 252, 273    20, 10, 5, 20       
                                280, 281, 288         6, 5, 10            
зөвшөөрөл                       23, 38, 104, 127      2, 2, 6, 2          
                                216, 217, 230, 235    10, 10, 23, 18      
                                237, 246, 246, 249    6, 19, 33, 2        
                                255, 258, 260, 268    9, 2, 2, 19         
                                269, 279              10, 19              
зээлийн мэдээллийн сан          24, 29, 31, 33        6, 19, 11, 4        
                                43, 96, 97, 98        1, 4, 8, 3          
                                103, 117, 122, 148    12, 3, 9, 15        
                                159, 163, 169, 170    11, 3, 8, 9         
                                178, 179, 191, 207    7, 7, 13, 4         
                                224, 234, 259, 271    2, 9, 9, 6          
                                273, 274, 276, 277    12, 9, 2, 4         
                                278, 280, 281, 282    31, 2, 2, 3         
мэдээлэл цуглуулах              24, 99                13, 11              
зам                             24, 156, 161, 252     19, 19, 9, 13       
компани                         25, 70, 119, 279      16, 14, 6, 12       
аж ахуйн нэгж                   27, 278               6, 27               
байгууллага                     27, 32, 32, 75        9, 2, 31, 2         
                                79, 107, 189, 211     14, 2, 23, 12       
                                278                   22                  
гэрээ                           28, 30, 31, 52        13, 8, 4, 3         
                                126, 156, 242         7, 4, 3             
төрийн байгууллага              29, 86, 88, 278       25, 7, 4, 23        
                                279                   13                  
мэдээлэл нийлүүлэгч             30, 31, 81, 85        15, 20, 11, 8       
                                88, 89, 97, 98        2, 19, 6, 7         
                                103, 117, 124, 155    5, 7, 7, 4          
                                156, 169, 170, 172    6, 6, 5, 7          
                                174, 183, 198, 204    11, 1, 12, 20       
                                208                   14                  
сан                             31, 178               16, 14              
талууд                          31, 128, 129, 130     19, 10, 5, 18       
                                132, 133, 149, 156    2, 5, 4, 15         
                                202, 211, 253, 271    14, 10, 6, 11       
                                288                   9                   
тал                             31, 128, 129, 130     19, 10, 5, 18       
                                132, 133, 149, 156    2, 5, 4, 15         
                                202, 211, 253, 271    14, 10, 6, 11       
                                288                   9                   
санхүүгийн зохицуулах хороо     32                    5                   
эд хөрөнгө                      32                    12                  
улсын бүртгэл                   32, 56, 70            14, 3, 23           
захиргааны байгууллага          32, 79                19, 6               
нийгмийн даатгал                32                    23                  
эрчим хүч                       32, 79                26, 9               
шүүхийн шийдвэр                 32, 79                28, 11              
гүйцэтгэгч                      32, 52, 54, 77        30, 12, 4, 7        
                                77, 79                11, 13              
иргэний бүртгэлийн дугаар       46, 56, 68, 71        7, 19, 17, 9        
газар                           48, 50, 56, 66        3, 5, 24, 3         
                                68, 70, 71, 117       22, 30, 14, 12      
ажил                            50, 73, 107, 174      4, 7, 13, 17        
                                176, 221, 230         27, 11, 14          
валют                           52                    13                  
төлбөр төлөгч                   53                    2                   
хүү                             53                    6                   
батлан даалт                    55                    3                   
дэнчин                          55                    2                   
хөрөнгө                         56, 220, 226, 232     2, 14, 3, 7         
гэрчилгээ                       56                    6                   
овог                            56, 68, 71            13, 11, 3           
гуравдагч этгээд                59, 116, 203          7, 22, 8            
дүгнэлт                         61                    5                   
регистрийн дугаар               65, 70                4, 26               
хувьцаа                         68, 119, 148, 219     9, 16, 7, 10        
                                220, 220, 268, 270    4, 9, 6, 6          
нэгдмэл сонирхолтой этгээд      70                    19                  
охин компани                    70                    3                   
холбогдох этгээд                70                    12                  
удирдлага                       71, 219, 221, 228     2, 6, 6, 11         
                                243                   20                  
мэдээ                           75, 202               3, 11               
гаалийн татвар                  76                    4                   
өр                              76                    11                  
гэмт хэрэг                      78                    8                   
шийтгэх тогтоол                 78                    18                  
шийдвэр                         78, 228, 252, 265     2, 16, 4, 12        
                                268, 270              9, 9                
зээлийн лавлагаа                81, 82, 112, 112      13, 2, 7, 11        
                                113, 114, 115, 116    2, 12, 7, 10        
                                118, 118, 119, 122    4, 9, 19, 13        
                                139, 153, 176, 202    12, 7, 12, 25       
                                207                   2                   
зээлдэгч                        85, 189, 198          7, 19, 11           
агуулах                         89, 197, 235          10, 11, 9           
даруй                           89, 193, 198, 202     22, 15, 8, 23       
                                211                   14                  
төрийн бус байгууллага          92                    11                  
журам                           95, 119, 131, 224     6, 23, 5, 8         
                                228, 232, 281         15, 24, 12          
зээлдэгчийн зөвшөөрөл           97, 169               3, 3                
мэдээлэл ашиглах                105                   4                   
хүсэлт                          113, 189, 280         5, 24, 17           
хангагч                         116, 161, 179, 180    3, 5, 17, 9         
                                223, 243, 253, 278    9, 10, 5, 7         
итгэмжлэл                       116                   4                   
тохиолдол                       116, 118, 122, 148    19, 7, 25, 23       
                                153, 170, 189, 193    6, 4, 18, 6         
                                208, 237, 252, 266    11, 23, 16, 17      
                                268, 273, 274         17, 11, 8           
эрх бүхий албан тушаалтан       119, 148              12, 9               
үйл ажиллагааны зардал          121                   12                  
төлбөр авагч                    122, 207              19, 18              
харилцах данс                   125                   8                   
бүтээгдэхүүн                    139, 176              15, 15              
зах зээл                        141                   6                   
аж ахуйн үйл ажиллагаа          144                   12                  
ажилтан                         148, 288              13, 16              
зар сурталчилгаа                149                   7                   
бүрдэл                          154                   6                   
шалгагч                         154, 155, 156, 189    16, 12, 22, 14      
                                191, 204, 244         6, 11, 20           
тайлбар                         156                   16                  
мэдээлэл өгөх, авах гэрээ       159                   3                   
урьдчилан сэргийлэх             161                   15                  
аюул                            161, 179, 186, 223    3, 15, 4, 4         
                                243                   8                   
баталгаажуулах                  172                   18                  
зохион байгуулагч               176                   29                  
стандарт                        180, 235              3, 28               
хариуцагч                       180                   18                  
хяналт тавих                    188, 207              13, 10              
мэргэжлийн боловсрол            221                   9                   
нотлох баримт                   221, 223, 226         24, 17, 12          
мэдээллийн систем               223                   10                  
дүрэм                           225, 242              11, 4               
зохиогч                         228                   12                  
өргөдөл                         230, 241, 246         6, 2, 21            
баримт бичиг                    241, 246, 258, 271    3, 22, 10, 27       
тоног төхөөрөмж                 243                   13                  
тусгаарлах                      252                   12                  
захиргаа                        261                   12                  
арга хэмжээ                     271                   13                  
үр                              272, 273              4, 17               
тайлан                          272                   20                  
салбар                          278                   4                   
шинжээч                         286                   10                  
хүн                             287                   4                   
