File: MNCLW00234.txt
Search Method: Aho-Corasick
Total runtime: 0.017048s
Found terms: 3806

Term                            Line                  Word Place          

төрийн ордон                    5                     1                   
зөвшөөрөл                       6, 11, 11, 17         1, 42, 53, 17       
                                17, 18, 19, 22        19, 8, 15, 8        
                                22, 22, 28, 32        29, 35, 8, 26       
                                35, 36, 37, 39        3, 13, 20, 4        
                                45, 46, 47, 48        4, 11, 33, 9        
                                48, 49, 50, 51        27, 42, 14, 6       
                                52, 53, 53, 54        5, 6, 7, 6          
                                55, 56, 57, 58        9, 6, 28, 12        
                                58, 60, 62, 63        20, 8, 8, 10        
                                65, 68, 69, 71        1, 2, 2, 27         
                                72, 74, 75, 76        2, 11, 9, 6         
                                79, 79, 80, 84        13, 16, 10, 11      
                                84, 88, 90, 90        18, 8, 2, 8         
                                93, 94, 94, 96        6, 20, 22, 6        
                                97, 98, 99, 99        9, 16, 3, 5         
                                102, 106, 109, 109    7, 4, 8, 16         
                                112, 112, 114, 123    1, 7, 8, 4          
                                139, 141, 143, 148    1, 3, 4, 10         
                                149, 151, 151, 152    4, 4, 17, 4         
                                154, 156, 159, 160    15, 11, 2, 2        
                                163, 164, 165, 166    13, 4, 13, 10       
                                169, 170, 181, 181    12, 19, 8, 14       
                                182, 183, 185, 185    12, 19, 11, 22      
                                186, 188, 188, 188    10, 4, 11, 14       
                                189, 189, 189, 190    5, 9, 12, 11        
                                192, 192, 193, 193    4, 14, 7, 15        
                                194, 195, 197, 198    19, 4, 15, 11       
                                199, 201, 202, 205    21, 2, 2, 13        
                                206, 207, 209, 209    11, 17, 7, 28       
                                210, 211, 211, 212    25, 7, 14, 6        
                                212, 213, 214, 218    13, 11, 12, 11      
                                222, 224, 226, 230    6, 1, 6, 11         
                                231, 231, 232, 233    15, 31, 4, 13       
                                233, 237, 239, 248    17, 6, 3, 4         
                                248, 249, 249, 250    10, 14, 39, 18      
                                251, 253, 254, 254    4, 4, 6, 8          
                                256, 257, 258, 260    10, 4, 18, 1        
                                262, 262, 262, 262    4, 24, 35, 41       
                                264, 265, 267, 269    5, 16, 17, 9        
                                275, 276, 276, 279    16, 16, 18, 1       
                                280, 470, 475, 813    4, 40, 8, 4         
                                815, 815, 816, 817    2, 4, 2, 2          
                                852, 852, 852, 853    2, 4, 503, 2        
                                854, 945, 958, 958    2, 2, 2, 4          
                                958, 959, 960, 961    44, 2, 2, 36        
                                969, 969, 970, 971    2, 4, 2, 2          
                                985, 985, 986, 987    2, 4, 2, 2          
                                997, 997, 998, 999    2, 4, 2, 2          
                                1028, 1028, 1029, 1030  2, 4, 2, 2          
                                1037, 1037, 1040, 1040  2, 4, 2, 4          
                                1041, 1042, 1049, 1049  2, 2, 2, 4          
                                1049, 1050, 1051, 1077  212, 2, 2, 2        
                                1077, 1077, 1077, 1078  4, 29, 55, 2        
                                1079, 1082, 1084, 1093  2, 10, 16, 2        
                                1093, 1094, 1095, 1099  4, 2, 2, 1          
                                1109, 1111, 1113, 1114  4, 5, 2, 14         
                                1114, 1114, 1115, 1116  18, 24, 7, 5        
                                1117, 1118, 1119, 1120  5, 16, 8, 5         
                                1126                  4                   
нийтлэх                         9, 11, 112, 113       1, 58, 5, 7         
                                114, 142, 144, 661    14, 17, 5, 4        
                                1048                  4                   
үндэсний аюулгүй байдал         11, 49, 238           5, 3, 15            
нийтийн ашиг сонирхол           11, 49, 70            11, 10, 4           
эрх бүхий этгээд                11, 18, 31, 35        39, 10, 13, 5       
                                36, 36, 37, 50        3, 7, 17, 11        
                                82, 84, 102, 109      1, 8, 4, 4          
                                124, 132, 141, 158    18, 2, 11, 10       
                                182, 193, 200, 209    9, 29, 10, 24       
                                212, 217, 231, 249    10, 3, 26, 26       
                                275, 282, 284, 345    21, 6, 4, 6         
                                347, 422, 424, 470    4, 6, 4, 20         
                                472, 482, 484, 508    4, 6, 4, 6          
                                510, 537, 539, 560    4, 6, 4, 6          
                                562, 622, 624, 656    4, 6, 4, 6          
                                658, 662, 664, 692    4, 6, 4, 6          
                                697, 699, 742, 744    6, 4, 6, 4          
                                815, 817, 852, 854    6, 4, 6, 4          
                                958, 960, 969, 971    6, 4, 6, 4          
                                985, 987, 997, 999    6, 4, 6, 4          
                                1028, 1030, 1037, 1040  6, 4, 6, 6          
                                1042, 1049, 1051, 1077  4, 6, 4, 6          
                                1079, 1093, 1095, 1100  4, 6, 4, 9          
эрүүл мэнд                      11, 70, 238, 560      16, 9, 8, 29        
                                567, 1118             3, 4                
үйл ажиллагаа                   11, 17, 18, 19        29, 24, 5, 4        
                                32, 35, 37, 46        14, 15, 6, 3        
                                47, 49, 54, 55        30, 44, 9, 12       
                                57, 57, 57, 58        7, 19, 25, 6        
                                67, 70, 70, 71        6, 20, 31, 4        
                                71, 77, 80, 94        13, 12, 14, 17      
                                114, 120, 129, 130    9, 3, 2, 9          
                                131, 143, 176, 210    7, 8, 4, 18         
                                229, 229, 253, 254    7, 11, 7, 11        
                                262, 270, 275, 279    20, 24, 24, 3       
                                281, 282, 282, 282    6, 49, 70, 189      
                                282, 282, 282, 291    201, 365, 476, 5    
                                293, 305, 325, 344    11, 4, 13, 9        
                                345, 345, 345, 345    28, 40, 70, 105     
                                345, 345, 345, 345    113, 121, 130, 148  
                                345, 345, 345, 345    158, 170, 186, 203  
                                345, 345, 345, 345    213, 222, 241, 251  
                                345, 345, 345, 345    262, 273, 281, 291  
                                345, 345, 345, 345    318, 329, 338, 347  
                                345, 352, 358, 364    370, 3, 2, 6        
                                370, 372, 374, 376    8, 3, 3, 4          
                                380, 382, 384, 386    2, 5, 7, 11         
                                390, 392, 394, 398    5, 5, 4, 5          
                                400, 402, 404, 406    5, 6, 6, 3          
                                408, 412, 414, 416    5, 9, 6, 4          
                                418, 421, 422, 422    4, 10, 102, 118     
                                436, 438, 470, 481    4, 3, 6, 6          
                                482, 503, 507, 508    147, 5, 10, 10      
                                508, 508, 508, 511    22, 44, 82, 2       
                                513, 518, 524, 536    3, 3, 4, 6          
                                537, 537, 537, 537    27, 61, 72, 83      
                                537, 542, 546, 548    118, 6, 10, 2       
                                550, 556, 559, 560    2, 10, 8, 22        
                                560, 565, 604, 621    323, 4, 11, 8       
                                622, 625, 655, 655    14, 6, 3, 8         
                                661, 662, 662, 662    9, 57, 96, 137      
                                662, 662, 662, 671    152, 160, 196, 5    
                                675, 681, 683, 685    3, 5, 6, 3          
                                689, 691, 692, 696    3, 10, 36, 6        
                                697, 697, 697, 697    11, 24, 37, 49      
                                697, 697, 700, 702    62, 333, 3, 4       
                                704, 706, 708, 736    4, 3, 4, 8          
                                741, 814, 851, 852    6, 6, 9, 103        
                                852, 852, 852, 852    115, 163, 175, 194  
                                852, 852, 852, 852    232, 357, 392, 419  
                                852, 852, 869, 869    430, 436, 2, 14     
                                881, 885, 891, 901    3, 4, 4, 4          
                                923, 927, 931, 933    12, 13, 2, 2        
                                933, 957, 968, 969    8, 7, 7, 76         
                                976, 984, 985, 985    23, 10, 25, 67      
                                988, 996, 997, 1017   17, 6, 141, 4       
                                1027, 1036, 1039, 1039  8, 8, 3, 8          
                                1048, 1049, 1049, 1056  9, 29, 182, 2       
                                1076, 1077, 1090, 1092  10, 101, 3, 6       
                                1101, 1109, 1111, 1112  4, 7, 10, 5         
                                1113, 1121            5, 6                
нийтийн өмч                     11, 19, 35, 37        35, 11, 22, 13      
                                62, 70, 71, 75        4, 43, 19, 4        
                                143                   14                  
хүн                             11, 40, 51, 52        14, 7, 8, 17        
                                70, 238, 559, 560     7, 6, 3, 158        
                                560, 584, 586, 1027   174, 1, 1, 3        
                                1129                  4                   
аюул                            11, 40, 70, 238       26, 2, 2, 10        
                                282, 309, 560, 604    228, 4, 317, 5      
                                969, 976, 1037, 1037  73, 20, 10, 25      
                                1118                  9                   
иргэн                           13, 21, 22, 52        9, 3, 2, 21         
                                142, 242, 242, 482    5, 3, 5, 136        
                                482, 482, 502, 504    150, 165, 1, 1      
                                506, 656, 659, 815    1, 11, 3, 22        
                                820, 969, 969, 969    2, 46, 56, 79       
                                975, 976, 977, 1049   1, 3, 1, 10         
                                1049, 1052, 1060, 1122  57, 2, 8, 7         
мөрдөгч                         14, 134, 420, 1133    17, 15, 24, 12      
үйлчлэгч                        16                    4                   
хуулийн этгээд                  17, 27, 31, 32        2, 13, 2, 7         
                                52, 52, 102, 242      6, 13, 32, 11       
                                537, 556, 815, 848    110, 2, 227, 10     
                                985, 997, 1023, 1049  31, 196, 7, 77      
                                1062, 1122, 1126, 1129  3, 8, 2, 5          
газар өмчлөх                    21                    4                   
хувийн хэргээр оршин суугч      22                    25                  
монгол улсын хил                22, 815               12, 237             
монгол улсын виз                22                    19                  
харьяалалгүй хүн                22                    3                   
гадаадын иргэн                  22, 997, 1023         10, 194, 5          
визийн зөвшөөрөл                22                    33                  
цагаачлах                       22                    5                   
арга хэмжээ                     23, 152, 195, 257     7, 19, 21, 24       
                                267, 1109             23, 14              
зохион байгуулагч               23, 55                9, 18               
цуглаан                         23                    2                   
жагсаал                         23                    3                   
газар зүйн заалт                24                    8                   
хамаарах эрх                    24                    5                   
барааны тэмдэг                  24                    11                  
төрийн бус байгууллага          25, 1101              8, 24               
төлөөлөгчийн газар              25, 852, 852, 852     12, 270, 368, 402   
                                852, 852, 909, 925    446, 563, 5, 6      
                                929, 935, 953         5, 5, 11            
салбар                          25, 662, 673, 852     11, 84, 18, 16      
                                852, 852, 852, 852    22, 269, 367, 401   
                                852, 852, 857, 857    445, 562, 3, 9      
                                909, 925, 929, 935    4, 5, 4, 4          
                                953, 985, 985, 988    10, 24, 66, 16      
шашны байгууллага               26                    4                   
гэрээ байгуулах эрх олгох       27                    19                  
төрийн байгууллага              27, 31, 32, 36        5, 8, 23, 19        
                                142, 161, 1110, 1122  6, 28, 5, 10        
бараа                           27, 345, 412          15, 314, 5          
ажил                            27, 96, 152, 159      16, 15, 10, 3       
                                160, 162, 163, 165    3, 20, 9, 9         
                                182, 186, 195, 201    19, 19, 12, 3       
                                202, 204, 205, 207    3, 22, 9, 13        
                                210, 212, 214, 218    21, 21, 8, 20       
                                231, 232, 249, 251    11, 15, 35, 16      
                                257, 277, 277, 482    10, 6, 12, 51       
                                489, 742, 742, 742    7, 22, 46, 71       
                                742, 742, 742, 742    95, 119, 143, 172   
                                742, 742, 742, 742    194, 216, 238, 261  
                                742, 742, 742, 742    284, 307, 330, 354  
                                742, 742, 742, 742    381, 408, 435, 463  
                                742, 742, 745, 747    488, 513, 14, 14    
                                749, 751, 753, 755    15, 14, 14, 14      
                                757, 759, 761, 763    19, 12, 12, 12      
                                765, 767, 769, 771    13, 13, 13, 13      
                                773, 775, 777, 779    14, 17, 17, 17      
                                781, 783, 785, 815    18, 15, 15, 79      
                                815, 815, 826, 828    98, 110, 6, 7       
                                830, 958, 965, 1049   3, 63, 2, 43        
                                1049, 1058, 1060, 1102  68, 5, 19, 2        
үйлчилгээ                       27, 133, 136, 282     17, 2, 6, 175       
                                303, 344, 345, 345    25, 5, 36, 93       
                                356, 368, 422, 422    2, 5, 71, 90        
                                422, 422, 422, 422    152, 161, 171, 180  
                                422, 422, 422, 422    191, 200, 209, 218  
                                422, 422, 422, 422    227, 236, 242, 251  
                                422, 422, 422, 422    264, 273, 281, 290  
                                422, 422, 422, 422    299, 308, 320, 329  
                                422, 422, 422, 422    342, 351, 361, 370  
                                422, 422, 422, 422    380, 389, 399, 408  
                                431, 433, 442, 443    5, 9, 8, 9          
                                444, 445, 446, 447    8, 9, 9, 9          
                                448, 449, 450, 451    7, 9, 7, 9          
                                452, 453, 454, 455    4, 9, 11, 9         
                                456, 457, 458, 459    6, 9, 7, 9          
                                460, 461, 462, 463    10, 9, 11, 9        
                                464, 465, 466, 467    8, 9, 8, 9          
                                468, 469, 482, 482    8, 9, 119, 134      
                                482, 499, 501, 505    163, 4, 5, 7        
                                537, 554, 622, 622    102, 3, 39, 47      
                                622, 622, 622, 622    66, 96, 108, 120    
                                622, 629, 631, 635    133, 4, 3, 4        
                                641, 643, 645, 647    5, 7, 7, 8          
                                662, 677, 692, 692    110, 4, 90, 164     
                                697, 697, 697, 697    100, 135, 155, 174  
                                697, 697, 697, 697    194, 214, 234, 260  
                                712, 716, 718, 720    13, 5, 4, 3         
                                722, 724, 726, 728    4, 4, 4, 10         
                                742, 742, 742, 742    23, 47, 72, 96      
                                742, 742, 742, 742    120, 144, 173, 195  
                                742, 742, 742, 742    217, 239, 262, 285  
                                742, 742, 742, 742    308, 331, 355, 382  
                                742, 742, 742, 742    409, 436, 464, 489  
                                742, 745, 747, 749    514, 15, 15, 16     
                                751, 753, 755, 757    15, 15, 15, 20      
                                759, 761, 763, 765    13, 13, 13, 14      
                                767, 769, 771, 773    14, 14, 14, 15      
                                775, 777, 779, 781    18, 18, 18, 19      
                                783, 785, 851, 852    16, 16, 5, 10       
                                852, 852, 852, 855    110, 152, 169, 2    
                                869, 879, 883, 1037   9, 3, 3, 43         
                                1049, 1049            170, 194            
гүйцэтгэгч                      27, 59, 345, 350      18, 14, 24, 13      
                                815, 815, 826, 830    80, 111, 7, 4       
                                1102                  11                  
зэвсэглэл                       29, 470, 473          3, 25, 3            
үйлдвэрлэгч                     29, 282, 309, 422     7, 235, 11, 59      
                                429, 482, 482, 491    17, 64, 79, 5       
                                493, 508, 515, 560    4, 34, 3, 107       
                                560, 560, 577, 581    143, 301, 3, 9      
                                603, 662, 662, 667    6, 33, 45, 2        
                                669, 692, 692, 692    3, 15, 23, 89       
                                692, 692, 692, 697    135, 150, 183, 95   
                                697, 697, 697, 712    278, 299, 315, 8    
                                730, 732, 734, 742    4, 11, 5, 540       
                                742, 789, 795         621, 2, 2           
дүгнэлт                         31, 116, 161, 162     16, 9, 11, 8        
                                203, 204, 1101, 1107  11, 8, 16, 14       
                                1108, 1114, 1115, 1116  7, 34, 11, 7        
                                1117, 1124, 1124      7, 5, 14            
тодорхойлолт                    31, 33, 161, 162      18, 6, 12, 9        
                                203, 204              12, 9               
хэрэглэгч                       34, 57                3, 13               
этгээд                          36, 37, 39, 47        35, 22, 3, 28       
                                48, 49, 55, 83        34, 40, 3, 5        
                                86, 87, 91, 100       5, 3, 3, 13         
                                104, 106, 107, 114    4, 3, 14, 12        
                                125, 148, 151, 152    3, 3, 3, 3          
                                156, 161, 163, 164    3, 3, 3, 3          
                                166, 169, 173, 174    3, 3, 3, 3          
                                179, 181, 185, 186    3, 3, 3, 3          
                                188, 192, 194, 195    3, 3, 3, 3          
                                198, 203, 205, 206    3, 3, 3, 3          
                                211, 214, 218, 226    3, 3, 3, 3          
                                230, 232, 233, 248    3, 3, 3, 3          
                                251, 255, 256, 258    3, 11, 27, 3        
                                258, 265, 275, 276    13, 3, 10, 9        
                                281, 344, 421, 470    13, 16, 17, 13      
                                481, 507, 536, 559    13, 17, 13, 15      
                                621, 655, 661, 691    15, 15, 16, 17      
                                696, 741, 814, 851    13, 13, 13, 16      
                                852, 852, 865, 879    81, 154, 17, 5      
                                957, 968, 984, 996    14, 14, 17, 13      
                                1027, 1028, 1033, 1036  15, 19, 2, 15       
                                1039, 1048, 1076, 1092  15, 16, 17, 13      
                                1101, 1106, 1109      3, 3, 3             
эрүүл мэндийг хамгаалах         40                    10                  
баримт бичиг                    44, 148, 154, 156     4, 17, 4, 23        
                                187, 188, 188, 189    4, 15, 27, 2        
                                197, 198, 241, 275    4, 23, 4, 13        
                                422, 440              134, 3              
төлбөр                          44, 345, 392, 852     6, 212, 4, 192      
                                852, 891, 913         289, 2, 4           
хураамж                         44, 243               7, 3                
захиргааны байгууллага          47, 47, 49, 49        12, 15, 24, 27      
                                282, 282, 320, 482    196, 313, 6, 141    
                                482, 482, 502, 504    155, 170, 6, 6      
                                506, 560, 560, 560    6, 199, 210, 221    
                                560, 560, 560, 560    234, 251, 268, 282  
                                588, 590, 592, 595    6, 7, 7, 7          
                                597, 599, 601, 662    7, 7, 7, 119        
                                662, 662, 678, 680    131, 145, 8, 6      
                                682, 692, 697, 697    6, 158, 266, 287    
                                697, 697, 729, 731    309, 324, 5, 5      
                                733, 735, 969, 977    5, 5, 84, 6         
                                1028, 1034, 1040, 1040  39, 6, 21, 34       
                                1044, 1047, 1077, 1077  6, 6, 82, 97        
                                1087, 1089            8, 8                
тохиолдол                       47, 48, 50, 52        4, 8, 3, 3          
                                53, 54, 57, 63        3, 3, 3, 4          
                                72, 76, 84, 102       5, 9, 17, 3         
                                109, 130, 166, 180    3, 5, 8, 3          
                                188, 206, 226, 233    10, 10, 5, 12       
                                235, 240, 258, 742    3, 9, 8, 560        
                                742, 742, 742, 742    587, 614, 641, 668  
                                742, 742, 742, 742    695, 723, 751, 808  
                                742, 742, 790, 792    837, 864, 20, 20    
                                794, 796, 798, 800    20, 20, 20, 20      
                                802, 804, 808, 810    20, 20, 20, 20      
                                812, 969, 980         20, 99, 6           
газар                           47, 49, 59, 105       6, 2, 10, 9         
                                269, 282, 282, 282    17, 18, 290, 296    
                                282, 286, 317, 318    438, 2, 3, 3        
                                338, 422, 422, 437    3, 109, 125, 1      
                                439, 470, 470, 474    1, 32, 61, 2        
                                479, 482, 486, 508    10, 15, 2, 18       
                                508, 508, 508, 508    30, 40, 52, 64      
                                508, 508, 512, 514    101, 110, 6, 6      
                                516, 519, 521, 528    6, 6, 6, 4          
                                530, 560, 560, 560    4, 18, 26, 44       
                                560, 560, 560, 564    48, 242, 388, 2     
                                566, 567, 568, 596    2, 18, 2, 7         
                                614, 622, 641, 662    6, 94, 3, 30        
                                662, 662, 662, 662    41, 51, 65, 193     
                                666, 668, 670, 672    6, 6, 6, 6          
                                688, 692, 692, 692    9, 20, 28, 32       
                                692, 692, 692, 692    40, 48, 62, 80      
                                697, 697, 697, 697    19, 32, 45, 57      
                                697, 697, 697, 697    70, 130, 151, 171   
                                697, 697, 697, 697    190, 210, 230, 250  
                                697, 697, 697, 701    274, 341, 353, 6    
                                703, 705, 707, 709    6, 6, 6, 6          
                                715, 717, 719, 721    15, 15, 15, 15      
                                723, 725, 727, 729    15, 15, 15, 13      
                                737, 739, 815, 815    6, 6, 94, 233       
                                828, 849, 958, 962    3, 3, 47, 2         
                                997, 997, 997, 997    23, 38, 96, 112     
                                997, 997, 1000, 1003  125, 136, 2, 2      
                                1010, 1012, 1014, 1016  5, 5, 5, 5          
                                1049, 1049, 1049, 1049  17, 27, 37, 117     
                                1049, 1049, 1053, 1055  135, 233, 2, 2      
                                1057, 1063, 1065, 1102  6, 5, 5, 7          
                                1102, 1104, 1124      10, 9, 17           
захиргаа                        47, 49, 61, 80        8, 20, 9, 7         
                                264, 267, 270, 272    14, 7, 7, 7         
                                282, 282, 282, 282    27, 42, 57, 78      
                                282, 282, 282, 282    90, 104, 120, 148   
                                282, 282, 282, 282    183, 209, 222, 243  
                                282, 282, 282, 282    256, 270, 285, 301  
                                282, 282, 288, 290    439, 484, 6, 6      
                                292, 294, 296, 298    6, 6, 6, 6          
                                300, 302, 304, 306    6, 6, 6, 6          
                                308, 310, 312, 314    6, 6, 6, 6          
                                316, 318, 338, 422    6, 8, 4, 23         
                                422, 422, 422, 422    40, 64, 79, 96      
                                422, 422, 422, 426    113, 129, 142, 5    
                                428, 430, 432, 434    5, 5, 7, 5          
                                437, 439, 441, 482    5, 5, 6, 42         
                                482, 482, 482, 482    57, 73, 84, 98      
                                482, 482, 488, 490    113, 127, 6, 5      
                                492, 494, 496, 498    7, 5, 7, 7          
                                500, 508, 523, 537    7, 76, 6, 19        
                                537, 537, 537, 537    34, 49, 68, 79      
                                541, 543, 545, 547    5, 5, 5, 5          
                                549, 560, 560, 560    5, 61, 73, 86       
                                560, 560, 560, 560    102, 118, 132, 150  
                                560, 560, 560, 560    163, 179, 293, 310  
                                560, 560, 570, 572    330, 342, 6, 6      
                                574, 576, 578, 580    6, 6, 7, 7          
                                582, 584, 586, 622    7, 6, 6, 24         
                                626, 656, 660, 662    8, 24, 5, 91        
                                662, 674, 676, 692    104, 6, 6, 98       
                                692, 692, 692, 697    114, 129, 142, 85   
                                697, 697, 697, 697    107, 121, 142, 162  
                                697, 697, 697, 697    181, 201, 221, 241  
                                711, 713, 715, 717    6, 6, 6, 6          
                                719, 721, 723, 725    6, 6, 6, 6          
                                727, 742, 742, 742    6, 30, 54, 79       
                                742, 742, 742, 742    103, 127, 151, 180  
                                742, 742, 742, 742    202, 224, 246, 269  
                                742, 742, 742, 742    292, 315, 338, 362  
                                742, 742, 742, 742    389, 416, 443, 471  
                                742, 742, 742, 742    496, 521, 536, 779  
                                746, 748, 750, 752    6, 6, 6, 6          
                                754, 756, 758, 760    6, 6, 6, 6          
                                762, 764, 766, 768    6, 6, 6, 6          
                                770, 772, 774, 776    6, 6, 6, 6          
                                778, 780, 782, 784    6, 6, 6, 6          
                                786, 788, 806, 815    6, 6, 18, 18        
                                815, 815, 815, 815    43, 55, 71, 89      
                                815, 815, 815, 815    105, 125, 234, 246  
                                819, 821, 823, 825    6, 6, 6, 6          
                                827, 829, 831, 849    6, 6, 6, 4          
                                958, 964, 969, 969    59, 5, 34, 51       
                                973, 975, 985, 985    7, 6, 48, 76        
                                989, 997, 997, 997    7, 34, 49, 66       
                                997, 997, 997, 997    79, 148, 160, 187   
                                1002, 1004, 1006, 1008  5, 5, 5, 5          
                                1018, 1020, 1022, 1037  5, 5, 5, 21         
                                1037, 1077, 1077, 1077  37, 17, 37, 63      
                                1081, 1083, 1085, 1093  5, 7, 7, 17         
                                1096, 1110, 1126      5, 10, 13           
лиценз                          47                    34                  
байгууллага                     48, 50, 80, 102       2, 6, 9, 16         
                                106, 155, 172, 180    11, 5, 7, 12        
                                227, 238, 264, 267    9, 28, 16, 9        
                                270, 272, 282, 282    9, 9, 29, 44        
                                282, 282, 282, 282    59, 80, 92, 106     
                                282, 282, 282, 282    122, 150, 185, 211  
                                282, 282, 282, 282    224, 245, 258, 272  
                                282, 282, 282, 288    287, 303, 486, 8    
                                290, 292, 294, 296    8, 8, 8, 8          
                                298, 300, 302, 304    8, 8, 8, 8          
                                306, 308, 310, 312    8, 8, 8, 8          
                                314, 316, 318, 345    8, 8, 10, 169       
                                384, 422, 422, 422    6, 25, 42, 66       
                                422, 422, 422, 422    81, 98, 115, 131    
                                422, 426, 428, 430    144, 7, 7, 7        
                                432, 434, 437, 439    9, 7, 7, 7          
                                441, 470, 476, 482    8, 46, 5, 44        
                                482, 482, 482, 482    59, 75, 86, 100     
                                482, 482, 488, 490    115, 129, 8, 7      
                                492, 494, 496, 498    9, 7, 9, 9          
                                500, 508, 508, 508    9, 78, 88, 97       
                                508, 508, 508, 508    106, 115, 123, 131  
                                523, 525, 527, 529    8, 4, 4, 4          
                                531, 533, 535, 537    4, 4, 4, 21         
                                537, 537, 537, 537    36, 51, 70, 81      
                                541, 543, 545, 547    7, 7, 7, 7          
                                549, 560, 560, 560    7, 63, 75, 88       
                                560, 560, 560, 560    104, 120, 134, 152  
                                560, 560, 560, 560    165, 181, 295, 312  
                                560, 560, 570, 572    332, 344, 8, 8      
                                574, 576, 578, 580    8, 8, 9, 9          
                                582, 584, 586, 622    9, 8, 8, 26         
                                626, 656, 660, 662    10, 26, 7, 93       
                                662, 662, 662, 674    106, 157, 165, 8    
                                676, 684, 686, 692    8, 3, 3, 100        
                                692, 692, 692, 697    116, 131, 144, 87   
                                697, 697, 697, 697    109, 123, 144, 164  
                                697, 697, 697, 697    183, 203, 223, 243  
                                711, 713, 715, 717    8, 8, 8, 8          
                                719, 721, 723, 725    8, 8, 8, 8          
                                727, 742, 742, 742    8, 32, 56, 81       
                                742, 742, 742, 742    105, 129, 153, 182  
                                742, 742, 742, 742    204, 226, 248, 271  
                                742, 742, 742, 742    294, 317, 340, 364  
                                742, 742, 742, 742    391, 418, 445, 473  
                                742, 742, 742, 742    498, 523, 538, 781  
                                746, 748, 750, 752    8, 8, 8, 8          
                                754, 756, 758, 760    8, 8, 8, 8          
                                762, 764, 766, 768    8, 8, 8, 8          
                                770, 772, 774, 776    8, 8, 8, 8          
                                778, 780, 782, 784    8, 8, 8, 8          
                                786, 788, 806, 815    8, 8, 20, 20        
                                815, 815, 815, 815    26, 45, 57, 73      
                                815, 815, 815, 815    91, 107, 127, 248   
                                819, 820, 821, 823    8, 6, 8, 8          
                                825, 827, 829, 831    8, 8, 8, 8          
                                852, 852, 852, 937    453, 461, 475, 2    
                                939, 941, 958, 964    2, 2, 61, 7         
                                969, 969, 969, 969    36, 53, 93, 122     
                                973, 975, 979, 981    9, 8, 3, 9          
                                985, 985, 985, 989    50, 78, 86, 9       
                                991, 997, 997, 997    4, 36, 51, 68       
                                997, 997, 997, 997    81, 150, 162, 189   
                                1002, 1004, 1006, 1008  7, 7, 7, 7          
                                1018, 1020, 1022, 1028  7, 7, 7, 17         
                                1028, 1032, 1033, 1037  32, 3, 15, 23       
                                1037, 1049, 1049, 1049  39, 62, 147, 154    
                                1049, 1049, 1049, 1060  161, 188, 218, 13   
                                1067, 1069, 1071, 1077  3, 3, 3, 19         
                                1077, 1077, 1081, 1083  39, 65, 7, 9        
                                1085, 1093, 1096, 1110  9, 19, 7, 19        
үр                              48, 49, 58, 252       25, 13, 26, 8       
                                692, 692, 1107        88, 134, 6          
хариуцагч                       48, 107, 256, 264     35, 15, 20, 17      
                                282, 482, 482, 482    194, 139, 153, 168  
                                502, 504, 506, 560    4, 4, 4, 197        
                                560, 560, 560, 560    208, 219, 232, 249  
                                560, 560, 588, 590    266, 280, 4, 5      
                                592, 595, 597, 599    5, 5, 5, 5          
                                601, 662, 662, 662    5, 117, 129, 143    
                                678, 680, 682, 692    6, 4, 4, 156        
                                697, 697, 697, 697    264, 285, 307, 322  
                                729, 731, 733, 735    3, 3, 3, 3          
                                969, 969, 977, 981    82, 121, 4, 8       
                                1028, 1034, 1040, 1040  37, 4, 19, 32       
                                1044, 1047, 1077, 1077  4, 4, 80, 95        
                                1087, 1089            6, 6                
хангагч                         49, 114, 129, 136     9, 17, 9, 8         
                                142, 153, 158, 196    19, 4, 7, 4         
                                200, 209, 270, 697    7, 21, 31, 97       
                                697, 697, 697, 697    281, 302, 318, 332  
                                712, 730, 732, 734    10, 7, 14, 8        
                                736, 742, 742, 742    7, 788, 817, 844    
                                807, 809, 811, 815    4, 4, 2, 199        
                                815, 843, 848, 1106   226, 11, 9, 7       
хуулийн этгээдийн нэр           51                    11                  
журам                           54, 82, 105, 139      12, 6, 7, 4         
                                150, 220, 220, 222    7, 28, 85, 5        
                                247, 257, 265, 269    6, 6, 14, 15        
                                852, 852, 905, 907    241, 250, 2, 2      
                                1104, 1126            7, 20               
нэг цэгийн үйлчилгээ            55                    14                  
холбоо                          55, 621, 662, 690     5, 2, 200, 2        
                                1036                  2                   
зөвшөөрөл эзэмшигч              57, 133, 193, 209     4, 3, 5, 5          
                                210, 231, 232, 249    5, 9, 9, 9          
                                251, 255, 258         10, 8, 10           
бусад этгээд                    57, 84, 852, 852      34, 26, 423, 434    
                                931, 933, 1049, 1062  6, 6, 79, 5         
зохицуулалт                     58, 742, 742, 742     14, 702, 787, 816   
                                801, 807, 809, 1130   2, 3, 3, 5          
үнэлгээ                         58, 59, 282, 297      33, 8, 97, 5        
                                508, 518, 662, 679    43, 2, 124, 4       
                                985, 993, 1107, 1112  91, 2, 11, 9        
                                1113, 1114, 1120      27, 10, 10          
стандарт                        58, 134               40, 11              
хүрээлэн байгаа орчин           70, 238               11, 12              
үйлдвэрлэл-үйлчилгээний зориулалт  70, 282, 282, 282     38, 262, 397, 444   
                                313, 331, 339         4, 3, 5             
тусгай зөвшөөрөл                70, 71, 74, 77        47, 7, 5, 5         
                                77, 148, 148, 166     16, 4, 13, 4        
                                220, 220, 258, 282    24, 81, 4, 1        
                                282, 283, 284, 345    3, 1, 1, 1          
                                345, 346, 347, 422    3, 1, 1, 1          
                                422, 423, 424, 470    3, 1, 1, 15         
                                470, 471, 472, 482    17, 1, 1, 1         
                                482, 483, 484, 508    3, 1, 1, 1          
                                508, 509, 510, 537    3, 1, 1, 1          
                                537, 538, 539, 560    3, 1, 1, 1          
                                560, 561, 562, 622    3, 1, 1, 1          
                                622, 623, 624, 656    3, 1, 1, 1          
                                656, 657, 658, 662    3, 1, 1, 1          
                                662, 663, 664, 692    3, 1, 1, 1          
                                692, 697, 697, 698    3, 1, 3, 1          
                                699, 742, 742, 743    1, 1, 3, 1          
                                744                   1                   
эрсдэл                          70                    17                  
мэргэжил                        70, 116, 537, 546     30, 4, 55, 4        
                                662, 689, 697, 697    195, 2, 10, 23      
                                697, 697, 697, 700    36, 48, 61, 2       
                                702, 704, 706, 708    3, 3, 2, 3          
                                1028, 1034            34, 1               
шинжээч                         71, 1111, 1128        3, 24, 11           
шийдвэр                         88, 94, 95, 96        15, 15, 9, 5        
                                96, 97, 97, 106       12, 8, 16, 10       
                                125, 163, 168, 169    9, 16, 6, 15        
                                170, 170, 172, 174    5, 15, 8, 4         
                                180, 182, 183, 183    13, 8, 5, 15        
                                185, 186, 186, 189    4, 9, 16, 11        
                                205, 207, 212, 213    17, 10, 9, 5        
                                213, 214, 218, 218    7, 4, 10, 17        
                                227, 232, 238, 251    10, 7, 29, 8        
                                262, 262, 265, 267    18, 31, 10, 16      
                                270, 852, 861, 1110   16, 47, 5, 9        
хяналт тавих                    89, 275, 1099, 1100   7, 19, 5, 7         
                                1101, 1109            6, 9                
мэдээ                           90, 228               6, 3                
өргөдөл                         94, 100, 100, 140     8, 3, 10, 5         
                                142, 142, 150, 157    3, 11, 5, 22        
                                193, 199, 209, 262    19, 24, 11, 11      
шалгагч                         94, 152, 153, 156     14, 17, 8, 16       
                                158, 161, 162, 163    16, 5, 2, 5         
                                195, 196, 198, 200    19, 8, 16, 16       
                                203, 204, 205, 262    5, 2, 5, 17         
нээлт                           94, 275               26, 28              
мэдээллийн нэгдсэн сан          96, 97, 124, 186      8, 11, 3, 12        
                                218, 261, 262         13, 5, 37           
мэдээлэл                        100, 122, 124, 161    18, 8, 10, 9        
                                172, 180, 203, 260    12, 9, 9, 3         
                                262, 265, 267, 269    33, 9, 15, 4        
                                269, 270, 272, 274    12, 15, 18, 5       
                                275, 276, 345, 352    27, 4, 27, 2        
                                621, 852, 879, 985    3, 151, 2, 21       
                                985, 988, 1036        63, 13, 3           
хуулийн этгээдийн улсын бүртгэл  102                   20                  
цахим хуудас                    106                   12                  
гэрээ                           108, 109, 110         5, 18, 4            
чадамж                          115, 242              5, 9                
мэргэшил                        116, 1111             5, 19               
хүсэлт                          121, 124, 149, 185    4, 21, 22, 13       
                                188, 233, 236, 237    6, 15, 3, 9         
                                275                   8                   
талууд                          124, 125, 154, 156    17, 10, 14, 10      
                                156, 170, 183, 197    27, 13, 13, 14      
                                198, 198, 232, 251    10, 27, 8, 9        
                                1101, 1107, 1114, 1116  14, 8, 33, 6        
тал                             124, 125, 154, 156    17, 10, 14, 10      
                                156, 170, 183, 197    27, 13, 13, 14      
                                198, 198, 232, 251    10, 27, 8, 9        
                                1101, 1107, 1114, 1116  14, 8, 33, 6        
эс үйлдэхүй                     125                   7                   
гомдол                          125, 142, 250, 1125   15, 12, 15, 11      
                                1126                  12                  
татвар төлөгчийн гэрчилгээ      132                   16                  
мөнгө угаах                     133                   5                   
терроризм                       133                   8                   
техникийн зохицуулалт           134                   12                  
нотлох баримт                   144, 147              9, 7                
улсын тэмдэгтийн хураамж        145, 170, 183, 243    4, 7, 7, 12         
нийтийн мэдээлэл                149, 161, 192         7, 14, 16           
баримт бичгийн бүрдэл           152, 156, 195, 198    14, 13, 16, 13      
бүрдэл                          153, 154, 196, 197    3, 9, 3, 9          
мэдэгдэл                        156, 164, 165, 165    28, 8, 5, 6         
                                192, 198, 230, 231    13, 28, 15, 5       
                                248, 249, 250         14, 5, 14           
мэргэжлийн байгууллага          162, 204, 282, 282    6, 6, 47, 187       
                                282, 282, 291, 305    199, 474, 3, 2      
                                422, 422, 436, 438    105, 121, 7, 6      
                                985, 993              92, 3               
үнэт цаас                       188, 345, 370, 852    24, 99, 2, 382      
                                852, 852, 927, 927    386, 547, 3, 7      
                                951                   6                   
гэрчилгээ                       188, 622, 625, 1049   18, 12, 4, 150      
                                1068                  3                   
татварын өр                     210                   14                  
тэмдэглэл                       214                   16                  
сонгогч                         219, 220              5, 83               
тайлбар                         231, 249, 250         22, 22, 8           
их хэмжээний хохирол            238                   21                  
шийдвэр гаргах эрх бүхий этгээд  256                   12                  
эрх шилжүүлэн авагч             256                   24                  
урьдчилан сэргийлэх             257                   22                  
агуулах                         262, 282, 301, 985    34, 136, 14, 81     
                                990                   3                   
сан                             262, 262, 264, 265    43, 48, 7, 18       
                                267, 269, 269, 270    19, 3, 8, 17        
                                852, 852, 919, 939    324, 463, 6, 4      
                                1049, 1054            20, 3               
дэлхийн дулааралд нөлөөлөх чадвар өндөртэй бодис  282, 282, 301, 303    125, 153, 3, 3      
хог хаягдлын төвлөрсөн цэг      282, 325              354, 2              
хог хаягдал сэргээн ашиглах     282, 325              359, 7              
эрх бүхий албан тушаалтан       282                   465                 
ховор амьтан                    282, 285, 815, 826    10, 2, 75, 2        
сэргээн нутагшуулах             282, 287              20, 2               
хог хаягдал                     282, 293              61, 2               
уламжлалт мэдлэг                282, 299              112, 6              
тоног төхөөрөмж                 282, 282, 301, 303    138, 170, 16, 20    
                                422, 460, 697, 712    315, 5, 90, 3       
амьтны цуглуулга                282, 311              248, 3              
газар ашиглах                   282, 317              292, 5              
чөлөөт бүс                      282, 282, 324, 324    346, 350, 9, 13     
                                692, 692, 815, 815    172, 176, 151, 155  
                                835, 835, 1077, 1077  9, 13, 110, 114     
                                1091, 1091            7, 11               
агнуурын амьтан                 282, 282, 328, 815    375, 386, 3, 180    
                                841                   3                   
ус ашиглагч                     282, 282, 335, 337    422, 434, 4, 5      
                                815, 815, 846, 848    211, 229, 5, 12     
амьтан                          282, 282, 282, 291    46, 213, 323, 2     
                                307, 321, 560, 567    2, 9, 33, 7         
                                692, 815, 830, 1077   146, 117, 10, 67    
                                1077, 1077, 1086, 1087  76, 91, 2, 2        
                                1089                  2                   
тээвэрлэгч                      282, 282, 293, 309    63, 234, 4, 10      
                                560, 560, 560, 598    259, 286, 357, 7    
                                602, 608, 997, 1019   3, 5, 155, 5        
                                1028, 1031            14, 6               
бүтээгдэхүүн                    282, 301, 345, 345    137, 15, 355, 368   
                                422, 429, 560, 573    58, 16, 78, 3       
                                697, 730, 1049, 1062  277, 3, 90, 16      
систем                          282, 303              163, 13             
ой                              282, 282, 282, 340    192, 448, 460, 2    
ургамал                         282, 282, 282, 313    260, 324, 396, 2    
                                321, 331, 692, 692    10, 2, 25, 133      
                                697, 710, 815, 815    75, 4, 47, 61       
                                815, 822, 824, 843    190, 2, 4, 2        
эм                              282, 313, 692, 697    261, 3, 147, 77     
                                697, 697, 697, 697    262, 283, 293, 298  
                                697, 697, 697, 697    305, 312, 320, 327  
                                710, 729, 731, 732    6, 1, 1, 5          
                                732, 733, 734, 735    10, 1, 2, 1         
                                736, 1077, 1086, 1093  2, 70, 5, 13        
                                1096                  1                   
зөвлөл                          282, 322, 422, 422    334, 3, 163, 182    
                                422, 422, 422, 422    202, 220, 238, 253  
                                422, 422, 422, 422    275, 292, 310, 331  
                                422, 422, 422, 422    353, 372, 391, 410  
                                443, 445, 447, 449    11, 11, 11, 11      
                                451, 453, 455, 457    11, 11, 11, 11      
                                459, 461, 463, 465    11, 11, 11, 11      
                                467, 469, 537, 557    11, 11, 125, 5      
                                742, 742, 742, 742    565, 592, 619, 646  
                                742, 742, 742, 742    673, 700, 728, 756  
                                742, 742, 742, 790    813, 842, 869, 25   
                                792, 794, 796, 798    25, 25, 25, 25      
                                800, 802, 804, 808    25, 25, 25, 25      
                                810, 812, 852, 907    25, 25, 259, 11     
                                997, 1024, 1101, 1101  204, 3, 32, 34      
                                1103                  11                  
нийслэл                         282, 282, 282, 282    340, 370, 381, 415  
                                282, 324, 326, 327    426, 3, 3, 3        
                                334, 336, 537, 537    3, 3, 88, 97        
                                551, 553, 560, 560    3, 3, 393, 403      
                                560, 615, 617, 619    413, 3, 3, 3        
                                662, 688, 692, 692    187, 3, 168, 186    
                                697, 697, 697, 697    127, 148, 168, 187  
                                697, 697, 697, 697    207, 227, 247, 271  
                                697, 697, 715, 717    338, 350, 12, 12    
                                719, 721, 723, 725    12, 12, 12, 12      
                                727, 729, 737, 739    12, 10, 3, 3        
                                742, 742, 742, 742    563, 590, 617, 644  
                                742, 742, 742, 742    671, 698, 726, 754  
                                742, 742, 742, 790    811, 840, 867, 23   
                                792, 794, 796, 798    23, 23, 23, 23      
                                800, 802, 804, 808    23, 23, 23, 23      
                                810, 812, 815, 815    23, 23, 136, 145    
                                833, 835, 958, 966    3, 3, 68, 3         
                                969, 973, 1049, 1049  39, 12, 177, 201    
сум                             282, 282, 282, 282    341, 391, 401, 463  
                                324, 329, 332, 537    4, 2, 2, 105        
                                555, 662, 662, 662    2, 16, 74, 149      
                                662, 665, 673, 683    188, 8, 8, 3        
                                688, 815, 815, 815    4, 146, 166, 174    
                                815, 815, 815, 835    185, 203, 214, 4    
                                837, 840, 842, 844    2, 2, 2, 2          
                                847, 1077, 1091       2, 105, 2           
суваг                           282, 333, 622, 635    410, 6, 64, 2       
банк                            344, 851, 852, 852    2, 2, 13, 20        
                                852, 852, 852, 852    21, 25, 73, 160     
                                852, 856, 857, 857    217, 2, 7, 8        
                                858, 865, 880, 898    2, 9, 2, 2          
                                985, 985, 988         17, 59, 9           
цахим төлбөр тооцоо, мөнгөн гуйвуулгын үйлчилгээ  345, 366              79, 4               
биржийн арилжааны зуучлагч /брокер/-ийн үйл ажиллагаа  345, 345, 410         300, 356, 4         
давхар даатгалын үйл ажиллагаа  345, 378              139, 4              
санхүүгийн зохицуулах хороо     345, 345, 345, 345    43, 53, 62, 73      
                                345, 345, 345, 345    86, 95, 108, 116    
                                345, 345, 345, 345    124, 133, 144, 151  
                                345, 345, 345, 345    161, 173, 189, 196  
                                345, 345, 345, 345    206, 216, 225, 234  
                                345, 345, 345, 345    244, 254, 265, 276  
                                345, 345, 345, 345    284, 294, 307, 321  
                                345, 345, 345, 345    332, 341, 350, 363  
                                345, 359, 361, 363    373, 1, 1, 1        
                                365, 367, 369, 371    1, 1, 1, 1          
                                373, 375, 377, 379    1, 1, 1, 1          
                                381, 383, 385, 387    1, 1, 1, 1          
                                389, 391, 393, 395    1, 1, 1, 1          
                                397, 399, 401, 403    1, 1, 1, 1          
                                405, 407, 409, 411    1, 1, 1, 1          
                                413, 415, 417, 419    1, 1, 1, 1          
                                852, 852, 852, 852    246, 263, 274, 283  
                                852, 852, 852, 852    293, 306, 316, 332  
                                852, 852, 852, 852    343, 360, 377, 395  
                                852, 852, 852, 852    415, 426, 439, 449  
                                852, 852, 852, 852    457, 471, 480, 499  
                                852, 852, 852, 852    510, 531, 539, 550  
                                852, 852, 906, 908    566, 574, 1, 1      
                                910, 912, 914, 916    1, 1, 1, 1          
                                918, 920, 922, 924    1, 1, 1, 1          
                                926, 928, 930, 932    1, 1, 1, 1          
                                934, 936, 938, 940    1, 1, 1, 1          
                                942, 944, 946, 948    1, 1, 1, 1          
                                950, 952, 954, 956    1, 1, 1, 1          
дилерийн үйл ажиллагаа          345, 396              230, 3              
хөрөнгө оруулалтын сан          345, 408              288, 2              
үнэт цаас гаргагч               345, 414, 852, 852    326, 3, 32, 70      
                                852, 859, 865, 897    210, 7, 6, 2        
гадаадын валют                  345, 345, 350, 360    16, 49, 5, 4        
                                852, 871              119, 2              
гадаад валют                    345, 345, 350, 360    16, 49, 5, 4        
                                852, 871              119, 2              
тооцооны нэгж                   345, 350              18, 7               
төлбөр тооцоо                   345, 350              22, 11              
итгэлцлийн үйлчилгээ            345, 362              59, 4               
эд хөрөнгө                      345, 384              166, 3              
үнэт чулуу                      345, 386              178, 3              
хөрөнгө оруулалт                345, 402, 507, 537    259, 3, 5, 10       
                                540, 984              2, 5                
зээл                            345, 345, 364, 406    68, 280, 4, 2       
                                852, 852, 877, 881    141, 162, 2, 2      
хөрөнгө                         345, 370, 852, 852    101, 4, 37, 76      
                                852, 859, 865, 887    180, 12, 12, 2      
                                985, 993              90, 1               
ажилгүй                         345, 345, 410, 412    298, 311, 2, 2      
                                421, 691, 692, 692    5, 3, 57, 75        
                                692, 692, 692, 692    93, 109, 124, 137   
                                692, 1049, 1064, 1076  153, 122, 5, 3      
                                1077, 1077, 1083, 1085  32, 58, 2, 2        
хот байгуулалт                  421, 422, 441, 957    2, 137, 1, 2        
ус хангамжийн эх үүсвэрийн барилга байгууламж  422, 462              334, 3              
эрчим хүч хэмнэлт               422, 429              55, 13              
барилга байгууламж              422, 422, 425, 427    14, 31, 6, 6        
                                662, 687, 742, 742    168, 3, 526, 759    
                                787, 805, 958, 961    3, 3, 40, 32        
зураг төсөл                     422, 425, 482, 487    16, 8, 24, 9        
                                742, 787              528, 5              
барилгын ажил                   422, 427, 958, 961    33, 8, 42, 34       
зураг зүй                       422, 422, 431, 432    68, 74, 2, 2        
цэвэрлэх байгууламж             422, 450              223, 3              
бохир ус                        422, 454              258, 5              
геодези                         422, 432              73, 1               
зохиогч                         422, 436              100, 2              
ус                              422, 422, 422, 422    146, 155, 165, 174  
                                422, 422, 422, 422    184, 194, 204, 212  
                                422, 422, 422, 422    222, 230, 240, 245  
                                422, 422, 422, 422    267, 284, 302, 323  
                                422, 422, 422, 422    345, 356, 364, 374  
                                422, 422, 422, 442    383, 393, 402, 2    
                                443, 444, 445, 446    3, 2, 3, 2          
                                447, 448, 449, 450    3, 2, 3, 2          
                                451, 452, 453, 455    3, 2, 3, 3          
                                457, 459, 461, 463    3, 3, 3, 3          
                                464, 465, 466, 467    3, 3, 2, 3          
                                468, 469, 815, 815    2, 3, 31, 225       
                                820, 848              11, 8               
шугам                           422, 422, 422, 422    148, 167, 187, 260  
                                422, 422, 442, 444    376, 395, 4, 4      
                                446, 454, 466, 468    5, 7, 4, 4          
                                742, 742, 742, 742    86, 110, 134, 163   
                                742, 742, 742, 742    370, 397, 424, 452  
                                742, 742, 742, 742    545, 572, 599, 626  
                                742, 742, 742, 742    653, 680, 708, 736  
                                742, 742, 742, 742    766, 793, 822, 849  
                                751, 753, 755, 757    5, 5, 5, 10         
                                775, 777, 779, 781    6, 6, 6, 7          
                                790, 792, 794, 796    5, 5, 5, 5          
                                798, 800, 802, 804    5, 5, 5, 5          
                                806, 808, 810, 812    5, 5, 5, 5          
                                969, 972              13, 5               
ашиглалт                        422, 422, 422, 422    150, 159, 169, 178  
                                422, 422, 422, 422    189, 198, 216, 225  
                                422, 422, 422, 422    234, 249, 262, 271  
                                422, 422, 422, 422    279, 288, 297, 306  
                                422, 422, 422, 422    327, 340, 349, 359  
                                422, 422, 422, 422    368, 378, 387, 397  
                                422, 442, 443, 444    406, 6, 7, 6        
                                445, 446, 447, 449    7, 7, 7, 7          
                                450, 451, 453, 454    5, 7, 7, 9          
                                455, 456, 457, 458    7, 4, 7, 5          
                                459, 461, 462, 463    7, 7, 9, 7          
                                464, 465, 466, 467    6, 7, 6, 7          
                                468, 469, 560, 560    6, 7, 302, 378      
                                603, 612, 622, 622    7, 6, 107, 119      
                                643, 645              6, 6                
цэргийн мэргэжлийн удирдлага    470, 476, 1049        42, 1, 214          
агаарын цэрэг                   470, 479, 1049        54, 3, 226          
нислэг                          470, 478, 482, 503    50, 4, 146, 4       
                                969, 969, 974, 976    44, 72, 3, 19       
                                1049                  222                 
техник, технологийн хяналт      482, 487              30, 15              
техникийн хяналтын үзлэг        482, 489              47, 3               
тээвэрлэлтийн үйл ажиллагаа     482, 497              103, 3              
усан замын тээвэр               482, 500              121, 1              
суурь бүтэц                     482, 482, 485, 495    11, 89, 3, 3        
замын байгууламж                482, 487, 969, 969    18, 3, 96, 116      
                                980, 981              3, 3                
зөвлөх үйлчилгээ                482, 487, 508, 522    34, 19, 68, 3       
авто зам                        482, 488, 969, 969    37, 1, 22, 114      
                                972, 981              14, 1               
нисэх буудал                    482, 505              161, 5              
зам                             482, 482, 482, 482    10, 17, 68, 88      
                                482, 482, 482, 482    93, 102, 108, 117   
                                485, 487, 492, 495    2, 2, 2, 2          
                                496, 497, 498, 499    2, 2, 2, 2          
                                662, 687, 958, 961    170, 5, 18, 10      
                                969, 969, 973, 980    28, 95, 1, 2        
                                1049, 1062            83, 9               
аэродром                        482, 505              160, 4              
гишүүн                          508, 508, 508, 508    19, 31, 41, 53      
                                508, 512, 514, 516    65, 7, 7, 7         
                                519, 521, 662, 662    7, 7, 31, 42        
                                662, 662, 666, 668    52, 66, 7, 7        
                                670, 672, 692, 692    7, 7, 21, 49        
                                692, 692, 697, 697    63, 81, 20, 33      
                                697, 697, 697, 701    46, 58, 71, 7       
                                703, 705, 707, 709    7, 7, 7, 7          
                                997, 997, 997, 997    97, 113, 126, 137   
                                1010, 1012, 1014, 1016  6, 6, 6, 6          
                                1049, 1057, 1104      38, 7, 2            
техникийн боловсрол             537, 546              57, 6               
боловсролын байгууллага         537, 556              114, 6              
хөтөлбөр                        537, 544              39, 3               
цацраг идэвхт хаягдал булшлах   560, 608              360, 8              
тэсэлгээний ажил явуулах        560, 579              123, 3              
ашигт малтмал ашиглах           560, 560, 594, 616    225, 398, 3, 3      
ашигт малтмал эрэх              560, 600              272, 3              
ашигт малтмал хайх              560, 618              408, 3              
газрын тос                      560, 560, 560, 560    56, 68, 81, 97      
                                560, 560, 560, 570    186, 191, 194, 1    
                                572, 574, 576, 587    1, 1, 1, 5          
                                587, 588              10, 1               
бусад газар                     560, 575              92, 4               
тэсэлгээний хэрэгсэл            560, 581, 1028, 1028  139, 5, 12, 26      
                                1031, 1033            4, 9                
эрдэнийн чулуу                  560, 585, 852, 863    168, 3, 57, 5       
ашигт малтмал                   560, 560, 596, 598    238, 255, 3, 3      
цөмийн энерги                   560, 560, 560, 560    350, 364, 370, 380  
                                607, 609, 611, 613    1, 1, 1, 1          
мал                             560, 567, 692, 692    31, 5, 68, 103      
                                1077, 1077, 1087, 1089  75, 90, 1, 1        
комисс                          560, 560, 560, 560    352, 366, 372, 382  
                                607, 609, 611, 613    3, 3, 3, 3          
радио, телевизийн үйлчилгээ     622, 622, 622, 622    28, 55, 74, 148     
                                627, 633, 637, 651    2, 3, 3, 2          
радио давтамжийн зурвас         622, 639              84, 3               
зохицуулах хороо                622, 622, 622, 622    34, 43, 51, 61      
                                622, 622, 622, 622    70, 80, 90, 100     
                                622, 622, 622, 622    112, 124, 137, 145  
                                622, 622, 628, 630    154, 163, 3, 3      
                                632, 634, 636, 638    3, 3, 3, 3          
                                640, 642, 644, 646    3, 3, 3, 3          
                                648, 650, 652, 654    3, 3, 3, 3          
                                742, 742, 742, 742    557, 584, 611, 638  
                                742, 742, 742, 742    665, 692, 720, 748  
                                742, 742, 742, 742    783, 805, 834, 861  
                                790, 792, 794, 796    17, 17, 17, 17      
                                798, 800, 802, 804    17, 17, 17, 17      
                                806, 808, 810, 812    22, 17, 17, 17      
                                1037                  49                  
шуудангийн үйлчилгээ            622, 622, 649, 653    140, 158, 2, 3      
сүлжээ                          622, 622, 622, 622    37, 104, 116, 128   
                                629, 643, 645, 647    2, 3, 3, 3          
нэвтрүүлэг                      622, 637              73, 2               
зуучлах үйлчилгээ               656, 659              17, 9               
галт зэвсэгтэй адилтгах хэрэгсэл  662, 662, 665, 673    19, 77, 11, 11      
галт зэвсэг                     662, 662, 665, 673    14, 72, 6, 6        
                                1049, 1066            139, 4              
оюуны өмч                       662, 682              140, 1              
зар сурталчилгаа                662, 687, 1093        182, 17, 10         
архив                           662, 678, 1049, 1054  112, 1, 19, 2       
спорт                           662, 683              151, 5              
хөдөлгөөн                       662, 687              178, 13             
малын үржүүлгийн бүтээгдэхүүн   692, 692, 1077, 1084  104, 118, 43, 4     
согтууруулах ундаа              692, 692              13, 181             
эмнэлгийн хэрэгсэл              692, 697, 697, 734    148, 313, 328, 3    
                                736, 1077, 1086       3, 71, 6            
технологи                       692, 692              10, 180             
хүнс                            692, 692, 815, 843    16, 44, 194, 6      
                                1077, 1077, 1080, 1081  10, 13, 2, 1        
эрүүл мэндийн тусламж, үйлчилгээ  697, 697, 714, 738    111, 343, 2, 2      
сэтгэцэд нөлөөлөх эм            697, 732              290, 2              
протез                          697, 712              94, 7               
халдваргүйжүүлэх                697, 728              256, 6              
эрчим хүчний барилга байгууламж барих  742, 806              772, 11             
эрчим хүчний эх үүсвэр          742, 742, 742, 745    11, 35, 60, 3       
                                747, 749              3, 4                
төвлөрсөн дулаан хангамж        742, 742, 742, 742    549, 576, 603, 630  
                                742, 742, 742, 742    657, 684, 712, 740  
                                742, 742, 742, 790    797, 826, 853, 9    
                                792, 794, 796, 798    9, 9, 9, 9          
                                800, 802, 804, 808    9, 9, 9, 9          
                                810, 812              9, 9                
эрчим хүч                       742, 742, 742, 742    25, 49, 74, 98      
                                742, 742, 742, 742    122, 146, 175, 197  
                                742, 742, 742, 742    219, 241, 264, 287  
                                742, 742, 742, 742    310, 333, 357, 384  
                                742, 742, 742, 742    411, 438, 466, 491  
                                742, 742, 742, 742    516, 531, 555, 582  
                                742, 742, 742, 742    609, 636, 663, 690  
                                742, 742, 742, 742    718, 746, 803, 832  
                                742, 746, 748, 750    859, 1, 1, 1        
                                752, 754, 756, 758    1, 1, 1, 1          
                                760, 762, 764, 766    1, 1, 1, 1          
                                768, 770, 772, 774    1, 1, 1, 1          
                                776, 778, 780, 782    1, 1, 1, 1          
                                784, 786, 788, 790    1, 1, 1, 15         
                                792, 794, 796, 798    15, 15, 15, 15      
                                800, 802, 804, 808    15, 15, 15, 15      
                                810, 812              15, 15              
нэгдсэн сүлжээ                  742, 742, 742, 742    547, 574, 601, 628  
                                742, 742, 742, 742    655, 682, 710, 738  
                                742, 742, 742, 790    795, 824, 851, 7    
                                792, 794, 796, 798    7, 7, 7, 7          
                                800, 802, 804, 808    7, 7, 7, 7          
                                810, 812              7, 7                
усны сан бүхий газар            815, 820              27, 7               
ус хангамжийн эх үүсвэр         815, 848              221, 4              
аж ахуйн нэгж                   815, 820, 1049, 1060  23, 3, 59, 10       
орчны газар                     815, 833              138, 5              
цуглуулга                       815, 818              10, 2               
халдвар                         815, 830              112, 5              
богино хугацаат санхүүгийн хэрэгсэлд хөрөнгө оруулалт хийх  852, 915              299, 4              
үнэт цаасны анхдагч зах зээл    852, 943              490, 8              
нөлөө бүхий хувьцаа эзэмшигч    852, 865              82, 18              
үл хөдлөх эд хөрөнгө            852, 923              349, 4              
төлбөр тооцоо хийх              852, 873              129, 3              
даатгалын үйл ажиллагаа         852, 852, 852, 905    242, 373, 411, 3    
                                925, 929              11, 14              
төлбөрийн баталгаа гаргах       852, 911              280, 4              
үнэт цаасны бүртгэгч            852, 852, 943, 955    487, 571, 5, 3      
үнэт металл                     852, 863              55, 3               
төлбөрийн үйлчилгээ             852, 852, 869, 875    106, 136, 5, 4      
төлбөрт үйлчилгээ               852, 852, 869, 875    106, 136, 5, 4      
зээлийн мэдээлэл                852, 869              108, 7              
мөнгөн хадгаламж                852, 885              173, 2              
үүрэг гүйцэтгэгч                852, 889              188, 4              
гуравдагч этгээд                852, 899              222, 5              
батлан даалт                    852, 899              225, 8              
санхүүгийн байгууллага          852, 852, 852, 917    311, 321, 337, 3    
                                919, 921              3, 3                
даатгалын гэрээ                 852, 945              507, 6              
зах зээл                        852, 852, 947, 953    515, 555, 3, 3      
зохицуулалттай этгээд           852, 852, 947, 953    518, 558, 6, 6      
хувьцаа                         852, 852, 852, 852    28, 30, 44, 67      
                                852, 852, 852, 852    68, 89, 91, 327     
                                852, 852, 852, 859    466, 520, 523, 3    
                                859, 861, 865, 865    5, 2, 3, 4          
                                865, 865, 919, 939    25, 27, 9, 7        
                                947, 947, 985, 1049   8, 11, 35, 95       
                                1049, 1062, 1062      100, 21, 26         
шилжүүлэг                       852, 887              182, 4              
дүрэм                           852, 907              253, 5              
нэгж                            852, 909              272, 7              
даатгагч                        852, 925              364, 2              
зуучлагч                        852, 927              391, 12             
санал                           852, 852, 943, 943    484, 496, 2, 14     
                                1101, 1107, 1108, 1110  15, 13, 6, 16       
                                1111, 1124            13, 13              
танилцуулга                     852, 949              536, 3              
газрын тосны боловсруулах үйлдвэр  958, 961              29, 21              
түүхий тос                      958, 961              33, 25              
нисэх                           958, 961              19, 11              
агаарын зам                     969, 976              64, 11              
тээврийн хэрэгсэл               969, 980              111, 18             
орц                             969, 972              25, 17              
овор                            969, 980              104, 11             
төрийн өмчит хуулийн этгээд     985, 985, 988         10, 52, 2           
соёлын биет бус өв              997, 1011             102, 5              
соёлын биет өв                  997, 1013             116, 3              
мэргэжлийн сургалт              997, 1001             27, 4               
хэлэлцээр                       997, 1003             40, 4               
хайгуул                         997, 1009             88, 7               
ажилтан                         997, 1017, 1040, 1040  139, 2, 10, 24      
                                1043, 1045            2, 2                
кино                            997, 997, 1023, 1024  198, 202, 9, 1      
тэсэрч дэлбэрэх бодис           1028, 1033            23, 6               
эрсдэлийн үнэлгээ               1037                  27                  
уригч                           1040, 1043            15, 7               
улсын хил хамгаалах байгууллага  1049, 1049, 1059, 1061  46, 71, 1, 1        
харилцан хамаарал бүхий этгээд  1049, 1062            107, 33             
авто замын зурвас газар         1049                  165                 
ижил төрлийн бараа              1049, 1062            87, 13              
хилийн бүс                      1049, 1060            65, 16              
бараа бүтээгдэхүүн              1049, 1064            125, 8              
суурин газар                    1049                  163                 
шүүх шинжилгээ                  1049                  185                 
өрсөлдөгч                       1049, 1062            92, 18              
компани                         1049, 1062            93, 19              
мал эмнэлгийн гэрчилгээ         1077, 1088            86, 3               
тэжээлийн нэмэлт                1077, 1086            68, 3               
сорьц                           1077, 1084            52, 13              
удирдлага                       1106                  6                   
тусгай мэдлэг                   1111                  17                  
зөвлөмж                         1111                  14                  
мэргэжилтэн                     1111                  25                  
шалгуур үзүүлэлт                1113, 1117            23, 9               
хуулийн төсөл                   1114, 1131            29, 12              
аж ахуй эрхлэгч                 1121                  3                   
төсөл                           1123                  15                  
төсөв                           1131                  22                  
