File: MNCLW00360.txt
Search Method: Aho-Corasick
Total runtime: 0.000469s
Found terms: 78

Term                            Line                  Word Place          

хүү                             5                     3                   
монгол улсын нэгдсэн төсв       6, 7                  1, 1                
төсвийн хүрээний мэдэгдэл       6, 9, 10, 11          7, 9, 9, 6          
                                14                    1                   
төсв                            6, 7, 8, 9            12, 7, 4, 14        
                                10, 11, 11, 15        14, 9, 161, 1       
                                84                    7                   
мэдэгдэл                        8                     1                   
нэгдсэн төсв                    9, 10, 11, 11         5, 5, 56, 76        
                                11, 39, 48, 66        114, 1, 1, 1        
нэгдсэн төсвийн тэнцвэржүүлсэн орлого  11, 30                37, 1               
нэгдсэн төсвийн тэнцвэржүүлсэн орлог  11, 30                37, 1               
нэгдсэн төсвийн тэнцвэржүүлсэн тэнцэл  11, 57                96, 1               
засгийн газрын өр               11, 75                133, 1              
үнэ цэн                         11, 75                139, 7              
үнэ цэнэ                        11, 75                139, 7              
нийгмийн халамж                 11, 84                155, 1              
этгээд                          11, 13                2, 1                
баар                            11, 20                21, 4               
бүтээгдэхүүн                    11, 11, 11, 11        49, 69, 89, 107     
                                11, 11, 11, 34        126, 148, 173, 3    
                                43, 52, 61, 70        3, 3, 3, 3          
                                79, 88                3, 3                
зарлг                           11, 11, 39, 48        59, 79, 4, 4        
зарлаг                          11, 11, 39, 48        59, 79, 4, 4        
зарлиг                          11, 11, 39, 48        59, 79, 4, 4        
зарлага                         11, 11, 39, 48        59, 79, 4, 4        
хөрөнг                          11, 66                116, 3              
хөрөнгө                         11, 66                116, 3              
