File: MNCLW00352.txt
Search Method: Aho-Corasick
Total runtime: 0.000500s
Found terms: 72

Term                            Line                  Word Place          

хүү                             5                     2                   
монгол улсын нэгдсэн төсв       6                     1                   
төсвийн хүрээний мэдэгдэл       6, 8, 9, 10           7, 7, 7, 5          
                                12                    1                   
төсв                            6, 8, 9, 10           12, 12, 12, 8       
                                10, 13, 82            162, 1, 7           
нэгдсэн төсвийн тэнцвэржүүлсэн орлого  10, 28                36, 1               
нэгдсэн төсвийн тэнцвэржүүлсэн орлог  10, 28                36, 1               
нэгдсэн төсвийн тэнцвэржүүлсэн тэнцэл  10, 55                97, 1               
нэгдсэн төсв                    10, 10, 10, 37        56, 77, 116, 1      
                                46, 64                1, 1                
үнэ цэн                         10, 73                140, 6              
үнэ цэнэ                        10, 73                140, 6              
нийгмийн халамж                 10, 82                156, 1              
этгээд                          10, 11                1, 1                
баар                            10, 18                20, 4               
бүтээгдэхүүн                    10, 10, 10, 10        49, 70, 90, 109     
                                10, 10, 10, 32        128, 149, 174, 4    
                                41, 50, 59, 68        4, 4, 4, 3          
                                77, 86                3, 3                
зарлиг                          10, 10, 37, 46        59, 80, 4, 4        
зарлага                         10, 10, 37, 46        59, 80, 4, 4        
зарлг                           10, 10, 37, 46        59, 80, 4, 4        
зарлаг                          10, 10, 37, 46        59, 80, 4, 4        
хөрөнг                          10, 64                118, 3              
хөрөнгө                         10, 64                118, 3              
өр                              10, 73                136, 2              
