File: MNCLW00250.txt
Search Method: Aho-Corasick
Total runtime: 0.001124s
Found terms: 128

Term                            Line                  Word Place          

төрийн ордон                    5                     1                   
тэтгэвэр барьцаалсан зээл       6, 10, 16, 17         2, 2, 13, 4         
                                18, 21, 22            11, 28, 7           
иргэн                           6, 8, 13, 14          1, 16, 9, 68        
                                16, 17, 21, 22        24, 3, 27, 6        
төлбөр                          6, 8, 10, 10          5, 23, 5, 36        
                                14, 16, 18, 19        34, 16, 16, 19      
                                30, 32                6, 8                
нийгмийн даатгалын сан          8, 10, 10, 14         5, 17, 25, 4        
                                14                    23                  
тэтгэвэр авагч                  8, 8, 14              8, 14, 66           
цэргийн алба                    8, 10, 14             11, 39, 47          
тэтгэвэр                        8, 10, 10, 10         17, 21, 34, 42      
                                13, 14, 14, 14        10, 8, 32, 50       
                                29, 30                8, 2                
банк                            8, 10, 10, 13         19, 47, 54, 12      
                                22, 23, 24, 27        17, 4, 9, 12        
                                29, 31                12, 14              
зээл                            8, 9, 13, 13          21, 4, 3, 16        
                                18, 19, 19, 20        15, 13, 18, 5       
                                25, 25, 28, 30        2, 12, 5, 4         
                                32                    7                   
хариуцагч                       8, 19, 29, 30         29, 22, 4, 12       
                                31                    4                   
үйлдвэрлэлийн осол              10, 14                29, 27              
тэтгэмж                         10, 10, 10, 14        22, 35, 43, 9       
                                14, 14                33, 51              
мэргэжил                        10, 14                31, 29              
тодорхойлолт                    11                    6                   
хэрэглэгч                       12                    3                   
хөрөнгө                         13                    18                  
үйлчлэгч                        15, 16, 17, 18        4, 3, 20, 22        
бараа                           17                    2                   
төлбөр төлөгч                   19                    14                  
зээлдэгч                        19                    20                  
арга хэмжээ                     20                    7                   
үнэт цаас гаргагч               21, 22                23, 11              
охин компани                    21                    7                   
эрдэнэс                         21, 22, 31            3, 3, 20            
орлого                          21                    18                  
зам                             21, 26                26, 21              
орон нутгийн өмч                23, 25                27, 20              
үнэт цаас                       23, 24, 25, 26        9, 6, 15, 6         
                                27                    7                   
компани                         25                    11                  
зөвшөөрөл                       25                    32                  
засгийн газрын үнэт цаас        26                    14                  
өөрийн хөрөнгө                  26                    10                  
тохиолдол                       26                    13                  
журам                           28                    7                   
захиргааны байгууллага          29, 30, 31            6, 14, 6            
мэдээлэл                        29, 31                10, 12              
харилцагч                       29                    11                  
нийгмийн даатгал                30                    9                   
гэрээ                           32                    5                   
газар                           34                    5                   
мөрдөгч                         36                    12                  
