File: MNCLW00003.txt
Search Method: Aho-Corasick
Total runtime: 0.001110s
Found terms: 137

Term                            Line                  Word Place          

албан татвар                    6, 7, 9, 9            4, 4, 8, 12         
                                10, 10, 11, 12        8, 12, 6, 4         
                                12, 13, 13, 15        9, 4, 9, 32         
                                16, 19, 20, 24        32, 5, 5, 1         
                                25, 26, 27, 27        1, 4, 1, 9          
                                28, 28, 29, 29        1, 9, 1, 10         
                                30, 31, 43, 43        1, 4, 10, 26        
                                44, 44, 48, 50        10, 26, 13, 12      
                                50, 51, 51, 51        35, 13, 16, 29      
                                52, 52, 53, 55        13, 16, 2, 16       
                                58, 58                15, 39              
түлш                            6, 7, 9, 10           3, 3, 7, 7          
                                11, 12, 13, 15        5, 3, 3, 7          
                                16, 18, 19, 20        7, 8, 4, 4          
                                22, 24, 25, 29        4, 14, 14, 6        
                                29, 30, 36, 43        27, 6, 4, 8         
                                43, 44, 44, 48        24, 8, 24, 11       
                                48, 50, 51, 52        18, 10, 12, 12      
                                55, 58                14, 13              
татвар төлөгч                   14, 47                4, 4                
монгол улсын нутаг дэвсгэр      15, 16, 43, 43        1, 1, 1, 15         
                                44, 44, 48, 55        1, 15, 19, 7        
                                58                    6                   
аж ахуйн нэгж                   15, 16, 51, 52        17, 17, 4, 4        
гадаадын иргэн                  15, 16                25, 25              
харьяалалгүй хүн                15, 16                27, 27              
үйлдвэрлэгч                     15, 16, 43, 44        8, 8, 5, 5          
                                55, 58                11, 10              
байгууллага                     15, 16, 48, 50        20, 20, 4, 4        
                                51, 51, 52, 52        2, 7, 2, 7          
                                55, 58                4, 4                
иргэн                           15, 15, 16, 16        24, 30, 24, 30      
                                48, 50, 51, 52        5, 5, 8, 8          
                                55, 58                5, 5                
татварын алба                   43, 44                13, 13              
гаалийн байгууллага             43, 44, 48, 50        28, 28, 31, 31      
нэгж                            48, 50, 55, 58        3, 3, 3, 3          
орлого                          51, 53                31, 4               
зам                             51, 53                32, 5               
сан                             51, 53                33, 6               
газар                           51, 53                38, 11              
төсвийн орлого                  55                    23                  
мөрдөгч                         63                    11                  
