File: MNCLW00175.txt
Search Method: Trie (MWE + Single-Word)
Total runtime: 0.002432s
Found terms: 92

Term                            Line                  Word Place          

дайн бүхий байдал               6, 8, 12, 15          1, 5, 19, 25        
                                17, 17, 18, 18        7, 26, 5, 18        
                                24, 26, 28, 29        11, 11, 3, 3        
                                31, 35, 36, 38        8, 33, 6, 11        
                                38, 39                16, 11              
зарлаг                          8, 12, 14, 15         8, 22, 6, 28        
                                16, 17, 17, 18        6, 10, 29, 8        
                                18, 19, 20, 24        21, 4, 4, 14        
                                25, 25, 26, 30        4, 16, 14, 4        
                                32, 35, 37, 38        4, 4, 16, 19        
аюул                            8, 12, 13, 15         18, 12, 15, 10      
бүрэн бүтэн байдал              13                    12                  
этгээд                          13, 35                28, 10              
монгол улсын олон улсын гэрээ   15                    15                  
хэлэлцээр                       15, 30                20, 10              
үндэсний аюулгүй байдал         17                    3                   
зөвлөл                          17                    6                   
санал                           17                    15                  
дүгнэлт                         17                    16                  
талууд                          17, 30, 35, 36        31, 8, 21, 13       
тал                             17, 30, 35, 36        31, 8, 21, 13       
шийдвэр                         17, 25, 35, 36        32, 9, 37, 5        
                                37, 39                9, 15               
төлөөлөгчийн газар              24, 38                19, 22              
захиргаа                        24, 26, 38, 39        8, 8, 8, 8          
байгууллага                     24, 26, 26, 26        10, 10, 18, 29      
                                38, 39, 39, 39        10, 10, 18, 30      
мэдээлэл                        25, 37                10, 10              
даруй                           25, 37                15, 15              
эвсэл                           28                    17                  
олон улсын байгууллага          29                    12                  
гэрээ                           30                    9                   
салбар                          30                    21                  
журам                           32                    17                  
үйл ажиллагаа                   35                    16                  
тохиолдол                       35                    28                  
арга хэмжээ                     36                    18                  
