File: MNCLW00703.txt
Search Method: Aho-Corasick
Total runtime: 0.008703s
Found terms: 749

Term                            Line                  Word Place          

хот байгуулалт                  6, 7, 14, 15          1, 1, 7, 4          
                                22, 23, 26, 32        25, 19, 8, 31       
                                34, 40, 46, 47        10, 4, 1, 1         
                                49, 58, 60, 67        4, 3, 5, 4          
                                68, 70, 77, 78        9, 3, 5, 8          
                                80, 84, 90, 93        16, 7, 11, 6        
                                98, 101, 103, 105     4, 8, 7, 4          
                                107, 108, 108, 110    9, 3, 8, 18         
                                128, 130, 131, 132    5, 6, 4, 26         
                                134, 135, 136, 137    7, 4, 22, 9         
                                139, 150, 180, 199    12, 11, 9, 1        
                                200, 201, 215, 216    1, 4, 4, 4          
                                223, 231, 233, 234    4, 23, 5, 5         
                                235, 236, 238, 240    7, 5, 5, 12         
                                246, 249, 250, 252    7, 8, 12, 2         
                                252, 253              5, 6                
нийтлэх                         11, 12, 26            1, 1, 13            
аж ахуйн нэгж                   14, 128, 182, 208     34, 19, 8, 8        
                                209                   6                   
хот төлөвлөлт                   14, 26, 36, 177       28, 10, 10, 1       
                                178, 185, 185, 197    1, 5, 16, 9         
хүн                             14, 20, 23, 36        11, 17, 9, 16       
                                52, 69, 76, 136       3, 6, 11, 3         
                                136, 264              33, 4               
байгууллага                     14, 34, 67, 68        37, 8, 11, 8        
                                72, 80, 85, 90        4, 14, 8, 18        
                                101, 103, 110, 128    15, 14, 25, 12      
                                128, 130, 132, 175    22, 13, 33, 13      
                                180, 182, 187, 193    16, 11, 8, 19       
                                196, 208, 209, 214    17, 11, 9, 11       
                                229, 253              2, 13               
иргэн                           14, 83, 84, 129       38, 6, 3, 5         
                                143, 148, 168, 175    34, 26, 3, 14       
                                182, 184, 185, 187    12, 5, 8, 11        
                                193, 196, 197, 208    20, 3, 3, 12        
                                209, 231, 260, 261    10, 3, 6, 9         
                                261                   27                  
мөрдөгч                         17, 26, 130, 210      17, 12, 19, 12      
тодорхойлолт                    18                    7                   
хэрэглэгч                       19                    3                   
хөгжлийн бодлого                20, 148               9, 9                
хөгжлийн төлөвлөлт              20, 24                32, 10              
зураг төсөл                     20, 80, 124, 144      34, 5, 3, 19        
                                149, 197, 211         3, 14, 24           
үйл ажиллагаа                   20, 22, 22, 32        43, 27, 36, 33      
                                44, 46, 47, 61        3, 3, 3, 16         
                                78, 100, 108, 163     10, 3, 5, 43        
                                164, 166, 169, 177    12, 30, 22, 3       
                                178, 184, 193, 199    3, 3, 15, 3         
                                200, 201, 202, 208    3, 6, 3, 5          
                                209, 212, 214, 215    3, 3, 3, 6          
                                216, 223, 224, 227    6, 6, 3, 16         
                                231, 233, 234, 235    26, 7, 7, 9         
                                236, 238, 249, 249    7, 12, 3, 21        
                                250, 258              3, 13               
аюул                            20, 23, 43, 163       20, 12, 2, 7        
                                163, 212              52, 11              
нийгмийн дэд бүтэц              22, 141, 196, 197     11, 26, 4, 18       
                                245                   5                   
үйлчилгээ                       22, 31, 137, 139      16, 9, 28, 21       
                                163, 205              39, 5               
газар                           22, 29, 32, 36        20, 13, 18, 14      
                                36, 57, 58, 62        26, 5, 2, 11        
                                88, 94, 100, 109      9, 11, 6, 7         
                                109, 110, 141, 147    17, 13, 18, 4       
                                149, 149, 166, 166    16, 26, 23, 46      
                                167, 167, 168, 169    5, 12, 19, 6        
                                169, 188, 189, 189    19, 6, 6, 16        
                                190, 191, 191, 192    4, 4, 9, 7          
                                193, 193, 217, 217    6, 22, 7, 12        
                                218, 225, 225, 226    7, 11, 20, 5        
                                227, 231, 240, 242    2, 15, 5, 5         
                                244, 245, 260, 260    5, 9, 11, 21        
                                261                   11                  
ашиглалт                        22, 25, 25, 27        21, 11, 16, 7       
                                36, 79, 81, 100       27, 5, 15, 7        
                                188                   7                   
мэргэжил                        22, 108, 185          35, 15, 11          
баримт бичиг                    24, 24, 74, 75        3, 12, 3, 7         
                                80, 81, 116, 171      8, 6, 3, 3          
                                175, 240              5, 16               
суурь судалгаа                  24, 36, 125, 142      15, 3, 3, 12        
                                150, 172, 174         3, 36, 23           
дүрэм                           26, 71, 81, 130       5, 5, 9, 17         
                                134, 144, 163, 196    16, 37, 19, 21      
                                210                   8                   
журам                           26, 71, 74, 78        6, 6, 11, 13        
                                130, 134, 144, 163    18, 17, 38, 20      
                                196, 210              22, 9               
хүн амын амьдрах орчны чанар    27, 227               20, 8               
барилга байгууламж              27, 29, 30, 31        18, 7, 19, 10       
                                88, 130, 145, 146     7, 20, 19, 10       
                                163, 163, 164, 164    47, 60, 9, 21       
                                165, 167, 169, 189    27, 17, 25, 24      
                                191, 211, 217, 227    5, 4, 4, 5          
                                228, 229, 230         5, 12, 6            
кадастр                         27, 235, 236, 238     3, 5, 3, 2          
                                240, 253              3, 3                
шугам                           27, 32, 143, 165      14, 25, 21, 2       
                                165, 225, 230         25, 14, 2           
мэдээлэл                        27, 236, 238, 240     29, 19, 18, 22      
                                243, 244, 245, 246    3, 8, 13, 5         
                                247, 248, 248         4, 7, 14            
сан                             27, 107, 236          31, 12, 22          
техникийн нөхцөл                28                    3                   
талууд                          28, 36, 49, 58        20, 31, 6, 5        
                                68, 84, 93, 187       11, 9, 8, 27        
тал                             28, 36, 49, 58        20, 31, 6, 5        
                                68, 84, 93, 187       11, 9, 8, 27        
зөвшөөрөл                       28, 197, 211, 226     26, 25, 21, 3       
ажил                            29, 60, 74, 76        3, 11, 6, 18        
                                94, 101, 105, 106     14, 5, 11, 5        
                                106, 109, 129, 132    9, 21, 8, 23        
                                133, 150, 170, 171    9, 19, 9, 6         
                                175, 187, 203, 204    8, 18, 24, 31       
                                211, 258              11, 7               
хөрс                            29                    18                  
суваг                           29                    27                  
зам                             29, 30, 36, 141       30, 11, 22, 23      
                                145, 157, 164, 165    2, 5, 17, 5         
                                165, 203, 204, 205    9, 15, 25, 7        
                                245, 259              2, 6                
эрчим хүч                       30, 203               5, 17               
бохир ус                        30, 165               8, 18               
замын байгууламж                30                    12                  
шугам сүлжээ                    30, 157, 204          17, 2, 20           
хот, тосгоны хөгжлийн ерөнхий төлөвлөгөө  32, 69, 133, 143      5, 18, 3, 6         
                                144                   9                   
гэр хороолол                    32, 91                16, 4               
зохиогч                         32, 110, 145, 166     19, 14, 13, 32      
захиргааны байгууллага          33, 192, 211, 252     17, 16, 13, 10      
мэргэжлийн байгууллага          33, 211               22, 18              
хуулийн этгээд                  33, 264               24, 5               
захиргаа                        33, 67, 68, 85        13, 9, 6, 6         
                                90, 101, 103, 110     16, 13, 12, 23      
                                128, 130, 132, 180    10, 11, 31, 14      
                                187, 196, 253         6, 15, 11           
бүсчлэл                         34, 79, 141, 153      16, 4, 21, 8        
                                154                   6                   
инженерийн дэд бүтэц            35                    9                   
хот төлөвлөлтийг хэрэгжүүлэгч   36                    6                   
байгаль орчин                   36, 150               24, 6               
этгээд                          36, 44, 131, 248      9, 6, 3, 16         
                                258, 259              16, 18              
зохицуулалт                     37, 64, 78, 78        2, 8, 2, 12         
                                177, 178, 188         5, 5, 8             
объект                          37, 78                3, 3                
хот, суурин газрыг дахин хөгжүүлэх  38, 151, 206          8, 8, 7             
суурин газар                    38, 81, 126, 151      2, 11, 2, 2         
                                206, 229, 237, 240    2, 6, 5, 10         
төсөл                           38, 52, 59, 64        6, 9, 3, 6          
                                69, 69, 76, 86        12, 15, 16, 6       
                                87, 89, 90, 94        6, 4, 8, 9          
                                99, 104, 106, 117     4, 9, 2, 7          
                                118, 120, 126, 132    4, 8, 6, 7          
                                132, 132, 136, 137    11, 19, 9, 4        
                                139, 151, 172, 172    8, 6, 7, 10         
                                172, 174, 203, 203    18, 5, 7, 11        
                                206                   6                   
хангагч                         42, 43, 44, 61        7, 12, 10, 13       
                                76, 77, 108, 136      21, 13, 19, 37      
                                136, 137, 139, 140    62, 45, 18, 9       
                                143, 151, 163, 164    33, 18, 13, 14      
                                196, 212              11, 14              
оролцогч                        44                    5                   
төрийн байгууллага              46, 47                6, 6                
шийдвэр                         51, 91, 181, 187      10, 11, 7, 26       
                                231, 231              6, 12               
зохион байгуулагч               60, 94, 99, 105       12, 15, 15, 12      
                                106, 109              10, 22              
салбар                          61, 75, 104, 238      14, 3, 3, 16        
нисэх                           62                    13                  
бүсийн хөгжлийн тулгуур төв     63, 76, 137, 172      3, 3, 20, 23        
чөлөөт бүс                      69, 132, 172          16, 12, 11          
хяналт тавих                    69, 77, 87, 88        27, 15, 9, 16       
                                100, 111              9, 4                
нийслэл                         70, 83, 84, 92        2, 5, 2, 5          
                                93, 95, 96, 99        2, 2, 2, 2          
                                102, 103, 133, 172    5, 2, 2, 21         
                                174, 180, 187, 231    8, 21, 10, 2        
хот байгуулалтын баримт бичиг   72, 113, 114, 115     5, 1, 1, 4          
                                170, 190              4, 5                
нэгж                            72                    3                   
дүгнэлт                         73, 134, 213          7, 22, 3            
сонгогч                         74, 95, 96, 128       8, 9, 9, 16         
мэргэжлийн удирдлага            76, 77                19, 11              
гадаадын хөрөнгө оруулалт       80                    11                  
хяналт шалгалт                  81, 81                17, 22              
хэсэгчилсэн ерөнхий төлөвлөгөө  85, 94, 109, 110      13, 4, 8, 7         
                                144, 149, 229         14, 11, 8           
санал                           85, 90, 104, 105      9, 19, 15, 8        
                                183, 185              6, 14               
хөрөнгө                         86                    10                  
бүрдэл                          88                    14                  
гүйцэтгэгч                      88, 129, 211, 258     15, 9, 27, 8        
                                258                   15                  
хөтөлбөр                        90                    9                   
нээлт                           95, 95, 96, 96        8, 11, 8, 11        
                                247                   5                   
хайгуул                         106                   3                   
хот байгуулалтын кадастр        107, 233, 234, 239    5, 1, 1, 2          
                                251                   4                   
архив                           107                   11                  
удирдлага                       108                   18                  
ажилгүй                         111, 159, 164, 167    3, 2, 5, 2          
                                167                   14                  
аялал жуулчлал                  120, 132, 139, 139    3, 14, 3, 22        
                                158, 166, 172         4, 4, 13            
тусгай зөвшөөрөл                128                   13                  
галын аюулгүй байдал            130                   33                  
эрүүл ахуй                      130, 141, 212, 218    30, 39, 9, 8        
захиалагч                       131, 132, 133, 134    8, 24, 10, 5        
                                259                   17                  
монгол улсын нутаг дэвсгэр      136                   11                  
үр                              136, 214, 250         25, 6, 9            
үнэлгээ                         136, 137, 250         29, 12, 8           
хөрөнгө оруулалт                144                   27                  
тээврийн хэрэгсэл               145                   4                   
нэгдсэн систем                  145, 239              30, 7               
хөдөлгөөн                       145, 145              10, 29              
сууц                            146, 155, 163         2, 2, 2             
туслагч                         146                   9                   
тусгаарлах                      146                   14                  
зогсоол                         147                   14                  
хот байгуулалтын норм ба дүрэм, журам  154, 190, 191         7, 10, 20           
орон сууц                       163                   24                  
эмнэлэг                         163                   31                  
спорт                           163, 166              34, 19              
холбоо                          165                   21                  
ойг хамгаалах                   166                   10                  
усан сан                        166, 218              15, 4               
ой                              166                   9                   
шарлага                         166                   22                  
эрчимжсэн мал аж ахуй           167                   7                   
улсын нөөц                      169                   4                   
иргэний хамгаалалт              169                   8                   
хог хаягдал                     169                   15                  
шинэ хороолол, бичил хороолол   172, 179              30, 4               
улсын төсөв                     172                   38                  
улсын  төсөв                    172                   38                  
орон нутгийн төсөв              174                   25                  
дотоодын хөрөнгө оруулагч       175                   10                  
хамтран оролцох                 182                   13                  
инженерийн шугам сүлжээ         189, 205, 211, 228    21, 11, 7, 7        
                                258, 259              3, 8                
мэдээ                           192, 229              18, 22              
агаар                           194                   6                   
хөгжлийн бэрхшээлтэй иргэн      195                   4                   
төсөв                           197, 228              24, 4               
инженерийн бэлтгэл ажил         204                   7                   
цэвэрлэх байгууламж             204                   22                  
ус                              204                   13                  
гүйцэтгэх ажил                  205                   18                  
стандарт                        210                   10                  
газар эзэмших                   211, 231              2, 17               
технологи                       212                   17                  
ашигт малтмалын орд             219                   2                   
технологийн горим               225                   17                  
үл хөдлөх эд хөрөнгө            236, 260              11, 13              
агуулах                         238                   19                  
төслийн баримт бичиг            246                   10                  
хариуцагч                       248, 252, 259         18, 12, 20          
аж ахуйн үйл ажиллагаа          260                   24                  
тохиолдол                       260, 261              9, 18               
орлого                          260                   30                  
шинжээч                         263                   10                  
