File: MNCLW00795.txt
Search Method: Trie (MWE + Single-Word)
Total runtime: 0.013130s
Found terms: 456

Term                            Line                  Word Place          

нийтлэх                         8                     1                   
шуудангийн сүлжээ               10, 19, 158           5, 5, 4             
ашиглалт                        10, 154, 314, 315     8, 6, 5, 3          
үйлчилгээ                       10, 32, 35, 37        9, 9, 10, 2         
                                56, 69, 70, 89        2, 2, 2, 3          
                                98, 114, 131, 132     2, 3, 4, 2          
                                157, 158, 159, 160    7, 7, 6, 5          
                                160, 166, 168, 171    34, 19, 4, 18       
                                178, 186, 200, 214    2, 6, 2, 7          
                                215, 225, 230, 241    7, 4, 2, 7          
                                248, 249, 260, 314    3, 7, 2, 6          
                                315                   4                   
иргэн                           12, 39, 43, 44        7, 7, 6, 6          
                                56, 60, 160, 175      3, 4, 19, 11        
                                178, 226              10, 6               
мөрдөгч                         14, 69, 70, 98        18, 4, 4, 4         
                                276                   24                  
тодорхойлолт                    15                    6                   
хэрэглэгч                       16, 75, 184, 188      3, 6, 9, 7          
                                280                   6                   
шуудангийн илгээмж              17, 18, 20, 22        3, 13, 15, 10       
                                24, 27, 29, 37        7, 4, 4, 5          
                                93, 109, 132, 133     4, 20, 4, 9         
                                134, 138, 141, 160    5, 11, 3, 24        
                                174, 252, 254, 274    4, 1, 4, 5          
                                277, 277, 282, 283    3, 22, 3, 5         
                                284, 308              18, 9               
үйл ажиллагаа                   17, 37, 53, 54        12, 17, 4, 2        
                                93, 133, 141, 144     8, 12, 6, 9         
                                146, 148, 150, 156    12, 5, 3, 14        
                                260, 279, 280, 291    12, 3, 4, 8         
                                293, 315              4, 6                
шуудангийн үйлчилгээ            18, 25, 39, 43        4, 4, 3, 11         
                                44, 60, 117, 118      11, 2, 8, 8         
                                130, 152, 162, 164    2, 20, 5, 5         
                                166, 183, 199, 201    3, 3, 5, 2          
                                201, 216, 217, 241    7, 5, 5, 13         
                                245, 247, 276         1, 7, 6             
сүлжээ                          18, 32, 35, 78        2, 3, 3, 3          
                                185, 190, 191, 194    2, 3, 3, 3          
                                195, 203, 210, 211    3, 2, 3, 3          
                                232, 235, 237, 239    4, 3, 3, 3          
байгууллага                     18, 32, 43, 44        7, 12, 10, 10       
                                49, 56, 60, 83        4, 7, 8, 10         
                                86, 102, 134, 141     7, 4, 16, 13        
                                160, 188, 220, 285    23, 2, 12, 3        
                                289, 291              14, 20              
салбар                          18, 63, 68, 92        8, 2, 2, 2          
тээвэрлэгч                      18, 93, 144, 174      15, 6, 5, 10        
үйлчлүүлэгч                     19, 30, 37, 109       4, 5, 4, 19         
                                132, 132, 180, 187    11, 18, 2, 9        
                                201, 220, 257, 259    16, 15, 3, 4        
                                260                   3                   
захидал                         19, 184, 184, 257     12, 2, 5, 10        
                                258, 259              17, 12              
боодол                          19, 24, 257, 258      13, 3, 16, 18       
                                259                   13                  
илгээлт                         19, 257, 258, 259     14, 17, 19, 14      
баримт бичиг                    20, 121, 166          12, 19, 15          
этгээд                          20, 22, 43, 44        4, 4, 20, 20        
                                93, 284, 285, 290     7, 10, 21, 9        
агуулах                         20, 22                14, 8               
овор                            24                    4                   
эрх бүхий хуулийн этгээд        25                    7                   
үйлчлэгч                        25, 43, 44, 93        2, 22, 22, 2        
                                141, 160, 164, 178    21, 6, 2, 5         
                                180, 190, 191, 204    1, 5, 5, 4          
                                210, 211, 220, 276    5, 5, 11, 13        
                                285                   2                   
хуулийн этгээд                  39, 146, 175, 178     8, 17, 12, 11       
                                183, 318              9, 5                
аж ахуйн нэгж                   43, 44, 56, 60        7, 7, 4, 5          
                                160                   20                  
шуудангаар үйлчлэгч             43, 44, 281           18, 18, 6           
шуудан                          43, 44, 46, 47        3, 3, 3, 6          
                                48, 49, 109, 166      11, 9, 4, 11        
нутгийн өөрөө удирдах байгууллага  48                    3                   
тусгай хэрэглээний              48, 50                9, 5                
нэгж                            49                    3                   
зохицуулах хороо                50, 113, 203          19, 9, 8            
журам                           50, 50, 72, 73        8, 16, 10, 10       
                                75, 78, 93, 96        7, 9, 12, 14        
                                100, 121, 123, 187    9, 23, 4, 4         
                                194, 195, 230, 237    12, 12, 5, 12       
                                285, 291              26, 27              
газар                           50, 66, 67, 109       10, 4, 2, 17        
                                206, 276, 310         2, 5, 11            
аюул                            61, 295, 295, 295     5, 25, 35, 38       
стандарт                        63, 201, 225          5, 11, 2            
дүрэм                           63, 132               6, 33               
зохицуулалт                     65, 121               4, 18               
тал                             67, 108, 141, 229     4, 3, 9, 4          
                                288                   6                   
талууд                          67, 108, 141, 229     4, 3, 9, 4          
                                288                   6                   
зохион байгуулагч               68, 102, 109, 133     9, 19, 8, 14        
                                192, 193, 236         12, 12, 12          
ажил                            68, 102, 109, 220     8, 18, 7, 2         
хураагч                         72, 73, 100           6, 6, 6             
шуудангийн нэгдсэн код          75                    2                   
хяналт тавих                    78, 96, 121, 186      7, 18, 28, 17       
                                187, 298, 315         6, 7, 18            
захиргаа                        83, 86, 134           8, 5, 14            
санал                           89, 102, 114, 248     9, 9, 6, 6          
                                249                   5                   
борлуулалт                      96                    6                   
олон улсын байгууллага          102                   12                  
дүгнэлт                         102                   10                  
шийдвэр                         102, 249, 250         15, 11, 5           
хүн                             109, 318              2, 4                
бүх нийтийн үйлчилгээний үүргийн сан  117, 118, 206         22, 22, 10          
хөрөнгө                         117, 118, 206         28, 28, 15          
тусгай зөвшөөрөл                121, 121, 121, 144    3, 8, 14, 20        
                                146, 150, 152, 152    15, 6, 3, 6         
                                169                   6                   
гэрээ                           121, 152, 276         25, 9, 15           
харилцан холболт                123                   2                   
монгол улсын нутаг дэвсгэр      132, 160              6, 13               
эрх бүхий этгээд                133                   2                   
нийслэл                         134, 138, 138, 175    2, 6, 18, 9         
сум                             138, 138, 175, 295    4, 17, 8, 13        
зөвшөөрөл                       142, 144, 146         4, 11, 3            
зам                             156, 220, 240         9, 25, 11           
шуудангийн үндсэн сүлжээ        157                   9                   
мэдээ                           157                   14                  
тэтгэвэр                        171                   11                  
тэтгэмж                         171                   12                  
тоног төхөөрөмж                 174                   13                  
шуудангийн богц                 174                   15                  
шуудангийн хайрцаг              174                   17                  
эд хөрөнгө                      178, 194, 195, 237    13, 7, 7, 7         
бүтээгдэхүүн                    184                   8                   
бусад этгээд                    186                   10                  
тусгай хувцас                   188                   5                   
түрээслүүлэх                    194, 195, 237         14, 14, 17          
үр                              199                   3                   
хангагч                         201                   12                  
мэдээлэл                        201, 225, 229, 305    15, 6, 7, 14        
нээлт                           204                   6                   
сан                             206                   4                   
технологи                       212, 213, 240         7, 7, 9             
гүйцэтгэгч                      220                   4                   
ажилтан                         220, 285, 287         13, 4, 8            
төлбөр                          220, 259, 308         30, 8, 11           
хураамж                         220, 230, 258         31, 3, 8            
тохиолдол                       226, 291              5, 17               
арга хэмжээ                     241                   17                  
хариуцагч                       242                   7                   
тариф                           245, 247, 248, 249    3, 9, 4, 8          
                                257                   5                   
зарлаг                          256, 259              10, 2               
нэмэгдэл                        259                   7                   
бусад газар                     267, 268, 269, 270    13, 13, 13, 13      
монгол улсын олон улсын гэрээ   276                   8                   
монгол улсын хил                277                   12                  
дамжин өнгөрөгч                 277                   19                  
хаяг тодорхойгүй шуудангийн илгээмж  284, 285              20, 5               
хадгалах хугацаа                285                   14                  
тэмдэглэл                       288                   7                   
байлдааны зориулалттай галт зэвсэг  295                   14                  
галт зэвсэгтэй адилтгах хэрэгсэл  295                   18                  
галт зэвсэг                     295                   11                  
ургамал                         297                   2                   
амьтан                          297                   3                   
мансууруулах эм, сэтгэцэд нөлөөт бодис  298                   14                  
эм                              298                   2                   
гадаад валют                    300                   8                   
гадаадын валют                  300                   8                   
хүнсний бүтээгдэхүүн            302                   3                   
кино                            303                   8                   
үйлдвэрлэгч                     305, 310              21, 6               
технологийн горим               315                   9                   
шинжээч                         317                   10                  
