File: MNCLW00814.txt
Search Method: Trie (MWE + Single-Word)
Total runtime: 0.016785s
Found terms: 900

Term                            Line                  Word Place          

эмнэлгийн тусламж, үйлчилгээ    6, 11, 12, 27         1, 8, 4, 1          
                                28, 103, 105, 106     4, 4, 9, 9          
                                114, 197, 226, 231    6, 1, 4, 6          
                                257, 258              1, 4                
нийтлэх                         7, 9, 181, 190        3, 1, 4, 4          
зохион байгуулагч               11, 48, 145, 155      11, 15, 9, 8        
                                159, 166, 193, 255    7, 5, 14, 24        
                                260                   22                  
хяналт тавих                    11, 22, 42, 145       15, 25, 11, 14      
                                232                   33                  
үйл ажиллагаа                   11, 17, 17, 36        17, 11, 28, 12      
                                38, 43, 53, 66        27, 7, 12, 16       
                                67, 67, 114, 114      27, 51, 16, 31      
                                125, 127, 139, 142    4, 4, 8, 5          
                                145, 146, 152, 157    6, 4, 7, 4          
                                161, 164, 175, 185    7, 24, 6, 19        
                                188, 201, 213, 233    15, 6, 16, 5        
                                255                   4                   
хүн                             11, 17, 19, 36        5, 9, 15, 9         
                                48, 115, 144, 164     4, 19, 35, 45       
                                206, 218, 265         5, 5, 4             
эрүүл мэндийн даатгал           13, 20, 91, 102       21, 5, 15, 16       
                                207, 208, 221, 223    8, 14, 15, 20       
                                229                   9                   
эмнэлгийн хэрэгсэл              13, 115               17, 16              
үйлчилгээ                       13, 17, 18, 21        3, 3, 6, 5          
                                21, 29, 30, 31        23, 3, 10, 16       
                                32, 34, 35, 36        15, 26, 17, 24      
                                38, 46, 47, 47        41, 8, 4, 8         
                                47, 47, 49, 50        15, 27, 11, 8       
                                51, 52, 59, 60        9, 17, 7, 9         
                                62, 63, 64, 64        7, 4, 4, 10         
                                65, 65, 66, 66        4, 8, 9, 19         
                                67, 67, 67, 68        17, 20, 54, 7       
                                69, 70, 71, 72        4, 6, 4, 4          
                                77, 78, 79, 80        6, 3, 3, 3          
                                81, 82, 83, 85        7, 4, 4, 4          
                                86, 89, 89, 90        4, 4, 19, 11        
                                91, 92, 93, 94        4, 7, 4, 4          
                                96, 97, 100, 101      5, 5, 4, 8          
                                102, 104, 108, 109    5, 3, 4, 4          
                                111, 112, 113, 115    3, 4, 5, 3          
                                140, 141, 185, 198    17, 15, 9, 12       
                                199, 200, 202, 203    15, 6, 3, 10        
                                207, 208, 209, 210    16, 26, 16, 13      
                                211, 212, 213, 214    9, 3, 9, 6          
                                215, 216, 221, 222    9, 3, 13, 16        
                                223, 224, 225, 227    18, 9, 7, 11        
                                227, 228, 229, 230    17, 18, 7, 16       
                                230, 230, 231, 231    19, 28, 13, 21      
                                232, 234, 250, 259    24, 21, 12, 3       
                                259, 260, 267         10, 3, 3            
эм                              13, 115, 219          16, 15, 12          
мөрдөгч                         14, 22, 25, 72        16, 16, 23, 5       
                                187, 227              23, 26              
тодорхойлолт                    15, 114, 243          7, 13, 22           
хэрэглэгч                       16, 67, 67            3, 34, 41           
сэргээн засах                   17, 36, 38, 49        25, 21, 25, 6       
                                92, 101, 222, 223     4, 13, 10, 7        
                                223                   14                  
эмчлэх                          17, 33, 38, 246       22, 8, 22, 2        
сувилах                         17, 35, 38            23, 6, 23           
хуулийн этгээд                  18, 85, 96, 265       11, 11, 12, 5       
эмнэлэг                         18, 21, 31, 34        3, 20, 13, 13       
                                34, 38, 57, 61        22, 37, 10, 14      
                                62, 63, 63, 63        4, 17, 19, 21       
                                66, 67, 67, 67        3, 3, 5, 7          
                                67, 67, 69, 69        11, 49, 18, 21      
                                70, 70, 74, 74        10, 13, 17, 19      
                                74, 78, 78, 78        22, 19, 22, 24      
                                89, 117, 120, 141     15, 6, 2, 9         
                                141, 152, 154, 154    11, 11, 5, 26       
                                160, 160, 162, 164    8, 10, 2, 47        
                                167, 167, 168, 168    5, 23, 11, 13       
                                169, 169, 169, 169    8, 10, 14, 21       
                                170, 170, 171, 171    8, 10, 8, 10        
                                180, 184, 188, 209    10, 8, 13, 6        
                                209, 210, 210, 214    10, 3, 7, 3         
                                221, 221, 228, 228    3, 7, 3, 7          
                                232, 232, 234, 234    5, 7, 5, 7          
сум                             19, 39, 39, 40        5, 16, 22, 2        
                                44, 45, 51, 52        5, 2, 2, 6          
                                53, 54, 55, 56        20, 8, 3, 12        
                                61, 69, 74, 78        2, 9, 8, 10         
                                89, 198, 199, 207     9, 5, 2, 2          
                                208                   2                   
эрүүл мэндийн байгууллага       21, 22, 47, 75        7, 7, 19, 11        
                                123, 177, 259, 260    2, 3, 6, 6          
эмнэлгийн мэргэжилтэн           21, 22, 30, 31        10, 10, 5, 6        
                                32, 79, 100, 185      9, 8, 22, 16        
                                186, 238, 248         25, 12, 12          
үйлчлүүлэгч                     21, 35, 38, 76        13, 4, 6, 5         
                                89, 90, 101, 230      17, 20, 17, 20      
                                231, 246, 250, 251    23, 4, 15, 7        
байгууллага                     21, 22, 56, 65        18, 6, 27, 6        
                                71, 74, 86, 89        12, 30, 6, 6        
                                91, 97, 102, 104      6, 7, 7, 5          
                                104, 105, 106, 115    8, 13, 13, 5        
                                115, 154, 156, 159    30, 21, 9, 9        
                                164, 164, 164, 173    20, 42, 54, 3       
                                178, 183, 224, 225    2, 4, 6, 3          
                                230, 231, 233, 244    13, 9, 14, 3        
стандарт                        22, 115, 227          17, 31, 19          
дүрэм                           22                    18                  
журам                           22, 42, 43, 51        19, 17, 5, 11       
                                55, 61, 65, 72        21, 26, 10, 13      
                                76, 80, 90, 91        14, 16, 8, 9        
                                101, 102, 150, 153    10, 10, 5, 9        
                                166, 170, 228, 230    7, 14, 28, 33       
                                232, 254              39, 5               
удирдамж@@                      22, 227               20, 18              
заавар                          22, 56, 72, 76        21, 21, 6, 13       
шалгагч                         22                    27                  
зөвлөх                          22, 144, 191, 194     29, 29, 3, 16       
                                194                   28                  
туслагч                         22                    30                  
эрүүл мэндийн тусламж, үйлчилгээ  23, 24, 30, 37        8, 6, 17, 5         
                                38, 39, 40, 107       2, 25, 10, 2        
                                205, 206, 218         8, 14, 14           
төлбөрийн арга                  23, 24                4, 3                
өрхийн эмч                      23                    14                  
иргэн                           23, 23, 40, 47        2, 17, 27, 17       
                                52, 53, 54, 61        4, 3, 3, 7          
                                75, 200, 206, 208     8, 9, 12, 22        
                                218, 230, 243, 244    12, 30, 18, 14      
тохиолдол                       24, 57, 131, 144      10, 3, 14, 22       
                                202, 203, 204, 206    5, 12, 5, 19        
                                207, 208, 211, 212    18, 21, 11, 17      
                                214, 215, 216, 217    8, 11, 5, 5         
                                218, 219, 220, 221    19, 14, 18, 23      
                                225, 246, 252         9, 16, 11           
зохиогч                         27, 37, 62, 68        4, 9, 8, 8          
                                73, 76, 77, 80        7, 10, 7, 4         
                                81, 92, 117, 121      8, 8, 8, 14         
                                182                   5                   
мэргэшил                        31, 67, 210, 221      5, 2, 2, 2          
                                228, 255              2, 11               
эмнэлгийн яаралтай тусламж      33, 58, 67, 73        16, 6, 21, 4        
аюул                            33                    4                   
осол                            34                    5                   
газар                           34, 40, 42, 43        15, 22, 28, 13      
                                51, 55, 61, 63        17, 18, 23, 23      
                                65, 67, 69, 70        16, 9, 16, 8        
                                72, 74, 76, 80        19, 15, 21, 13      
                                90, 101, 153, 154     29, 26, 18, 37      
                                166, 167, 170, 209    13, 17, 20, 12      
                                210, 221, 228, 228    9, 9, 9, 40         
                                230, 232, 233, 254    42, 46, 21, 11      
тээвэрлэгч                      34                    19                  
эрүүл мэндийг дэмжих            35, 38, 48, 201       8, 13, 8, 2         
                                213                   12                  
зам                             35                    7                   
үр                              36, 72, 185, 186      17, 7, 3, 3         
                                186                   16                  
урьдчилан сэргийлэх             38                    17                  
үнэлгээ                         38                    10                  
тусгай зөвшөөрөл                39, 53, 63, 69        5, 16, 9, 5         
                                74, 78, 85, 96        4, 4, 5, 6          
                                103, 105, 106, 114    7, 7, 7, 21         
үйлчлэгч                        40, 80                8, 6                
нийслэл                         40, 40, 43, 233       19, 33, 10, 18      
санал                           40, 128, 128, 131     23, 10, 13, 8       
                                131, 141, 146, 148    12, 21, 28, 11      
                                149, 149, 164, 165    6, 10, 57, 18       
                                165, 165, 165, 165    21, 33, 36, 41      
                                165                   52                  
шалгуур үзүүлэлт                42, 91, 102, 232      21, 13, 14, 43      
сонгогч                         42, 52, 53, 54        5, 12, 26, 14       
                                55, 91, 102, 118      9, 7, 8, 8          
                                125, 128, 129, 130    32, 14, 15, 21      
                                144, 154, 155, 156    33, 39, 6, 11       
                                157, 158, 159, 159    11, 10, 5, 12       
                                164, 164, 164, 165    3, 9, 48, 6         
                                166, 169, 170, 182    3, 18, 12, 9        
                                232                   26                  
гэрээ                           42, 49, 188, 191      7, 8, 10, 4         
                                232                   29                  
гишүүн                          42, 51, 65, 72        29, 18, 17, 20      
                                76, 90, 101, 118      22, 30, 27, 7       
                                119, 125, 125, 127    4, 24, 29, 14       
                                127, 130, 131, 131    19, 18, 10, 18      
                                132, 139, 143, 147    5, 5, 5, 5          
                                148, 153, 154, 154    9, 19, 13, 31       
                                166, 167, 170, 176    14, 18, 21, 4       
                                183, 228, 230, 254    3, 41, 43, 12       
холбоо                          47, 158, 164          24, 5, 35           
хангагч                         47, 119, 125, 127     30, 7, 8, 8         
                                160, 165, 171, 185    24, 13, 14, 15      
                                186, 245              24, 13              
хөтөлбөр                        48                    12                  
захиргаа                        53, 115, 154, 233     8, 28, 19, 12       
нэгж                            53, 74                11, 33              
гэр бүл                         56                    4                   
эмнэлгийн лавлагаа шатлалын тусламж, үйлчилгээ  57, 61                4, 8                
шуудан                          57, 140, 140, 167     16, 12, 14, 34      
                                245, 251              3, 3                
төрөлжсөн мэргэшил              63, 69, 70, 74        15, 19, 11, 20      
                                78, 141, 154, 160     20, 7, 3, 6         
                                167, 168, 169, 170    3, 9, 6, 6          
                                171, 209, 232, 234    6, 4, 3, 3          
цус, цусан бүтээгдэхүүн         67                    30                  
эмийн сан                       67                    25                  
үйлдвэрлэгч                     67                    33                  
донор                           67                    36                  
ажил                            67, 122, 141, 186     47, 9, 14, 14       
                                193, 246, 249, 252    13, 9, 6, 5         
гүйцэтгэгч                      72, 130, 228, 252     12, 25, 24, 6       
ажилтан                         79, 151, 183, 185     17, 7, 5, 12        
                                186, 186              13, 21              
сэтгэл засалч                   100                   14                  
хөдөлгөөн                       100                   8                   
мэргэжил                        100, 114, 158, 158    20, 15, 3, 6        
                                164, 164, 245, 255    33, 36, 9, 3        
төсөл                           114                   18                  
барилга байгууламж              115                   6                   
тоног төхөөрөмж                 115                   11                  
захиргааны байгууллага          115                   35                  
хариуцагч                       115, 115, 154, 231    26, 33, 17, 25      
                                233                   10                  
удирдлага                       117, 121, 142, 174    7, 13, 2, 15        
                                178, 245, 245, 251    6, 5, 12, 5         
зөвлөл                          118, 119, 124, 125    6, 3, 3, 3          
                                126, 127, 127, 128    3, 3, 13, 3         
                                128, 129, 130, 131    5, 3, 3, 3          
                                132, 138, 139, 143    3, 6, 3, 3          
                                144, 145, 145, 146    3, 3, 5, 3          
                                146, 147, 148, 149    22, 3, 3, 3         
                                149, 150, 151, 152    24, 3, 3, 3         
                                152, 153, 154, 158    6, 3, 8, 8          
                                160, 164, 167, 167    13, 38, 8, 26       
                                169, 179, 180, 184    17, 5, 8, 3         
                                186, 188              8, 3                
эрүүл мэнд                      121                   2                   
салбар                          121, 158, 164, 172    20, 7, 37, 3        
хөрөнгө оруулалт                123                   5                   
нөхөн сонгуул                   127                   20                  
бараа                           130, 141, 144         6, 13, 11           
ахмад                           130, 131              17, 17              
орлог                           131                   19                  
хүсэлт                          133, 230              9, 21               
шийтгэх тогтоол                 134                   9                   
ажилгүй                         136                   2                   
тушаал                          137, 175, 177         5, 3, 8             
бэлэг                           140, 220              16, 4               
орлого                          140                   19                  
зээл                            140                   20                  
хөнгөлөлт                       140                   23                  
нэгдмэл сонирхолтой этгээд      141, 194              18, 10              
эрх бүхий этгээд                144, 165              36, 60              
шийдвэр                         145, 149, 244, 246    12, 14, 4, 21       
гарын үсэг зурах                149, 180              29, 12              
тэмдэглэл                       149, 149, 165         16, 27, 69          
тогтоол                         149, 149              20, 28              
хэвлэмэл хуудас                 150                   11                  
төсөв                           152                   12                  
нээлт                           154, 155, 159         38, 5, 20           
төрийн бус байгууллага          157, 160, 164         7, 19, 27           
зарлаг                          159                   21                  
даатгуулагч                     164                   12                  
хоёр дахь санал хураалт         165                   46                  
хураагч                         165                   19                  
гүйцэтгэх удирдлага             168, 169, 192         14, 11, 2           
шүүхийн шийдвэр                 175                   11                  
аж ахуйн нэгж                   178                   3                   
нэгжийн удирдлага               182                   7                   
хөдөлмөрийн гэрээ               183                   6                   
төсвийн захирагч                184                   9                   
сан                             186, 229              11, 4               
хэлцэл                          188                   8                   
тайлан                          193                   8                   
мэдээ                           193                   11                  
улсын  төсөв                    199, 210, 225, 232    17, 22, 13, 20      
улсын төсөв                     199, 210, 225, 232    17, 22, 13, 20      
төлбөр                          200, 202, 203, 204    11, 7, 14, 7        
                                206, 207, 208, 211    21, 20, 23, 13      
                                212, 214, 215, 216    19, 10, 13, 7       
                                217, 218, 219, 220    7, 21, 16, 20       
                                221, 225, 230, 231    25, 11, 29, 11      
                                231                   22                  
халдвар                         205, 212, 213, 215    4, 11, 4, 5         
эрүүл мэндийн даатгалын сан     207, 221              23, 28              
тархвар судлалын заалт          212                   6                   
дархлаажуулалт                  212                   10                  
сэтгэцийн эмгэг                 215                   3                   
сэтгэц-нийгмийн сэргээн засах тусламж, үйлчилгээ  220                   12                  
зохицуулалт                     226                   8                   
тээврийн хэрэгсэл               243                   4                   
талууд                          243                   21                  
тал                             243                   21                  
прокурор                        244                   2                   
дүгнэлт                         244                   12                  
чадамж                          244                   17                  
зөвшөөрөл                       246, 255              19, 7               
мэргэжилтэн                     255                   2                   
итгэмжлэл                       257, 259              5, 21               
технологи                       259                   12                  
шинжээч                         264                   10                  
торгууль                        267                   8                   
