File: MNCLW00272.txt
Search Method: Trie (MWE + Single-Word)
Total runtime: 0.023387s
Found terms: 1166

Term                            Line                  Word Place          

төрийн ордон                    5                     1                   
урьдчилан сэргийлэх             6, 11, 12, 13         6, 14, 5, 3         
                                16, 34, 49, 52        3, 3, 7, 3          
                                58, 59, 69, 70        3, 3, 3, 3          
                                79, 83, 90, 91        3, 25, 3, 3         
                                96, 99, 104, 165      4, 14, 24, 3        
                                177, 179, 203, 207    3, 3, 5, 19         
                                224, 254, 270, 295    5, 3, 3, 4          
                                300, 308, 320, 327    3, 4, 4, 7          
                                328, 330, 332, 336    3, 3, 7, 3          
                                349, 353, 354, 378    4, 6, 8, 3          
халдвар                         6, 11, 24, 25         2, 6, 3, 11         
                                25, 26, 26, 27        15, 3, 9, 3         
                                28, 28, 28, 29        9, 13, 18, 24       
                                67, 80, 83, 99        4, 19, 24, 2        
                                99, 119, 125, 132     4, 11, 11, 17       
                                149, 150, 182, 182    8, 8, 5, 10         
                                188, 192, 203, 262    11, 3, 2, 2         
                                262, 297, 310, 315    4, 3, 8, 3          
                                321, 324, 324, 338    2, 3, 6, 4          
                                350, 350              3, 6                
нийтлэх                         8, 9                  1, 1                
эрүүл мэндийг хамгаалах         11, 40, 83, 270       18, 2, 21, 6        
хүн                             11, 24, 25, 26        21, 6, 6, 8         
                                27, 28, 28, 28        11, 3, 11, 16       
                                29, 30, 30, 40        3, 4, 24, 12        
                                99, 102, 215, 256     9, 4, 7, 14         
                                276, 300, 313, 324    7, 24, 12, 11       
                                324, 350, 350, 386    15, 11, 15, 4       
шийдвэр                         11, 149, 150, 169     27, 14, 14, 19      
                                207, 253, 254, 270    6, 8, 13, 11        
                                273, 300, 309, 318    5, 8, 5, 4          
                                330, 333              8, 5                
зохиогч                         11, 78, 134, 211      37, 11, 12, 7       
                                340                   15                  
газар                           11, 25, 52, 57        41, 8, 15, 4        
                                58, 83, 107, 117      15, 3, 9, 14        
                                123, 131, 151, 152    16, 19, 22, 22      
                                156, 157, 175, 182    20, 20, 25, 26      
                                183, 184, 186, 203    35, 32, 48, 27      
                                205, 207, 209, 209    7, 2, 19, 23        
                                211, 219, 236, 283    38, 5, 36, 5        
                                284, 287, 288, 289    5, 11, 11, 11       
                                289, 290, 290, 313    16, 11, 16, 5       
                                344, 355, 356, 358    12, 5, 5, 3         
                                359, 360, 361, 362    3, 3, 3, 3          
                                363, 364, 365, 366    3, 25, 25, 5        
                                366, 367, 367, 374    16, 5, 16, 9        
                                381, 382              25, 25              
журам                           11, 40, 59, 69        43, 10, 36, 32      
                                70, 73, 156, 157      32, 32, 9, 9        
                                172, 173, 179, 182    14, 19, 13, 20      
                                183, 184, 188, 193    29, 23, 21, 30      
                                194, 194, 195, 196    11, 15, 9, 45       
                                200, 207, 209, 211    19, 34, 13, 25      
                                215, 219, 242, 244    5, 22, 23, 27       
                                255, 256, 309, 315    4, 6, 14, 7         
                                333, 340, 381, 382    14, 5, 18, 18       
гамшгаас хамгаалах              13                    20                  
мөрдөгч                         14, 59, 127, 128      17, 35, 22, 22      
                                193, 207, 402         28, 32, 7           
үйлчлэгч                        15, 19, 244, 246      4, 3, 3, 3          
                                389, 390, 391         4, 11, 11           
үйл ажиллагаа                   16, 27, 31, 34        13, 16, 20, 13      
                                39, 68, 69, 70        7, 9, 25, 25        
                                73, 77, 90, 91        11, 5, 6, 6         
                                96, 104, 108, 117     16, 19, 10, 27      
                                123, 123, 134, 175    24, 32, 18, 27      
                                193, 225, 248, 266    26, 28, 32, 22      
                                266, 268, 268, 279    31, 22, 31, 7       
                                289, 290, 344, 378    19, 19, 9, 6        
зохион байгуулагч               17, 19, 19, 73        34, 16, 30, 21      
                                80, 83, 104, 107      22, 36, 17, 16      
                                115, 151, 152, 166    7, 15, 15, 16       
                                166, 174, 175, 195    34, 9, 30, 23       
                                196, 213              48, 27              
нийслэл                         17, 104, 139, 140     16, 10, 4, 4        
                                207, 384, 384         14, 2, 7            
сум                             17, 104, 139, 140     17, 11, 5, 5        
иргэн                           17, 42, 62, 63        19, 9, 4, 4         
                                68, 79, 80, 83        21, 16, 8, 20       
                                84, 91, 101, 101      18, 8, 22, 29       
                                104, 113, 142, 143    13, 5, 4, 4         
                                166, 169, 175, 196    9, 6, 21, 33        
                                209, 209, 213, 231    3, 7, 13, 38        
                                240, 254, 262, 262    52, 22, 8, 13       
                                270, 292, 293, 322    15, 1, 1, 6         
                                374, 378, 378         38, 8, 22           
сонгогч                         17, 19                38, 25              
зохицуулалт                     17, 62, 63, 94        41, 50, 50, 19      
                                132, 132, 142, 143    16, 38, 31, 31      
                                149, 150, 156, 157    7, 7, 7, 7          
                                200, 211              17, 6               
зөвлөл                          19, 193               20, 33              
гишүүн                          19, 182, 183, 184     24, 27, 36, 33      
                                186, 203, 211         49, 28, 39          
тодорхойлолт                    21                    6                   
хэрэглэгч                       22, 203               3, 20               
тохиолдол                       23, 77, 156, 157      9, 11, 2, 2         
                                162, 163, 166, 169    8, 8, 22, 13        
                                175, 182, 224, 231    2, 3, 17, 37        
                                254, 287, 288, 297    28, 8, 8, 8         
                                312, 380, 381, 382    8, 12, 13, 13       
амьтан                          24, 29                7, 5                
тээврийн хэрэгсэл               26, 28, 29, 30        16, 27, 14, 29      
                                95, 183, 193          7, 6, 2             
шуудангийн илгээмж              26, 28, 29, 30        19, 30, 17, 32      
тээш                            26, 28, 29, 30        13, 24, 11, 26      
ачаа                            26, 28, 29, 30        14, 25, 12, 27      
                                94, 173, 173          8, 6, 12            
бараа                           26, 28, 28, 29        18, 15, 29, 16      
                                30, 342               31, 6               
аюул                            27, 30, 35, 132       5, 8, 6, 19         
                                149, 150, 256         10, 10, 2           
эрүүл мэндийн эрсдэл            28                    5                   
арга хэмжээ                     29, 46, 47, 48        34, 7, 7, 9         
                                57, 101, 139, 140     7, 4, 11, 11        
                                144, 145, 164, 181    11, 11, 8, 8        
                                221, 254, 264, 270    12, 14, 4, 12       
                                281, 300, 330, 340    9, 9, 9, 12         
                                355, 356              14, 14              
бараа бүтээгдэхүүн              31, 94, 115, 121      7, 12, 14, 9        
                                183, 189, 190         8, 8, 8             
төлбөр төлөгч                   31                    14                  
сүлжээ                          31, 264               5, 26               
хэлцэл                          31, 240               12, 60              
эрүүл мэнд                      35, 62, 63, 79        4, 5, 5, 6          
                                125, 256              6, 11               
үйлчилгээ                       35, 66, 101, 115      11, 10, 17, 2       
                                115, 117, 123, 196    17, 23, 28, 23      
                                198, 205, 205, 233    5, 11, 19, 10       
                                240, 251, 317, 342    8, 10, 4, 7         
                                343                   12                  
хангагч                         42, 67, 69, 70        5, 21, 20, 20       
                                79, 80, 83, 87        20, 18, 34, 12      
                                102, 117, 123, 132    16, 29, 34, 39      
                                149, 150, 166, 186    12, 12, 29, 10      
                                186, 193, 198, 205    27, 39, 9, 14       
                                207, 225, 240, 248    40, 8, 32, 13       
                                254, 362, 363, 374    33, 19, 19, 41      
мэдээлэл                        42, 43, 67, 69        7, 14, 22, 22       
                                70, 79, 158, 159      22, 15, 6, 6        
                                200, 209, 219, 262    9, 11, 19, 10       
                                264, 264, 266, 266    17, 28, 17, 35      
                                268, 268, 273, 296    17, 35, 10, 13      
                                303, 310, 320, 324    7, 11, 19, 29       
                                328, 333, 349, 350    16, 21, 19, 28      
                                352, 353, 353, 354    4, 2, 27, 21        
байгууллага                     46, 47, 59, 67        4, 4, 30, 11        
                                68, 69, 70, 78        16, 16, 16, 2       
                                91, 113, 113, 117     12, 2, 9, 24        
                                123, 131, 153, 154    29, 16, 18, 18      
                                160, 161, 162, 163    6, 6, 17, 17        
                                177, 181, 186, 186    10, 5, 23, 35       
                                188, 193, 196, 196    8, 18, 11, 32       
                                200, 213, 219, 253    22, 8, 25, 5        
                                254, 287, 288, 289    9, 19, 19, 2        
                                290, 296, 309, 311    2, 2, 3, 2          
                                312, 313, 316, 318    12, 2, 12, 3        
                                326, 327, 332, 333    6, 4, 4, 3          
                                338, 352, 353, 353    9, 5, 3, 24         
                                372, 372, 378, 378    5, 25, 12, 26       
                                380, 381, 382         5, 5, 5             
тал                             49, 52, 58, 79        17, 13, 13, 11      
                                156, 157, 165, 169    11, 11, 6, 17       
                                179, 200, 213, 224    8, 3, 18, 15        
                                238, 254, 273, 295    31, 6, 8, 7         
                                296, 300, 308, 327    9, 6, 7, 10         
                                328, 328, 330, 332    6, 12, 6, 10        
                                353                   16                  
талууд                          49, 52, 58, 79        17, 13, 13, 11      
                                156, 157, 165, 169    11, 11, 6, 17       
                                179, 200, 213, 224    8, 3, 18, 15        
                                238, 254, 273, 295    31, 6, 8, 7         
                                296, 300, 308, 327    9, 6, 7, 10         
                                328, 328, 330, 332    6, 12, 6, 10        
                                353                   16                  
улсын их хурлын бусад шийдвэрийн төсөл  50, 51                11, 6               
чуулганы хуралдаан              51                    16                  
хяналт тавих                    52, 53, 108, 200      22, 8, 13, 30       
                                219, 266, 268, 276    33, 43, 43, 24      
                                279                   5                   
нээлт                           55                    6                   
санал                           56, 59, 69, 70        8, 31, 36, 36       
                                131, 136, 151, 152    8, 5, 20, 20        
                                156, 157, 162, 163    18, 18, 14, 14      
                                211, 213, 215, 238    29, 19, 11, 10      
                                238, 240, 287, 288    19, 43, 20, 20      
                                289, 290, 381, 382    12, 12, 22, 22      
захиргаа                        59, 131, 132, 134     25, 14, 48, 10      
                                136, 144, 145, 147    12, 8, 8, 7         
                                148, 186, 188, 213    7, 21, 6, 6         
                                372, 387              23, 16              
заавар                          59, 179, 203, 207     37, 14, 21, 35      
                                309, 333, 338, 344    13, 13, 11, 17      
эрүүл мэндийн тусламж, үйлчилгээ  62, 63, 83, 102       15, 15, 27, 6       
                                142, 143, 297         5, 5, 10            
төсвийн ерөнхийлөн захирагч     62, 63                40, 40              
орлого                          62, 63, 68, 233       7, 7, 18, 31        
ажил                            62, 63, 80, 83        9, 9, 21, 35        
                                90, 96, 125, 132      8, 6, 13, 33        
                                166, 174, 213, 235    33, 8, 26, 7        
                                261, 339              15, 9               
зарлага                         62, 63, 142, 143      35, 35, 22, 22      
төсөв                           62, 63                38, 38              
хөрөнгө                         62, 63, 142, 143      44, 44, 25, 25      
                                233, 261, 362, 363    35, 12, 16, 16      
                                364, 365, 375, 380    27, 27, 4, 14       
үүрэг гүйцэтгэгч                66, 119, 233, 251     4, 7, 4, 4          
зээл                            66, 225, 226, 226     18, 20, 18, 32      
                                229, 233, 235, 235    5, 20, 3, 23        
                                236, 236, 236, 238    9, 13, 30, 5        
                                238, 242, 242, 355    14, 15, 18, 9       
                                356, 358, 359, 360    9, 6, 6, 4          
                                360, 361, 361, 364    13, 4, 13, 9        
                                365                   9                   
бүтээгдэхүүн                    66, 84, 108, 233      20, 6, 2, 22        
                                233                   26                  
хүү                             66, 231, 231, 236     21, 9, 16, 8        
                                236, 242, 246, 246    16, 14, 23, 34      
                                358, 359, 360, 361    8, 8, 15, 15        
                                362, 363, 364, 364    10, 10, 10, 17      
                                365, 365              10, 17              
банк                            66, 221, 221, 224     24, 4, 8, 2         
                                225, 225, 225, 225    3, 14, 19, 23       
                                226, 226, 226, 229    13, 29, 34, 10      
                                230, 231, 235, 238    9, 4, 12, 12        
                                238, 240, 240, 242    28, 10, 44, 4       
                                244, 246              13, 5               
хөдөлмөрийн аюулгүй байдал      67, 211               31, 15              
тоног төхөөрөмж                 67, 121, 184, 189     19, 14, 12, 17      
                                190, 205              17, 27              
эрсдэл                          67, 119, 211, 248     7, 4, 18, 4         
ажилтан                         67, 338, 339          12, 3, 8            
аж ахуйн нэгж                   68, 91, 108, 113      13, 9, 4, 6         
                                186, 219, 372, 378    32, 9, 2, 9         
                                378, 380, 381, 382    23, 2, 2, 2         
төрийн бус байгууллага          69, 70, 219, 279      27, 27, 6, 9        
боловсролын байгууллага         73                    7                   
төлбөр                          73, 73, 201, 231      27, 30, 37, 19      
                                231, 235, 236, 236    43, 16, 10, 17      
                                244, 251, 251, 342    37, 22, 28, 4       
                                353, 360, 361         31, 14, 14          
сургалтын байгууллага           77                    3                   
багш                            77                    21                  
суралцагч                       77                    23                  
зам                             79                    10                  
орон байр                       80                    9                   
гэрээ                           80, 240, 246          5, 62, 10           
түлш                            80                    12                  
хүнс                            80, 84, 87, 107       14, 21, 18, 4       
                                117, 123, 211         10, 12, 31          
ус                              80, 123               17, 11              
эмнэлгийн хэрэгсэл              83, 84, 102, 121      32, 11, 12, 12      
                                184, 186, 186         8, 5, 25            
эм                              83, 84, 102, 121      31, 10, 11, 11      
                                184, 188              7, 16               
оношлуур                        84                    13                  
бэлэн байдал                    87                    10                  
нэмэгдэл                        90, 90                17, 18              
зорчигч                         95, 183               6, 5                
хохирогчид үзүүлэх үйлчилгээ    96                    8                   
түр хамгаалах байр              96                    11                  
хамтарсан баг                   96                    14                  
хөрөнгө оруулалт                96                    19                  
санхүүгийн дэмжлэг              101                   30                  
үр                              107                   6                   
үйлдвэрлэгч                     108, 217              3, 10               
монгол улсын хил                109, 192              7, 12               
гаалийн бүрдүүлэлтийн горим     109                   23                  
хязгаарлалтын дэглэм            109, 175, 201, 309    3, 15, 4, 11        
                                333                   11                  
гаалийн хил                     109                   17                  
торгууль                        109, 201              35, 38              
төрийн үйлчилгээ                111, 111, 151, 152    4, 14, 8, 8         
мэдээллийн технологи            111, 117, 123, 341    6, 6, 6, 3          
нэгдсэн систем                  111                   16                  
систем                          113                   21                  
харилцаа холбоо                 117, 123, 266, 268    4, 4, 33, 33        
эрчим хүч                       117, 123, 205         8, 8, 3             
тэтгэмж                         119                   19                  
хохирогч                        125                   9                   
гүйцэтгэгч                      125, 196, 231         16, 18, 24          
даатгагч                        125, 244              23, 28              
хилийн хяналтын байгууллага     132, 149, 150, 193    25, 19, 19, 11      
газрын тос                      132                   3                   
хилийн боомт                    132, 132, 134, 136    10, 43, 5, 7        
                                193, 193              20, 31              
захиргааны байгууллага          132, 149, 150, 266    31, 25, 25, 40      
                                268                   40                  
удирдлага                       132, 193              37, 38              
боомт                           144, 145, 147, 148    4, 4, 3, 3          
                                149, 150, 183, 194    2, 2, 2, 2          
хяналт шалгалт                  151, 152, 156, 157    10, 10, 4, 4        
                                183                   10                  
тээвэрлэгч                      151, 152              3, 3                
удирдамж@@                      153, 154, 179, 207    7, 7, 15, 37        
хэлэлцээр                       156, 157              16, 16              
хуулийн этгээд                  158, 159, 209, 226    2, 2, 8, 16         
                                231, 292, 293, 386    39, 2, 2, 5         
мэдээ                           158, 159, 209, 219    5, 5, 10, 18        
                                324, 350              28, 27              
комисс                          164, 165, 276, 300    5, 9, 4, 27         
                                344, 353, 372, 384    15, 19, 17, 17      
хүсэлт                          166, 169, 251         5, 11, 27           
нислэг                          166                   20                  
харьяалалгүй хүн                169, 192, 201         7, 10, 10           
зөвшөөрөл                       172, 173, 201, 201    12, 17, 18, 24      
                                231, 248              31, 30              
хөл хорио                       175, 374              18, 25              
сорьц                           175                   10                  
тусгаарлах                      175, 182, 312, 315    12, 12, 10, 5       
тушаал                          179, 261              10, 17              
дүрэм                           179, 207              12, 33              
ажиглах                         182, 315              4, 6                
баталгаажуулах                  182                   8                   
эмчлэх                          182, 203              13, 4               
халдварын сэжигтэй              183, 312              13, 3               
мэргэжил                        183, 211              30, 33              
эрүүл ахуй                      186, 211              7, 12               
лабораторийн шинжилгээ          186                   13                  
тусгай зөвшөөрөл                186                   29                  
албан татвар                    189, 190              23, 23              
гадаадын иргэн                  192, 201              8, 8                
улсын хил хамгаалах байгууллага  194                   16                  
шалгагч                         194                   12                  
шүүгч                           195, 195              4, 14               
шүүх                            195, 195              4, 14               
прокурор                        195, 195, 209         5, 18, 16           
шүүхийн шийдвэр                 196                   16                  
шуудан                          198, 198, 211, 240    3, 12, 4, 24        
зөвлөмж                         203, 309, 333, 338    16, 18, 18, 12      
                                344                   18                  
холбоо                          205                   2                   
хөдөлгөөн                       209, 266, 268         4, 3, 3             
мэргэжлийн байгууллага          211, 329              27, 4               
шугам                           213                   24                  
тээвэрлэлт                      217                   17                  
санхүүгийн байгууллага          221, 226, 226         9, 14, 30           
салбар                          225, 235              12, 2               
гадаад валют                    226, 231, 244, 244    22, 46, 5, 15       
                                244                   38                  
гадаадын валют                  226, 231, 244, 244    22, 46, 5, 15       
                                244                   38                  
үнэт цаас                       226, 233              35, 37              
валют                           226                   2                   
харилцах данс                   231                   7                   
хөнгөлөлт                       236, 242, 364, 365    7, 13, 8, 8         
зээлдэгч                        238, 355, 356         20, 7, 7            
эрх бүхий хуулийн этгээд        240, 240, 240         2, 11, 45           
тоон гарын үсэг                 240                   37                  
этгээд                          240                   20                  
мөнгөн хадгаламж                244, 246, 246, 246    20, 8, 21, 30       
харилцагч                       246                   6                   
зарлаг                          246                   28                  
зохицуулах хороо                248                   2                   
хөрөнгө оруулагч                248                   14                  
үйлчлүүлэгч                     248                   16                  
шүүлт                           258                   18                  
өмгөөлөгч                       258                   26                  
шинжээч                         261, 312, 387         25, 5, 10           
гэр бүлийн нууц                 262                   16                  
гуравдагч этгээд                266, 268              26, 26              
сан                             266, 268, 374, 374    15, 15, 11, 16      
хариуцагч                       266, 268, 318         38, 38, 9           
төлбөр авагч                    297                   15                  
гомдол                          300, 330, 366, 367    30, 27, 17, 17      
гэр бүлийн гишүүн               303                   3                   
эмнэлэг                         312                   11                  
халдварлагдсан                  316                   6                   
халдваргүйжүүлэлт               317                   6                   
нэгж                            326, 327, 332         5, 3, 3             
хандив                          329, 372, 374         10, 14, 5           
алданги                         358, 359, 364, 365    13, 13, 11, 11      
хураамж                         362, 363, 364, 365    12, 12, 19, 19      
олон улсын байгууллага          372                   6                   
эд хөрөнгө                      378, 378, 380, 381    14, 34, 7, 7        
                                382                   7                   
барилга байгууламж              378, 378, 380, 381    16, 36, 9, 9        
                                382, 384              9, 11               
үйл ажиллагааны зардал          380                   17                  
