File: MNCLW00273.txt
Search Method: Aho-Corasick
Total runtime: 0.000503s
Found terms: 57

Term                            Line                  Word Place          

төрийн ордон                    5                     1                   
урьдчилан сэргийлэх             6, 7, 8, 9            6, 6, 16, 16        
                                10, 11, 12, 13        16, 16, 16, 16      
                                14, 15                10, 10              
халдвар                         6, 7, 8, 9            2, 2, 12, 12        
                                10, 11, 12, 13        12, 12, 12, 12      
                                14, 15                6, 6                
мөрдөгч                         6, 7, 14, 15          24, 24, 33, 33      
журам                           6, 7                  25, 25              
хүү                             8, 9, 12, 13          40, 40, 53, 53      
алданги                         8, 9, 12, 13          41, 41, 54, 54      
газар                           8, 9, 10, 11          46, 46, 63, 63      
                                12, 13                46, 46              
зээлдэгч                        8, 9                  48, 48              
зээл                            8, 9, 10, 11          51, 51, 66, 66      
                                12, 13                49, 49              
үйлчлэгч                        10, 10, 11, 11        50, 79, 50, 79      
төлбөр                          12, 13                52, 52              
хураамж                         12, 13                57, 57              
