File: MNCLW00305.txt
Search Method: Trie (MWE + Single-Word)
Total runtime: 0.014022s
Found terms: 1012

Term                            Line                  Word Place          

хүү                             6, 7, 21, 262         2, 2, 293, 2        
                                317, 366, 661         307, 1, 2           
төсв                            8, 14, 14, 14         5, 10, 15, 55       
                                15, 16, 16, 16        7, 5, 10, 13        
                                20, 21, 147, 312      9, 145, 2, 8        
                                312, 316, 770, 773    11, 8, 8, 9         
                                779, 781, 781, 784    7, 13, 18, 18       
                                787, 788, 791, 793    20, 20, 7, 5        
                                797, 852, 884, 1011   7, 5, 5, 7          
орон нутгийн хөгжлийн нэгдсэн сан  14, 795, 796, 884     26, 12, 12, 7       
орон нутгийн төсөв              14, 795, 796, 797     20, 1, 1, 9         
орон нутгийн төсв               14, 795, 796, 852     41, 7, 7, 7         
төсвийн ерөнхийлөн захирагч     14, 20, 23, 316       48, 11, 1, 10       
                                319                   1                   
улсын төсөв                     14, 14, 14, 14        6, 44, 68, 73       
                                20, 312, 787, 788     5, 4, 27, 27        
                                852                   10                  
улсын  төсөв                    14, 14, 14, 14        6, 44, 68, 73       
                                20, 312, 787, 788     5, 4, 27, 27        
                                852                   10                  
санхүүгийн дэмжлг               14, 795, 796, 797     24, 5, 5, 13        
                                798, 801              2, 2                
санхүүгийн дэмжлэг              14, 795, 796, 797     24, 5, 5, 13        
                                798, 801              2, 2                
улсын төсв                      14, 316, 770, 773     32, 4, 4, 4         
                                776, 795, 796, 884    4, 18, 18, 13       
                                1007, 1009            4, 4                
орлогын шилжүүлэг               14, 795, 796, 884     39, 25, 25, 20      
орлогын шилжүүлг                14, 795, 796, 884     39, 25, 25, 20      
төсвийн алдагдл                 14                    79                  
орлого                          14, 14, 14, 20        13, 17, 47, 20      
                                21, 21, 21, 21        12, 19, 43, 73      
                                21, 21, 21, 21        88, 103, 117, 129   
                                21, 21, 21, 21        165, 204, 216, 231  
                                21, 21, 21, 21        252, 271, 285, 308  
                                21, 21, 21, 21        331, 333, 349, 352  
                                21, 29, 37, 44        365, 3, 3, 5        
                                51, 57, 60, 75        5, 3, 5, 5          
                                82, 94, 99, 106       3, 3, 5, 3          
                                110, 117, 121, 128    5, 3, 5, 3          
                                136, 167, 171, 190    5, 3, 5, 8          
                                191, 200, 205, 212    5, 8, 5, 3          
                                216, 231, 232, 244    5, 3, 5, 3          
                                255, 259, 270, 274    3, 5, 3, 5          
                                284, 285, 286, 296    8, 3, 5, 8          
                                297, 298, 307, 312    3, 5, 3, 13         
                                770, 795, 796, 852    14, 11, 11, 13      
                                853, 857              3, 2                
орлог                           14, 14, 14, 20        13, 17, 47, 20      
                                21, 21, 21, 21        12, 19, 43, 73      
                                21, 21, 21, 21        88, 103, 117, 129   
                                21, 21, 21, 21        165, 204, 216, 231  
                                21, 21, 21, 21        252, 271, 285, 308  
                                21, 21, 21, 21        331, 333, 349, 352  
                                21, 29, 37, 44        365, 3, 3, 5        
                                51, 57, 60, 75        5, 3, 5, 5          
                                82, 94, 99, 106       3, 3, 5, 3          
                                110, 117, 121, 128    5, 3, 5, 3          
                                136, 167, 171, 190    5, 3, 5, 8          
                                191, 200, 205, 212    5, 8, 5, 3          
                                216, 231, 232, 244    5, 3, 5, 3          
                                255, 259, 270, 274    3, 5, 3, 5          
                                284, 285, 286, 296    8, 3, 5, 8          
                                297, 298, 307, 312    3, 5, 3, 13         
                                770, 795, 796, 852    14, 11, 11, 13      
                                853, 857              3, 2                
байгууллаг                      14, 20, 21, 21        19, 18, 26, 34      
                                21, 21, 21, 21        47, 66, 92, 107     
                                21, 21, 21, 21        121, 136, 169, 202  
                                21, 21, 21, 21        220, 235, 255, 289  
                                21, 21, 21, 44        312, 336, 356, 3    
                                51, 60, 75, 99        3, 3, 3, 3          
                                110, 121, 136, 171    3, 3, 3, 3          
                                191, 205, 216, 232    3, 3, 3, 3          
                                259, 274, 286, 298    3, 3, 3, 3          
                                1013                  5                   
байгууллага                     14, 20, 21, 21        19, 18, 26, 34      
                                21, 21, 21, 21        47, 66, 92, 107     
                                21, 21, 21, 21        121, 136, 169, 202  
                                21, 21, 21, 21        220, 235, 255, 289  
                                21, 21, 21, 44        312, 336, 356, 3    
                                51, 60, 75, 99        3, 3, 3, 3          
                                110, 121, 136, 171    3, 3, 3, 3          
                                191, 205, 216, 232    3, 3, 3, 3          
                                259, 274, 286, 298    3, 3, 3, 3          
                                1013                  5                   
сан                             14, 14, 14, 14        37, 57, 61, 67      
                                21, 21, 21, 21        139, 154, 326, 344  
                                139, 147, 151, 159    1, 4, 3, 1          
                                317, 525, 781, 784    186, 1, 15, 5       
                                784, 787, 787, 788    15, 5, 24, 5        
                                788, 795, 796, 884    24, 23, 23, 18      
                                884, 1013             25, 14              
төсөв                           14, 21, 21, 21        51, 25, 33, 46      
                                21, 21, 21, 21        65, 91, 106, 120    
                                21, 21, 21, 21        135, 168, 201, 219  
                                21, 21, 21, 21        234, 254, 288, 311  
                                21, 21, 44, 51        335, 355, 2, 2      
                                60, 75, 99, 110       2, 2, 2, 2          
                                121, 136, 171, 191    2, 2, 2, 2          
                                205, 216, 232, 259    2, 2, 2, 2          
                                274, 286, 298, 316    2, 2, 2, 15         
хөрөнгө                         14, 18, 19, 317       63, 9, 9, 19        
                                317, 317, 317, 317    82, 130, 138, 153   
                                317, 317, 317, 317    167, 179, 221, 234  
                                317, 317, 317, 317    246, 285, 299, 320  
                                317, 317, 317, 317    342, 369, 381, 401  
                                338, 378, 409, 462    1, 1, 1, 1          
                                473, 488, 503, 518    1, 1, 1, 1          
                                534, 562, 577, 592    1, 1, 1, 1          
                                639, 654, 673, 697    1, 1, 1, 1          
                                724, 739, 762, 773    1, 1, 1, 6          
                                776, 781, 784, 1007   6, 21, 21, 6        
                                1009                  6                   
хөрөнг                          14, 18, 19, 317       63, 9, 9, 19        
                                317, 317, 317, 317    82, 130, 138, 153   
                                317, 317, 317, 317    167, 179, 221, 234  
                                317, 317, 317, 317    246, 285, 299, 320  
                                317, 317, 317, 317    342, 369, 381, 401  
                                338, 378, 409, 462    1, 1, 1, 1          
                                473, 488, 503, 518    1, 1, 1, 1          
                                534, 562, 577, 592    1, 1, 1, 1          
                                639, 654, 673, 697    1, 1, 1, 1          
                                724, 739, 762, 773    1, 1, 1, 6          
                                776, 781, 784, 1007   6, 21, 21, 6        
                                1009                  6                   
шилжүүлэг                       14, 607, 615, 623     71, 2, 1, 1         
                                631, 693, 720, 758    2, 1, 4, 2          
                                787, 888              30, 1               
шилжүүлг                        14, 607, 615, 623     71, 2, 1, 1         
                                631, 693, 720, 758    2, 1, 4, 2          
                                787, 888              30, 1               
этгээд                          16                    21                  
төсвийн орлог                   18, 19                5, 5                
төсвийн орлого                  18, 19                5, 5                
өрийн удирдлаг                  18, 19                10, 10              
өрийн удирдлага                 18, 19                10, 10              
зарлиг                          18, 19, 884, 885      7, 7, 28, 7         
                                885, 885, 885, 885    11, 15, 19, 23      
                                885, 885, 885, 885    27, 31, 35, 39      
                                885, 885, 885, 885    43, 47, 51, 55      
                                885, 885, 885, 885    59, 63, 67, 71      
                                885, 885, 885, 885    75, 79, 83, 87      
                                885, 892, 897, 902    91, 3, 3, 3         
                                907, 912, 917, 922    3, 3, 3, 3          
                                927, 932, 937, 942    3, 3, 3, 3          
                                947, 952, 957, 962    3, 3, 3, 3          
                                967, 972, 977, 982    3, 3, 3, 3          
                                987, 992, 997         3, 3, 3             
зарлаг                          18, 19, 884, 885      7, 7, 28, 7         
                                885, 885, 885, 885    11, 15, 19, 23      
                                885, 885, 885, 885    27, 31, 35, 39      
                                885, 885, 885, 885    43, 47, 51, 55      
                                885, 885, 885, 885    59, 63, 67, 71      
                                885, 885, 885, 885    75, 79, 83, 87      
                                885, 892, 897, 902    91, 3, 3, 3         
                                907, 912, 917, 922    3, 3, 3, 3          
                                927, 932, 937, 942    3, 3, 3, 3          
                                947, 952, 957, 962    3, 3, 3, 3          
                                967, 972, 977, 982    3, 3, 3, 3          
                                987, 992, 997         3, 3, 3             
зарлага                         18, 19, 884, 885      7, 7, 28, 7         
                                885, 885, 885, 885    11, 15, 19, 23      
                                885, 885, 885, 885    27, 31, 35, 39      
                                885, 885, 885, 885    43, 47, 51, 55      
                                885, 885, 885, 885    59, 63, 67, 71      
                                885, 885, 885, 885    75, 79, 83, 87      
                                885, 892, 897, 902    91, 3, 3, 3         
                                907, 912, 917, 922    3, 3, 3, 3          
                                927, 932, 937, 942    3, 3, 3, 3          
                                947, 952, 957, 962    3, 3, 3, 3          
                                967, 972, 977, 982    3, 3, 3, 3          
                                987, 992, 997         3, 3, 3             
зарлг                           18, 19, 884, 885      7, 7, 28, 7         
                                885, 885, 885, 885    11, 15, 19, 23      
                                885, 885, 885, 885    27, 31, 35, 39      
                                885, 885, 885, 885    43, 47, 51, 55      
                                885, 885, 885, 885    59, 63, 67, 71      
                                885, 885, 885, 885    75, 79, 83, 87      
                                885, 892, 897, 902    91, 3, 3, 3         
                                907, 912, 917, 922    3, 3, 3, 3          
                                927, 932, 937, 942    3, 3, 3, 3          
                                947, 952, 957, 962    3, 3, 3, 3          
                                967, 972, 977, 982    3, 3, 3, 3          
                                987, 992, 997         3, 3, 3             
бүх нийтийн үйлчилгээний үүрэг  21                    54                  
бүх нийтийн үйлчилгээний үүрг   21                    54                  
нийгмийн даатгалын сан          21, 21, 190, 200      193, 209, 1, 1      
                                284, 296              1, 1                
гадаадын тусламж                21, 21, 21, 21        10, 17, 41, 71      
                                21, 21, 21, 21        101, 115, 127, 163  
                                21, 21, 21, 21        229, 250, 269, 283  
                                21, 21, 21, 29        306, 350, 363, 1    
                                37, 57, 82, 94        1, 1, 1, 1          
                                106, 117, 128, 167    1, 1, 1, 1          
                                212, 231, 244, 255    1, 1, 1, 1          
                                270, 285, 297, 307    1, 1, 1, 1          
зохицуулах хороо                21, 317               29, 88              
байгаль орчин                   21, 113, 317, 495     110, 1, 160, 1      
аялал жуулчлал                  21, 113, 317, 495     112, 3, 162, 3      
оюуны өмч                       21, 178               177, 1              
улсын бүртгэл                   21, 178               179, 3              
батлан хамгаалах                21, 196, 317, 584     206, 1, 241, 1      
хот байгуулалт                  21, 236, 317, 746     259, 2, 389, 2      
ашигт малтмал                   21, 251               278, 1              
газрын тос                      21, 251               280, 3              
эрчим хүч                       21, 306, 317, 731     360, 1, 376, 1      
зөвлөл                          21, 40, 317, 317      22, 3, 40, 59       
                                317, 359, 383, 421    94, 3, 4, 3         
зохицуулалт                     21, 71, 793           62, 4, 20           
мэргэжл                         21, 89                79, 1               
стандарт                        21, 93                83, 1               
хэмжил                          21, 93                84, 2               
газар                           21, 21, 71, 78        86, 262, 5, 3       
                                89, 93, 143, 155      4, 4, 3, 3          
                                178, 182, 223, 240    6, 3, 4, 1          
                                240, 251, 283, 793    7, 5, 5, 4          
газр                            21, 21, 102, 102      96, 99, 2, 5        
                                317, 317, 317, 317    8, 78, 146, 149     
                                317, 317, 323, 401    208, 395, 5, 3      
                                480, 480, 547, 754    2, 5, 2, 2          
                                791                   4                   
зээл                            21, 21, 21, 163       160, 190, 303, 5    
                                186, 266, 317, 317    5, 5, 84, 211       
                                533, 547, 635, 669    5, 5, 5, 5          
                                701                   5                   
эмнэлг                          21, 21, 21, 21        197, 213, 328, 346  
                                190, 200, 284, 296    5, 5, 5, 5          
эмнэлэг                         21, 21, 21, 21        197, 213, 328, 346  
                                190, 200, 284, 296    5, 5, 5, 5          
спорт                           21, 208, 317, 595     227, 5, 252, 5      
зам                             21, 21, 219, 227      238, 246, 1, 1      
                                317, 569              228, 1              
нисэх                           21, 223               243, 2              
геодези                         21, 240               265, 4              
геодез                          21, 240               265, 4              
хүн                             21, 247, 317, 646     275, 3, 294, 3      
хүнс                            21, 262, 317, 661     292, 1, 306, 1      
үйлчилгээ                       21, 283, 317, 689     322, 3, 337, 1      
                                720                   1                   
аудитор                         33, 390               4, 4                
шүүх                            40, 317, 352, 359     1, 34, 3, 1         
санхүүгийн зохицуулах хороо     47, 414               1, 1                
бүх нийтийн үйлчилгээний үүргийн сан  67                    1                   
авлиг                           78, 317, 401          1, 76, 1            
авлига                          78, 317, 401          1, 76, 1            
төлөөлөгчийн газр               132                   2                   
эрүүл мэнд                      295, 317, 708         1, 354, 1           
эрүүл мэндийн анхан шатны тусламж, үйлчилгээ  317                   360                 
засгийн газрын үнэт цаас        317, 543              201, 1              
гадаадын зээл                   317, 317, 317, 317    21, 71, 104, 140    
                                317, 317, 317, 317    155, 169, 181, 196  
                                317, 317, 317, 317    223, 236, 287, 301  
                                317, 317, 317, 317    322, 349, 371, 383  
                                317, 342, 398, 410    403, 1, 1, 1        
                                436, 477, 492, 507    1, 1, 1, 1          
                                522, 539, 566, 581    1, 1, 1, 1          
                                643, 658, 677, 705    1, 1, 1, 1          
                                728, 743, 766         1, 1, 1             
гадаад зээл                     317, 317, 317, 317    21, 71, 104, 140    
                                317, 317, 317, 317    155, 169, 181, 196  
                                317, 317, 317, 317    223, 236, 287, 301  
                                317, 317, 317, 317    322, 349, 371, 383  
                                317, 342, 398, 410    403, 1, 1, 1        
                                436, 477, 492, 507    1, 1, 1, 1          
                                522, 539, 566, 581    1, 1, 1, 1          
                                643, 658, 677, 705    1, 1, 1, 1          
                                728, 743, 766         1, 1, 1             
соёлын үйлчилгээ                317, 619              269, 1              
биеийн тамир                    317, 627              275, 2              
комисс                          317, 317, 366, 447    46, 120, 4, 7       
ажл                             317, 447              115, 2              
төсл                            317, 547              210, 4              
кадастр                         317, 754              397, 4              
шүүгч                           352                   5                   
прокурор                        373                   3                   
үндэсний аюулгүй байдл          383                   1                   
төрийн алба                     421                   1                   
төрийн алб                      421                   1                   
төлбөр                          543, 551              6, 2                
эрүүл мэндийн анхан шатны тусламж  716                   2                   
төсвийн зарлаг                  770                   11                  
төсвийн  зарлага                770                   11                  
төсвийн зарлага                 770                   11                  
төсөл, арга хэмжээ              773, 776, 779, 1007   14, 14, 16, 12      
                                1009, 1011            14, 16              
хөрөнгө оруулалт                773, 779, 1007, 1011  12, 14, 10, 14      
барилга байгууламж              773, 776, 779, 1007   17, 17, 19, 15      
                                1009, 1011            17, 19              
концесс                         776, 1009             11, 11              
банк                            779, 1011             4, 4                
журм                            787, 788              10, 10              
өр                              791, 791, 793         10, 12, 19          
засгийн газрын өр               793                   14                  
үйл ажиллагаа                   793                   21                  
хөтөлбөр                        1006, 1006, 1013      10, 11, 7           
үр                              1006                  12                  
төсөл                           1013                  6                   
сум                             1013                  10                  
