File: MNCLW00395.txt
Search Method: Aho-Corasick
Total runtime: 0.001401s
Found terms: 457

Term                            Line                  Word Place          

төрийн ордон                    5                     1                   
хүү                             5, 27, 107            4, 5, 3             
музейн сан хөмрг                11, 110, 111, 112     13, 1, 1, 4         
                                121, 127, 137, 138    4, 4, 14, 6         
                                140, 141              4, 6                
музейн сан хөмрөг               11, 110, 111, 112     13, 1, 1, 4         
                                121, 127, 137, 138    4, 4, 14, 6         
                                140, 141              4, 6                
үйл ажиллагаа                   11, 17, 18, 19        6, 9, 9, 11         
                                20, 24, 30, 32        11, 7, 4, 2         
                                36, 39, 40, 43        2, 2, 2, 19         
                                70, 74, 75, 88        5, 5, 7, 4          
                                90, 94, 128, 181      9, 3, 8, 3          
орон нутгийн өмч                13, 19, 20, 100       21, 7, 7, 14        
                                120, 138, 141, 142    10, 3, 3, 12        
                                167, 171              3, 3                
соёлын өв                       13, 56, 96, 118       14, 10, 13, 11      
                                119, 141, 141, 172    12, 9, 15, 4        
этгээд                          13, 91                29, 10              
олон улсын гэрээ                14, 15                12, 12              
монгол улсын нутаг дэвсгэр      17, 18                4, 4                
тодорхойлолт                    21, 25, 52            6, 10, 8            
соёлын үнэт зүйл                23, 26, 50, 72        3, 8, 4, 9          
                                86, 127, 128, 129     5, 7, 4, 3          
                                138, 179, 181         9, 5, 7             
эрдэм шинжилгээний байгууллага  23                    21                  
эрдэм шинжилгээний байгууллаг   23                    21                  
баримт бичиг                    24, 25, 44, 58        17, 14, 20, 17      
                                122                   7                   
баримт бичг                     24, 25, 44, 58        17, 14, 20, 17      
                                122                   7                   
цуглуулга                       24, 28, 29, 98        12, 6, 4, 4         
                                118, 139              16, 7               
цуглуулг                        24, 28, 29, 98        12, 6, 4, 4         
                                118, 139              16, 7               
үзүүллг                         24, 86, 97, 98        14, 11, 5, 15       
                                99, 100, 100, 100     9, 4, 18, 36        
                                103, 105              9, 5                
үзүүллэг                        24, 86, 97, 98        14, 11, 5, 15       
                                99, 100, 100, 100     9, 4, 18, 36        
                                103, 105              9, 5                
үзмэр                           25, 27, 28, 29        4, 21, 5, 3         
                                96, 98, 114, 115      4, 3, 21, 6         
                                116, 117, 118, 119    4, 4, 15, 10        
                                120, 123, 139, 140    5, 3, 6, 7          
                                141, 142, 143, 166    12, 5, 7, 2         
                                168, 180              5, 4                
мэдээлл                         25, 122, 125, 126     13, 5, 9, 8         
                                179, 183              9, 5                
ерөнхий бүртгэл                 26, 122, 124          3, 10, 2            
холбоо                          27                    9                   
ачаа                            27                    19                  
бүрдэл                          27                    22                  
сан хөмрг                       28, 113, 114, 115     2, 6, 2, 8          
                                116, 117, 119, 122    2, 2, 2, 2          
                                123, 124, 128, 128    5, 8, 2, 10         
                                129, 143, 155, 159    8, 5, 3, 2          
                                180                   2                   
сан хөмрөг                      28, 113, 114, 115     2, 6, 2, 8          
                                116, 117, 119, 122    2, 2, 2, 2          
                                123, 124, 128, 128    5, 8, 2, 10         
                                129, 143, 155, 159    8, 5, 3, 2          
                                180                   2                   
музей                           33, 44, 69, 70        4, 4, 5, 2          
                                70, 71, 72, 96        9, 5, 4, 8          
                                101, 108, 126, 143    12, 11, 13, 3       
                                172                   3                   
хуулийн этгээд                  34, 36, 44, 54        12, 16, 2, 9        
                                56, 58, 86, 90        2, 11, 2, 24        
                                94, 193               8, 11               
иргэн                           34, 36, 54, 58        11, 15, 8, 10       
                                94, 105, 106, 107     7, 4, 7, 9          
                                171                   14                  
музейн үзэл баримтлал           35, 114               14, 4               
баар                            35, 60, 94, 104       8, 2, 16, 10        
                                108, 117, 126, 128    14, 10, 12, 15      
                                168                   22                  
газр                            35, 43, 91, 92        21, 27, 17, 14      
                                100, 100, 117, 128    12, 30, 17, 25      
                                143, 166              14, 12              
гишүүн                          35, 43, 91, 92        22, 28, 18, 15      
                                100, 100, 117, 143    13, 31, 18, 15      
                                166                   13                  
тусгай зөвшөөрөл                36, 44                12, 6               
зөвшөөрл                        36, 41, 54            4, 8, 12            
тусгай зөвшөөрл                 39, 40                5, 5                
захиргаа                        39, 44, 54, 58        11, 14, 5, 5        
                                189                   8                   
байгууллага                     39, 44, 54, 58        13, 16, 7, 7        
                                66, 133, 153, 156     3, 3, 20, 31        
                                157, 189              31, 10              
байгууллаг                      39, 44, 54, 58        13, 16, 7, 7        
                                66, 133, 153, 156     3, 3, 20, 31        
                                157, 189              31, 10              
зөвшөөрөл                       41, 161               2, 27               
журм                            41, 108, 119, 128     12, 16, 19, 20      
                                128, 132, 138, 159    29, 3, 14, 10       
                                168                   24                  
дүрэм                           43                    2                   
зөвлөл                          43, 43, 128, 128      15, 18, 12, 17      
                                191                   6                   
дүрм                            43, 117, 117          22, 8, 12           
хүсэлт                          44, 44, 54, 58        9, 18, 11, 13       
барилга байгууламж              48, 66, 156, 157      4, 4, 13, 13        
                                161                   2                   
мэдээлэл                        48, 98                6, 8                
жагсаал                         50, 166               7, 7                
нийслэл                         52, 72, 90, 100       5, 3, 2, 23         
                                189                   15                  
соёлын биет өв                  56                    7                   
мэдээллийн сан                  56, 77, 78            15, 6, 9            
тохиолдол                       58, 141, 142, 143     9, 14, 7, 9         
зохиогч                         62, 137, 137          4, 10, 20           
гэмт хэрг                       64, 175               4, 6                
гэмт хэрэг                      64, 175               4, 6                
нотлох баримт                   64                    7                   
дүгнэлт                         66                    8                   
газар                           69, 108, 126, 138     2, 18, 15, 16       
                                156, 157, 159, 168    9, 9, 12, 26        
мэргэжил                        70                    10                  
сум                             72                    2                   
ажил                            81, 83, 174, 176      4, 4, 2, 2          
                                177                   5                   
үр                              83, 130               6, 6                
төсв                            89                    3                   
үйлчилгээ                       89, 90, 102, 104      8, 13, 5, 6         
                                105, 108, 156, 157    8, 6, 16, 16        
үнэлгээ                         90, 91, 91, 119       26, 5, 8, 11        
                                120                   16                  
үнэлгээний тайлан               92                    8                   
хандив                          94, 95                12, 3               
нээлт                           94                    22                  
технолог                        98, 158               11, 8               
технологи                       98, 158               11, 8               
төсл                            99                    13                  
төлбөр                          102, 104, 104, 105    6, 7, 12, 9         
хөнгөлөлт                       105                   10                  
үнэ цэн                         114                   18                  
үнэ цэнэ                        114                   18                  
хөдөлгөөн                       117                   7                   
хөрөнгө                         120, 134              15, 2               
хөрөнг                          120, 134              15, 2               
шийдвэр                         123, 123, 133         11, 14, 4           
хайгуул                         130                   2                   
ажл                             130, 156, 157         5, 22, 22           
хамаарах эрх                    137                   5                   
оюуны өмч                       137                   18                  
бүтээл                          137                   13                  
тохирлын үнэлгээний итгэмжлэл   152                   11                  
техникийн зохицуулалт           152                   9                   
стандарт                        152                   7                   
стандартчилал                   152                   8                   
хяналт шалгалт                  153                   15                  
арга хэмжээ                     153                   28                  
гамшгаас хамгаалах              155, 156, 157         9, 23, 23           
гамшгийн голомт                 155                   18                  
бэлэн байдл                     155                   25                  
үйлчлүүлэгч                     155                   6                   
ажилтн                          155                   8                   
гамшиг                          155, 159, 160         12, 4, 2            
гамшг                           155, 159, 160         12, 4, 2            
эрсдэлийн үнэлгээ               156, 157              6, 6                
эрсдэл                          156, 156, 157, 157    4, 20, 4, 20        
ашиглалт                        156, 157              15, 15              
аюул                            159, 160              6, 4                
хог хаягдлын төвлөрсөн цэг      161                   16                  
аж ахуйн үйл ажиллагаа          161                   22                  
ажилтан                         163, 164, 165, 178    2, 2, 5, 2          
тушаал                          166, 167              6, 13               
төрөл, садангийн хүн            167                   14                  
сан                             169, 170, 171         5, 2, 7             
зээл                            175                   16                  
шугам                           179, 183              2, 2                
давуу байдал                    180                   13                  
санал                           184                   13                  
хяналт тавих                    188                   7                   
захиргааны байгууллаг           189                   12                  
захиргааны байгууллага          189                   12                  
төрийн алба                     193                   6                   
төрийн алб                      193                   6                   
хүн                             193                   10                  
