File: MNCLW00146.txt
Search Method: Trie (MWE + Single-Word)
Total runtime: 0.010899s
Found terms: 466

Term                            Line                  Word Place          

газрын тосны бүтээгдэхүүн       8, 14, 25, 29         1, 5, 5, 4          
                                30, 31, 32, 32        6, 4, 4, 32         
                                45, 46, 53, 54        1, 1, 3, 9          
                                80, 81, 85, 89        1, 1, 7, 3          
                                99, 118, 139, 144     13, 4, 3, 7         
                                163, 175, 178, 185    4, 12, 12, 18       
                                186, 208, 209, 216    12, 1, 1, 1         
                                217                   1                   
нийтлэх                         11, 12, 184, 186      1, 1, 10, 21        
үйл ажиллагаа                   14, 25, 32, 184       15, 13, 19, 7       
                                219                   11                  
үйлдвэрлэгч                     14, 29, 68, 74        9, 8, 5, 5          
                                80, 81, 103, 105      5, 5, 6, 4          
                                117, 118, 185         4, 7, 4             
тээвэрлэгч                      14, 29, 64, 68        11, 10, 4, 7        
                                74, 80, 81, 157       7, 7, 7, 6          
                                158, 159, 163         12, 14, 2           
аюул                            14, 16, 159, 160      17, 63, 8, 10       
                                173, 219              2, 13               
бүтээгдэхүүн                    15, 16, 28, 28        5, 3, 3, 28         
                                33, 35, 37, 39        11, 11, 11, 20      
                                41, 47, 48, 49        2, 5, 3, 3          
                                50, 51, 52, 55        3, 3, 3, 3          
                                56, 59, 60, 64        3, 3, 3, 3          
                                66, 67, 68, 69        3, 3, 3, 3          
                                70, 71, 72, 73        3, 3, 3, 3          
                                74, 75, 82, 86        3, 3, 5, 2          
                                88, 89, 103, 104      3, 35, 5, 3         
                                105, 106, 117, 119    3, 3, 3, 3          
                                121, 123, 137, 138    3, 5, 3, 3          
                                138, 140, 141, 142    7, 3, 3, 3          
                                157, 158, 164, 165    5, 3, 3, 5          
                                166, 167, 175, 177    3, 3, 3, 3          
                                182, 183, 184, 185    3, 3, 5, 3          
                                185, 204, 210, 211    6, 2, 5, 3          
                                213, 218, 219, 221    3, 5, 3, 3          
тээвэрлэлт                      15, 16, 25, 45        9, 7, 11, 7         
                                46, 47, 49, 55        7, 8, 7, 7          
                                59, 66, 72, 158       7, 7, 7, 4          
                                160, 160, 216, 217    2, 12, 7, 7         
                                218, 219, 221         9, 7, 7             
галын аюулгүй байдал            16                    19                  
тохирлын үнэлгээний итгэмжлэл   16                    44                  
газрын тос                      16, 28, 30, 39        13, 5, 3, 6         
                                41, 47, 66, 101       4, 14, 10, 23       
                                121, 145, 155, 175    24, 25, 25, 22      
                                188, 219              22, 17              
эрүүл ахуй                      16, 171               37, 10              
техникийн зохицуулалт           16                    42                  
зөвшөөрөл                       16, 61, 61, 93        17, 7, 10, 2        
                                101, 109, 121, 130    14, 2, 15, 2        
                                145, 149, 155         16, 2, 16           
хэмжил                          16                    24                  
стандартчилал                   16, 64                41, 17              
зам                             16, 28                61, 11              
мөрдөгч                         23                    17                  
үйлчлэгч                        24, 25                4, 22               
хуулийн этгээд                  25, 32, 89, 89        18, 14, 13, 22      
                                99, 167, 223          20, 7, 5            
иргэн                           25, 162               17, 20              
хэрэглэгч                       27                    3                   
бүх төрлийн шатахуун            28                    14                  
ачаа                            29                    20                  
тоног төхөөрөмж                 30, 105, 181, 185     18, 7, 16, 15       
                                188                   8                   
тээврийн хэрэгсэл               31, 158, 162, 164     10, 10, 6, 13       
савласан бүтээгдэхүүн           31                    13                  
барилга байгууламж              31, 70, 71, 174       19, 4, 4, 5         
                                174, 178, 178         14, 3, 10           
тусгай зөвшөөрөл эзэмшигч       32, 51, 87, 117       11, 8, 4, 5         
                                144, 186, 213         4, 17, 8            
этгээд                          32, 185               26, 9               
агуулах                         32, 69, 166, 167      28, 5, 8, 5         
                                185                   13                  
дайвар бүтээгдэхүүн             35                    22                  
түлш                            35, 35, 89            15, 17, 33          
түгээх станц                    37, 69, 174           12, 6, 3            
үйлдвэрлэл-үйлчилгээний зориулалт  41                    11                  
зохицуулалт                     45, 46, 52, 72        11, 11, 13, 14      
газар                           47, 48, 60, 175       12, 6, 16, 27       
                                185, 185, 212, 213    23, 41, 4, 13       
захиргаа                        47, 54, 64, 73        19, 6, 14, 25       
                                219                   22                  
байгууллага                     47, 54, 61, 64        21, 8, 21, 16       
                                72, 73, 73, 76        20, 22, 27, 25      
                                113, 135, 153, 160    2, 2, 2, 6          
                                169, 171, 181, 202    7, 7, 12, 3         
                                204, 219, 219         17, 24, 30          
тал                             48, 49, 54, 55        4, 11, 12, 11       
                                60, 66, 69, 72        12, 9, 15, 9        
                                73, 74, 86, 160       31, 9, 8, 3         
                                188                   21                  
талууд                          48, 49, 54, 55        4, 11, 12, 11       
                                60, 66, 69, 72        12, 9, 15, 9        
                                73, 74, 86, 160       31, 9, 8, 3         
                                188                   21                  
хөрөнгө оруулалт                49, 55                9, 9                
хяналт тавих                    49, 76                15, 27              
улсын нөөц                      50                    4                   
журам                           50, 51, 59, 68        7, 16, 12, 12       
                                160, 161, 175, 212    16, 6, 21, 6        
                                213                   15                  
компанийн нөөц                  51, 211, 213          11, 8, 17           
хилийн боомт                    53                    8                   
зохион байгуулагч               55                    18                  
ажил                            55, 70                17, 11              
тусгай зөвшөөрөл                56, 60, 70, 83        14, 8, 13, 4        
                                91, 99, 101, 104      5, 5, 5, 5          
                                106, 121, 124, 126    6, 6, 8, 7          
                                145, 147, 155         7, 7, 7             
дүрэм                           59, 68, 160, 188      11, 11, 15, 16      
санал                           60, 73                13, 32              
захиргааны байгууллага          64, 65, 66, 76        21, 8, 15, 6        
                                101, 121, 145, 155    28, 29, 30, 30      
                                188                   27                  
хариуцагч                       64                    12                  
стандарт                        68, 85, 86, 87        10, 5, 5, 9         
                                105, 118, 142, 160    11, 2, 4, 17        
                                164, 166, 188, 204    8, 4, 17, 20        
төсөл                           68, 111               14, 2               
төсөв                           69                    12                  
дүгнэлт                         69, 70, 86, 113       16, 17, 12, 3       
                                135, 153, 169, 171    3, 3, 4, 12         
                                173, 174, 188, 192    4, 25, 31, 5        
зураг төсөл                     70, 170, 202          6, 10, 6            
мэргэжил                        70, 181               16, 9               
ашиглалт                        71, 174               6, 7                
мэдээллийн сан                  72                    10                  
мэдээлэл                        72, 73, 74            18, 11, 12          
хяналт шалгалт                  76, 171, 219, 221     20, 2, 25, 13       
арга хэмжээ                     76                    30                  
хангагч                         87, 142, 158, 159     11, 6, 8, 11        
                                160, 162, 166, 188    20, 29, 6, 19       
өөрийн хөрөнгө                  89                    18                  
нэгж                            89                    29                  
өргөдөл                         93, 109, 130, 149     4, 4, 4, 4          
гэрээ                           95, 115, 133, 151     3, 5, 9, 11         
гэрчилгээ                       97, 133, 138, 151     4, 6, 14, 8         
                                163, 194, 196, 198    11, 3, 5, 4         
                                204                   14                  
бүх төрлийн шатахууны бөөний худалдаа  99                    7                   
тодорхойлолт                    101, 121, 145, 155    30, 31, 32, 32      
технологи                       105                   6                   
мэргэжлийн зөвлөл               111                   10                  
эрүүл мэнд                      120, 162, 185         5, 21, 31           
хүн                             120, 185, 223         3, 29, 4            
үл хөдлөх эд хөрөнгө            133, 151              2, 4                
шуудан                          141                   9                   
замын хөдөлгөөний аюулгүй байдлыг хангах  162                   12                  
гал түймэр                      162                   8                   
урьдчилан сэргийлэх             162                   10                  
жолооч                          162                   5                   
зогсоол                         162                   33                  
нийтийн тээвэр                  164                   4                   
үнэлгээ                         168                   5                   
хөрс                            169, 185, 185         2, 25, 42           
мэргэжлийн байгууллага          170                   3                   
газар эзэмших                   170                   15                  
ариун цэвэр                     171                   8                   
шугам                           174                   19                  
улсын бүртгэлд бүртгэсэн        175                   18                  
гишүүн                          175                   28                  
комисс                          178                   7                   
худалдагч                       185                   5                   
төрийн байгууллага              190                   10                  
борлуулалт                      190                   7                   
тайлан                          190                   8                   
тохиолдол                       190                   16                  
эд хөрөнгө                      196                   3                   
орц                             204                   6                   
