File: MNCLW00387.txt
Search Method: Trie (MWE + Single-Word)
Total runtime: 0.001451s
Found terms: 67

Term                            Line                  Word Place          

хүү                             5                     2                   
ой                              6, 19                 8, 6                
этгээд                          6, 11, 12, 13         12, 5, 18, 30       
                                14, 15, 15, 15        24, 15, 38, 43      
                                16, 20, 20, 20        5, 9, 15, 23        
                                20, 20, 20            37, 46, 58          
хорих ял                        7, 13, 14, 15         8, 25, 19, 44       
                                17, 19                9, 27               
шүүх                            7                     15                  
нэмэгдэл                        7, 13                 23, 41              
ял эдэлж байгаа                 8                     9                   
гэмт хэрэг                      8, 13, 13, 14         7, 10, 17, 11       
                                19, 20, 22            31, 5, 15           
гэмт хэрг                       8, 13, 13, 14         7, 10, 17, 11       
                                19, 20, 22            31, 5, 15           
баар                            9, 12, 15, 20         6, 4, 12, 32        
сан                             12, 13, 14, 19        6, 19, 13, 33       
                                20                    21                  
талууд                          14, 14                34, 44              
тал                             14, 14                34, 44              
газр                            15                    35                  
тогтоол                         15                    49                  
аюул                            18, 20                2, 4                
зарлг                           19                    25                  
зарлиг                          19                    25                  
зарлага                         19                    25                  
зарлаг                          19                    25                  
бусад этгээд                    20                    54                  
хүн                             20                    34                  
хөрөнг                          20                    56                  
хөрөнгө                         20                    56                  
