File: MNCLW00087.txt
Search Method: Trie (MWE + Single-Word)
Total runtime: 0.011688s
Found terms: 500

Term                            Line                  Word Place          

төрийн ордон                    5                     1                   
виртуал хөрөнгийн үйлчилгээ үзүүлэгч  6, 22, 23, 83         1, 3, 4, 2          
                                106, 107, 114, 118    1, 1, 9, 6          
                                118, 118, 129, 130    19, 29, 2, 16       
                                136, 149              2, 6                
нийтлэх                         8, 9                  1, 1                
виртуал хөрөнгө                 11, 16, 32, 33        5, 18, 1, 1         
                                35, 37, 42, 42        15, 5, 6, 13        
                                42, 45, 71, 78        15, 9, 7, 6         
                                80, 86, 87, 87        4, 4, 5, 14         
                                97, 97, 98, 101       5, 14, 12, 3        
                                102, 109, 117, 118    11, 5, 2, 44        
                                122, 131, 131, 161    6, 7, 15, 8         
хуулийн этгээд                  11, 23, 23, 35        9, 10, 19, 2        
                                118, 128, 156, 158    63, 19, 28, 5       
үйл ажиллагаа                   11, 21, 29, 35        12, 10, 2, 19       
                                40, 40, 42, 47        8, 13, 21, 6        
                                48, 48, 60, 65        2, 8, 18, 10        
                                72, 72, 75, 83        9, 12, 6, 6         
                                84, 91, 91, 92        35, 5, 10, 7        
                                118, 118, 118, 120    12, 23, 48, 5       
                                121, 126, 128, 129    7, 5, 28, 6         
                                131, 133, 134, 134    19, 7, 14, 21       
                                135, 138, 139         12, 6, 10           
хяналт тавих                    11, 108, 120, 156     15, 8, 7, 7         
үйлчилгээ                       11, 12, 13, 16        7, 5, 3, 20         
                                17, 21, 22, 25        3, 3, 7, 5          
                                26, 32, 33, 34        3, 3, 3, 5          
                                35, 40, 41, 43        17, 17, 7, 5        
                                44, 45, 45, 46        3, 4, 11, 3         
                                52, 58, 62, 68        3, 12, 3, 3         
                                71, 72, 73, 74        9, 3, 5, 3          
                                78, 80, 84, 87        4, 8, 3, 3          
                                87, 88, 89, 90        7, 3, 5, 3          
                                91, 92, 96, 97        3, 3, 3, 7          
                                98, 101, 102, 103     14, 5, 3, 3         
                                108, 109, 115, 115    5, 7, 3, 9          
                                117, 118, 118, 119    4, 3, 46, 3         
                                119, 121, 122, 123    7, 3, 8, 3          
                                125, 126, 128, 130    3, 3, 3, 3          
                                131, 131, 133, 134    3, 17, 5, 3         
                                135, 138, 139, 150    3, 3, 3, 7          
                                151, 151, 156, 160    3, 13, 3, 18        
                                161                   10                  
хөрөнгө                         12, 13, 17, 20        4, 2, 2, 2          
                                20, 21, 25, 26        37, 2, 4, 2         
                                34, 36, 38, 39        4, 2, 2, 2          
                                40, 41, 43, 44        2, 2, 4, 2          
                                46, 51, 62, 68        2, 5, 2, 2          
                                69, 72, 73, 74        10, 2, 4, 2         
                                78, 80, 84, 86        10, 3, 2, 3         
                                86, 87, 87, 87        9, 2, 13, 19        
                                88, 89, 90, 91        2, 4, 2, 2          
                                92, 93, 94, 94        2, 2, 2, 8          
                                95, 96, 97, 98        2, 2, 10, 2         
                                99, 100, 101, 102     2, 2, 2, 2          
                                103, 103, 108, 115    2, 9, 4, 2          
                                118, 118, 119, 121    2, 35, 2, 2         
                                123, 125, 126, 128    2, 2, 2, 2          
                                130, 131, 133, 134    2, 2, 4, 2          
                                135, 138, 139, 151    2, 2, 2, 2          
                                156                   2                   
үндэсний төлбөрийн систем       13                    41                  
мөнгө угаах                     13, 24, 52, 64        23, 4, 6, 3         
                                128                   31                  
терроризмтой тэмцэх             13, 50                37, 15              
иргэн                           13                    13                  
терроризм                       13, 24, 50, 64        26, 7, 4, 12        
                                128                   33                  
төлбөр                          13, 20                46, 24              
гүйцэтгэгч                      13, 142, 143          51, 6, 17           
мөрдөгч                         14, 88, 143           17, 15, 3           
үйлчлэгч                        15                    4                   
компани                         16, 21, 41, 45        6, 14, 10, 2        
                                62, 66, 109, 115      8, 9, 9, 6          
                                160                   12                  
харилцагч                       17, 29, 76, 77        7, 5, 7, 13         
                                78, 83, 86, 86        2, 18, 10, 12       
                                87, 90, 96, 102       11, 5, 5, 9         
                                103, 128, 128         11, 9, 10           
гэрээ                           17, 35, 77, 89        10, 4, 14, 7        
                                90                    8                   
тодорхойлолт                    18, 56                5, 6                
хэрэглэгч                       19, 57, 102           3, 10, 14           
үнэт цаас                       20, 94                10, 6               
цахим мөнгө                     20                    17                  
хөрөнгө оруулалт                20, 128               26, 23              
үнэ цэнэ                        20, 98, 100, 100      30, 16, 3, 13       
этгээд                          22, 23, 70, 71        10, 2, 2, 6         
                                82, 84, 85, 86        6, 10, 23, 17       
                                123, 129, 161         11, 15, 13          
хуулийн этгээдийн нэгдэл        23                    21                  
эцсийн өмчлөгч                  23                    8                   
хувьцаа                         23                    12                  
хүн                             23, 24, 48, 65        18, 14, 15, 6       
                                156, 158              27, 4               
удирдлага                       28, 29, 121           5, 10, 10           
зохиогч                         28, 48, 121           6, 12, 5            
үр                              28, 99, 131           8, 15, 21           
хангагч                         30, 44, 46, 57        4, 10, 15, 8        
                                59, 62, 70, 75        6, 19, 10, 16       
                                78, 84, 110, 112      20, 44, 8, 28       
                                113, 116, 134, 161    9, 9, 11, 30        
оролцогч                        35, 100               6, 8                
нийтэд санал болгох             40, 41                3, 12               
зохион байгуулагч               40                    10                  
тайлбар                         42, 85                1, 18               
хүсэлт                          44, 47, 82, 109       6, 4, 13, 11        
                                110, 112, 112, 112    6, 11, 15, 30       
                                113, 113, 116, 122    12, 14, 22, 10      
                                143                   13                  
мэдээлэл                        46, 47, 49, 77        5, 11, 4, 12        
                                83, 84, 85, 93        16, 25, 13, 17      
                                94, 98, 99, 100       15, 22, 22, 21      
                                101, 102, 103, 115    15, 19, 20, 11      
                                115, 123, 141, 144    24, 15, 14, 13      
                                145                   7                   
аюул                            46                    13                  
бусад этгээд                    47                    9                   
систем                          49, 50                6, 26               
терроризмыг санхүүжүүлэх        52, 53, 144           8, 3, 3             
эрсдэлийн үнэлгээ               52                    10                  
бүтээгдэхүүн                    52                    2                   
технологи                       52                    4                   
эрсдэлийг бууруулах             53                    5                   
талууд                          53, 104               8, 11               
тал                             53, 104               8, 11               
шийдвэр                         54, 146               6, 2                
тохиолдол                       54, 91, 92, 102       8, 9, 10, 8         
                                111, 113, 115, 124    7, 11, 21, 2        
                                129, 141              12, 19              
татвар төлөгчийн дугаар         55                    6                   
албан татвар                    55                    2                   
өр                              56, 63                2, 10               
стандарт                        57, 88                6, 14               
санхүүгийн зохицуулах хороо     58                    4                   
хураамж                         58, 150               3, 5                
зохицуулалт                     58, 119, 149, 150     11, 6, 5, 6         
                                151, 159              12, 5               
журам                           60, 82, 118, 132      15, 11, 80, 5       
эрх бүхий албан тушаалтан       62, 125               13, 5               
гүйцэтгэх удирдлага             62                    5                   
батлан даалт                    63                    2                   
гэмт хэрэг                      64, 64                10, 20              
мэдээллийн технологи            66                    7                   
өөрийн хөрөнгө                  68, 68, 69, 118       5, 9, 5, 37         
хариуцагч                       79, 116, 130          10, 24, 20          
даруй                           83                    20                  
хяналт шалгалт                  84, 118, 123, 124     33, 58, 20, 11      
                                129                   8                   
ажилтан                         84, 141               11, 5               
мэдээ                           84, 85, 123           24, 12, 14          
итгэмжлэл                       86                    15                  
аудитын хуулийн этгээд          88, 127               23, 5               
арга хэмжээ                     92, 121               12, 15              
банк                            93                    11                  
газар                           93, 118               14, 56              
даатгагч                        94                    12                  
бүртгэлийн систем               95                    10                  
шинжээч                         99, 134               9, 18               
баримт бичгийн бүрдэл           112, 112, 113         4, 25, 6            
мэдэгдэл                        112                   18                  
ажил                            112                   31                  
нээлт                           115                   13                  
мэргэжил                        116, 118              12, 75              
дүгнэлт                         116, 116              14, 18              
тохиромжтой этгээд              118                   26                  
тайлан                          118                   14                  
байгууллага                     124, 143, 144, 156    5, 11, 2, 13        
                                156                   39                  
тушаал                          125                   10                  
улсын бүртгэлийн байгууллага    136                   11                  
архив                           139, 139              9, 12               
зөрчил шалган шийдвэрлэх        143                   5                   
шалгагч                         143, 144              4, 14               
шүүгчийн захирамж               145                   3                   
нотлох баримт                   145                   5                   
тогтоол                         145                   2                   
улсын тэмдэгтийн хураамж        151                   7                   
нийтийн ашиг сонирхол           156                   20                  
олон улсын байгууллага          156                   41                  
төрийн байгууллага              156                   25                  
