File: MNCLW00062.txt
Search Method: Trie (MWE + Single-Word)
Total runtime: 0.003107s
Found terms: 109

Term                            Line                  Word Place          

байгууллагын нууц               6, 11, 12, 14         1, 5, 5, 1          
                                15, 16, 21, 26        5, 2, 47, 1         
                                27, 35, 36, 50        1, 13, 13, 16       
                                52, 52                18, 30              
нийтлэх                         8, 9                  1, 1                
байгууллага                     15, 19, 20, 21        4, 11, 11, 5        
                                21, 23, 30, 31        20, 2, 11, 6        
                                33, 33, 41, 42        5, 8, 1, 1          
                                43, 44, 45, 46        2, 2, 2, 2          
                                50, 52, 54, 55        5, 3, 9, 9          
хуулийн этгээд                  17, 18, 58            12, 12, 5           
баримт бичиг                    19, 20, 21            24, 24, 41          
хүн                             19, 19, 20, 20        4, 9, 4, 9          
                                43, 44, 45, 46        13, 13, 12, 12      
                                58                    4                   
мэдээ                           19, 20, 21, 34        23, 23, 36, 15      
                                35, 36, 45, 46        9, 9, 3, 3          
                                51                    9                   
үйл ажиллагаа                   21, 34, 35, 36        7, 10, 5, 5         
                                43, 44                5, 5                
зах зээл                        21                    14                  
тоног төхөөрөмж                 21                    45                  
тал                             21                    17                  
талууд                          21                    17                  
төсөл                           21                    39                  
албаны нууц                     23                    3                   
журам                           33, 51                12, 18              
мөрдөгч                         33, 61, 62            19, 12, 12          
хариуцагч                       34                    3                   
мэргэжил                        34                    9                   
этгээд                          34, 51                16, 10              
хүний эмзэг мэдээлэл            35, 36                10, 10              
мэдээлэл                        40, 43, 44, 45        5, 27, 27, 31       
                                46, 47, 48, 52        31, 10, 10, 35      
мэдээллийг нууцлах              41, 42                4, 4                
эрүүл мэнд                      43, 44, 45, 46        15, 15, 14, 14      
үйлчилгээ                       43, 44                8, 8                
тохиолдол                       45, 46, 52            11, 11, 43          
аюул                            45, 46                19, 19              
ажилтан                         50                    7                   
шалгагч                         50                    10                  
хяналт шалгалт                  52                    11                  
гомдол                          53                    4                   
шинжээч                         57                    10                  
