File: MNCLW00592.txt
Search Method: Aho-Corasick
Total runtime: 0.010383s
Found terms: 1122

Term                            Line                  Word Place          

албаны нууц                     8, 14, 15, 18         3, 6, 3, 5          
                                19, 20, 21, 26        18, 7, 4, 3         
                                26, 27, 28, 29        9, 6, 6, 3          
                                29, 29, 30, 30        17, 24, 3, 20       
                                31, 32, 33, 33        3, 3, 3, 16         
                                34, 35, 35, 38        3, 3, 20, 3         
                                39, 40, 41, 42        6, 3, 3, 6          
                                43, 44, 48, 49        11, 15, 9, 13       
                                54, 55, 57, 60        3, 3, 15, 3         
                                61, 62, 63, 64        3, 3, 3, 4          
                                68, 69, 73, 74        9, 3, 3, 3          
                                75, 77, 77, 78        3, 3, 22, 4         
                                79, 80, 81, 82        3, 13, 3, 3         
                                83, 86, 161, 167      3, 3, 4, 8          
                                172, 173, 177, 178    6, 21, 10, 3        
                                182, 184, 191, 192    3, 9, 3, 3          
                                193, 195, 203, 204    3, 6, 3, 6          
                                206, 208, 209, 211    3, 7, 5, 3          
                                212, 215, 217, 218    3, 3, 3, 6          
                                223, 224, 225, 226    6, 15, 18, 3        
                                226, 228, 229, 236    34, 18, 28, 3       
                                242, 255, 256, 258    3, 3, 3, 3          
                                260, 260, 263, 264    19, 32, 3, 3        
                                265, 266, 267, 270    7, 7, 3, 3          
                                271, 281, 282, 283    3, 9, 3, 3          
                                284, 285, 289, 290    6, 3, 6, 3          
                                290, 291, 292, 293    17, 8, 9, 3         
                                295, 295, 296, 297    25, 33, 6, 3        
                                298, 299, 301, 301    3, 3, 13, 29        
                                302, 307, 312, 313    12, 7, 6, 18        
                                314, 315, 320, 321    15, 16, 6, 3        
                                322, 330              3, 3                
нийтлэх                         9, 11, 34, 36         3, 1, 11, 9         
                                255, 263              12, 14              
төрийн болон албаны нууцыг хамгаалах  13, 31, 36, 37        7, 8, 4, 6          
                                51, 53, 59, 66        1, 4, 5, 4          
                                67, 70, 72, 76        6, 6, 3, 4          
                                236, 240, 248, 249    20, 5, 7, 29        
                                257, 262, 276, 277    8, 4, 1, 4          
                                278, 279, 279, 280    3, 6, 19, 6         
                                281, 282, 285, 286    21, 12, 33, 21      
                                293, 295, 297, 300    23, 6, 10, 14       
                                308, 309, 310, 311    8, 8, 4, 7          
мэдээллийг нууцлах              13, 144, 160, 165     18, 12, 9, 1        
                                166, 183, 193, 193    4, 4, 6, 18         
                                213, 213              5, 13               
үндэсний аюулгүй байдал         15, 24, 45, 90        13, 15, 9, 3        
                                91, 134, 137, 173     5, 3, 3, 6          
                                192                   7                   
үйлчлэгч                        16, 19                5, 29               
аж ахуйн нэгж                   17                    6                   
байгууллага                     17, 35, 37, 39        5, 12, 2, 2         
                                41, 44, 47, 49        28, 2, 17, 21       
                                60, 65, 67, 68        14, 4, 4, 4         
                                69, 72, 74, 77        18, 2, 7, 17        
                                95, 98, 115, 118      11, 25, 22, 22      
                                127, 129, 131, 132    14, 3, 7, 2         
                                132, 134, 134, 135    10, 2, 10, 6        
                                136, 138, 139, 140    6, 9, 9, 2          
                                156, 159, 159, 160    31, 2, 14, 3        
                                162, 162, 167, 170    8, 15, 19, 22       
                                173, 190, 192, 222    11, 9, 22, 2        
                                222, 229, 233, 253    8, 13, 3, 6         
                                261, 266, 268, 270    11, 3, 4, 13        
                                271, 273, 279, 280    10, 2, 2, 2         
                                281, 282, 286, 287    2, 26, 2, 8         
                                288, 293, 301, 301    6, 6, 2, 22         
                                302, 302, 311, 311    7, 21, 6, 18        
                                313, 313, 315, 316    2, 14, 2, 2         
                                316, 322, 325, 326    9, 24, 4, 24        
                                327, 327              2, 14               
иргэн                           17, 18, 29, 35        11, 10, 14, 15      
                                38, 38, 40, 41        39, 42, 20, 34      
                                44, 47, 80, 156       8, 5, 6, 8          
                                173, 219, 220, 231    12, 25, 12, 8       
                                237, 238, 248, 249    6, 3, 32, 3         
                                251, 253, 254, 255    16, 12, 6, 10       
                                267, 268, 293, 294    10, 3, 14, 26       
                                327                   17                  
мөрдөгч                         17, 150, 194, 286     13, 10, 20, 20      
                                333                   12                  
харьяалалгүй хүн                18, 38                11, 43              
олон улсын байгууллага          19, 42, 43, 48        11, 11, 3, 13       
                                49, 93, 194           10, 7, 11           
мэдээлэл                        19, 20, 24, 25        21, 4, 28, 21       
                                28, 39, 41, 45        8, 14, 20, 19       
                                48, 57, 81, 86        18, 26, 7, 6        
                                87, 88, 91, 92        7, 4, 18, 12        
                                92, 93, 94, 95        18, 26, 15, 23      
                                98, 100, 101, 103     34, 10, 9, 22       
                                104, 106, 107, 108    15, 9, 35, 38       
                                109, 110, 111, 112    17, 14, 24, 17      
                                113, 114, 114, 115    16, 7, 15, 29       
                                116, 117, 119, 120    13, 12, 19, 9       
                                120, 120, 121, 124    20, 29, 10, 6       
                                124, 125, 126, 126    12, 9, 3, 27        
                                127, 128, 130, 131    31, 12, 11, 18      
                                132, 133, 134, 138    17, 13, 14, 22      
                                139, 140, 141, 144    20, 11, 25, 4       
                                144, 145, 146, 146    23, 2, 8, 27        
                                148, 149, 149, 150    8, 4, 19, 21        
                                151, 152, 156, 159    15, 18, 39, 20      
                                160, 161, 162, 170    6, 7, 4, 8          
                                170, 172, 173, 177    31, 9, 24, 4        
                                177, 179, 180, 181    13, 33, 19, 21      
                                181, 185, 186, 187    26, 6, 5, 4         
                                190, 192, 193, 202    37, 6, 12, 9        
                                204, 208, 209, 212    9, 11, 2, 6         
                                214, 227, 241, 298    16, 3, 9, 10        
журам                           19, 33, 35, 41        26, 12, 9, 36       
                                49, 62, 84, 129       24, 6, 9, 13        
                                158, 169, 171, 182    10, 13, 25, 7       
                                205, 211, 213, 214    11, 9, 22, 19       
                                215, 228, 242, 248    7, 22, 6, 12        
                                249, 252, 259, 270    36, 9, 13, 6        
                                274, 282, 286, 288    15, 28, 26, 35      
                                290, 302, 317         25, 16, 10          
удирдлага                       21, 49, 113, 113      16, 22, 7, 9        
                                114, 120, 129, 145    4, 21, 4, 4         
                                170, 221, 222, 270    37, 12, 6, 14       
                                271, 279, 280, 281    11, 33, 17, 18      
                                290, 293, 313         13, 7, 6            
тодорхойлолт                    22, 130               7, 10               
хэрэглэгч                       23, 108, 136          3, 15, 24           
төрийн нууц                     24, 48, 87, 91        9, 7, 4, 15         
                                95, 97, 110, 150      3, 3, 11, 3         
                                154, 155, 159, 181    3, 3, 17, 18        
                                219, 220, 222, 230    8, 9, 10, 4         
                                237, 238, 251         7, 6, 11            
тохиолдол                       24, 25, 170, 173      14, 6, 20, 3        
                                179, 180, 181, 189    3, 3, 3, 5          
                                192, 203, 249, 260    18, 11, 43, 12      
                                261, 270, 300, 302    10, 8, 13, 5        
аюул                            24, 57, 80, 100       21, 4, 7, 3         
                                103, 138, 143, 173    2, 11, 2, 14        
                                179, 179, 219, 229    16, 31, 14, 21      
                                232, 233, 250, 251    7, 4, 4, 17         
                                252                   5                   
төрийн байгууллага              25, 30, 38, 38        9, 13, 8, 20        
                                51, 57, 119, 181      7, 23, 13, 6        
                                213, 221, 251, 289    17, 7, 7, 8         
                                290, 290, 291, 300    6, 20, 14, 4        
                                303, 304, 315         2, 4, 9             
хуулийн этгээд                  25, 29, 30, 38        12, 20, 16, 17      
                                38, 41, 44, 45        23, 32, 4, 2        
                                80, 159, 181, 221     21, 4, 9, 10        
                                222, 251, 273, 280    4, 9, 4, 4          
                                281, 286, 289, 290    4, 4, 11, 9         
                                290, 291, 293, 294    22, 17, 12, 9       
                                300, 301, 301, 302    7, 4, 23, 8         
                                303, 304, 311, 313    5, 7, 19, 4         
                                315, 328              12, 7               
салбар                          25, 67, 68, 93        7, 2, 2, 11         
                                127, 159, 181, 313    15, 13, 4, 13       
үйл ажиллагаа                   26, 29, 41, 55        17, 28, 17, 9       
                                59, 80, 100, 120      10, 16, 7, 10       
                                130, 137, 154, 158    3, 12, 21, 7        
                                169, 181, 278, 279    3, 13, 8, 11        
                                283, 285, 286, 295    6, 25, 7, 28        
                                310, 311              9, 12               
агуулах                         26, 110, 202          20, 15, 10          
зохион байгуулагч               30, 60, 67, 75        23, 9, 15, 14       
                                81, 82, 264, 266      19, 11, 14, 15      
                                279, 280, 317         25, 12, 7           
хяналт тавих                    30, 54, 57, 68        26, 13, 18, 12      
                                74, 81, 266, 279      15, 21, 11, 28      
                                307, 313, 314         17, 21, 18          
ажилтан                         30, 30, 30, 30        6, 10, 32, 38       
                                130, 133, 253, 259    2, 2, 7, 18         
                                262, 263, 272, 273    9, 6, 6, 9          
                                274, 281, 313         3, 28, 11           
нэгж                            30, 127, 131, 279     31, 16, 11, 36      
                                281, 282, 313         26, 6, 10           
төрийн болон албаны нууцыг задруулах  32                    7                   
зохиогч                         32, 76, 107, 107      18, 10, 9, 23       
                                113, 116, 120, 131    12, 10, 12, 12      
                                136, 138, 144, 152    16, 15, 8, 13       
                                156, 156, 277, 283    23, 32, 10, 22      
төрийн болон албаны нууцтай танилцах эрх  34, 235, 247, 248     16, 4, 4, 33        
                                249, 294              4, 28               
зам                             34, 168, 196          15, 12, 15          
этгээд                          34, 141, 321          22, 22, 9           
ашиглалт                        35                    17                  
төрийн бус байгууллага          38                    30                  
нэгжийн удирдлага               38                    14                  
захиргаа                        38, 115, 309          11, 20, 3           
хөдөлгөөн                       38                    29                  
тагнуулын байгууллага           39, 40, 47, 48        21, 23, 19, 23      
                                71, 137, 159, 163     4, 8, 23, 7         
                                192, 212, 222, 248    26, 19, 16, 39      
                                249, 251, 252, 268    44, 20, 10, 12      
                                269, 270, 271, 273    11, 17, 13, 17      
                                279, 288, 307, 322    15, 28, 15, 16      
                                325, 326              22, 17              
ажил                            39, 75, 76, 77        12, 13, 9, 27       
                                80, 82, 96, 97        19, 10, 15, 14      
                                98, 103, 103, 123     29, 14, 19, 6       
                                125, 126, 128, 130    2, 2, 2, 8          
                                135, 136, 138, 149    2, 2, 14, 16        
                                219, 220, 221, 226    11, 5, 4, 14        
                                227, 249, 249, 253    2, 10, 24, 2        
                                257, 257, 260, 273    3, 15, 8, 12        
                                277, 279, 280, 281    9, 24, 11, 12       
                                292, 293, 293, 301    4, 9, 17, 17        
                                314, 314              7, 10               
мэдээ                           40, 109, 147, 154     10, 7, 3, 6         
                                257                   7                   
талууд                          40, 41, 46, 53        22, 19, 10, 9       
                                57, 60, 66, 72        21, 12, 9, 8        
                                77, 94, 118, 190      15, 10, 18, 34      
                                203, 249, 269, 325    20, 34, 10, 18      
тал                             40, 41, 46, 53        22, 19, 10, 9       
                                57, 60, 66, 72        21, 12, 9, 8        
                                77, 94, 118, 190      15, 10, 18, 34      
                                203, 249, 269, 325    20, 34, 10, 18      
даруй                           40, 170, 221, 259     26, 36, 28, 20      
                                270, 271              25, 9               
урьдчилан сэргийлэх             41, 73, 258           7, 6, 7             
газар                           41, 47, 57, 58        38, 24, 29, 5       
                                59, 63, 77, 77        2, 10, 12, 32       
                                78, 84, 91, 93        22, 11, 10, 2       
                                95, 109, 152, 159     10, 13, 9, 28       
                                162, 169, 171, 182    13, 11, 23, 9       
                                212, 215, 225, 274    24, 9, 9, 13        
                                278, 285, 288, 299    11, 31, 21, 11      
                                317                   12                  
хариуцагч                       44, 74, 162, 192      9, 5, 7, 21         
                                213, 222, 290, 293    16, 9, 5, 5         
                                304                   3                   
ачаа                            45, 98, 103, 214      14, 7, 5, 14        
төлбөр                          45, 45, 46            34, 36, 8           
төлбөр тооцоо                   46                    22                  
үнэлгээ                         46                    17                  
хуулийн этгээдийн мэдээлэл      47                    6                   
санал                           47, 48, 78, 83        18, 25, 19, 15      
                                159, 163, 171, 192    25, 9, 5, 28        
                                212, 222, 273, 322    21, 18, 19, 27      
                                326                   16                  
дүгнэлт                         47, 83, 149           21, 16, 20          
нууцын зэрэглэл                 48, 64, 78, 160       3, 11, 11, 12       
                                168, 178, 188, 189    5, 11, 6, 2         
                                202, 203, 203, 236    17, 6, 21, 10       
                                274                   6                   
гэрээ                           48, 49, 63, 93        21, 5, 12, 19       
                                249                   26                  
хэлэлцээр                       48, 49, 63, 83        22, 6, 13, 13       
                                93, 94, 95            20, 12, 16          
хөтөлбөр                        55, 61, 149           7, 9, 27            
төсөл                           55, 61, 93, 95        8, 8, 21, 19        
                                103, 118              18, 13              
хөрөнгө                         55, 69, 311           13, 11, 16          
зөвлөл                          57, 91                6, 8                
тайлан                          57, 117, 130, 149     25, 9, 7, 17        
сонсогч                         57                    27                  
заавар                          62, 129, 146, 147     7, 12, 22, 7        
хангагч                         67, 70, 100, 111      17, 21, 5, 9        
                                137, 138, 231, 264    6, 13, 7, 9         
                                279, 285, 291, 294    34, 20, 33, 25      
бэлэн байдал                    70, 107, 108, 108     19, 30, 6, 21       
                                109, 136              5, 8                
арга хэмжээ                     73, 98, 156, 170      8, 30, 12, 26       
                                258, 295, 302         9, 37, 23           
шалгагч                         74, 80, 116, 128      17, 24, 4, 4        
                                128, 148, 150, 226    6, 6, 7, 8          
                                226, 227, 228, 253    25, 15, 10, 19      
                                315                   20                  
баталгаажуулах                  75                    12                  
мэргэжил                        76, 112, 265, 279     12, 19, 11, 30      
шийдвэр                         77, 129, 162, 221     13, 11, 17, 13      
                                290, 293, 327         14, 8, 11           
мэдээллийн нэгдсэн сан          79                    6                   
гүйцэтгэгч                      80, 249, 257, 295     20, 25, 5, 4        
                                314                   2                   
шуудан                          81, 154, 281, 287     8, 17, 19, 18       
                                288                   10                  
сүлжээ                          81, 114               11, 9               
олон улсын гэрээ                83, 95                10, 13              
төсөв                           83, 120, 132          14, 24, 3           
мэдээллийн сан                  84                    5                   
банк                            93                    4                   
өр                              93                    15                  
зээл                            93                    16                  
онцгой нөхцөл байдал үүссэн     96                    8                   
төлөөлөгчийн газар              96                    6                   
удирдамж@@                      96, 97, 108, 136      16, 16, 5, 23       
батлан хамгаалах                98, 117, 118, 180     2, 3, 3, 14         
осол                            98                    17                  
сан                             101, 121, 125, 126    5, 4, 8, 10         
                                146                   14                  
үйлдвэрлэгч                     104                   6                   
төрийн цэргийн номлол           106                   4                   
дайны байдал                    107, 119              6, 3                
цэргийн байгууллага             107, 108, 111, 112    13, 2, 12, 2        
                                113, 114              2, 2                
зэвсэгт хүчин                   108                   12                  
баримт бичиг                    108, 118, 129, 150    19, 24, 15, 19      
                                154, 155, 196, 201    7, 11, 6, 19        
                                202                   11                  
тушаал                          109, 200, 249, 288    9, 6, 12, 32        
                                323, 324, 324         18, 25, 28          
захирамж                        109                   10                  
дайчилгааны даалгавар           111, 115              4, 25               
зэвсэглэл                       111                   16                  
захиалагч                       111, 295, 314         21, 17, 4           
хүн                             112, 179, 179, 180    23, 23, 28, 9       
                                190, 190, 226, 227    24, 33, 23, 35      
                                328                   6                   
нийслэл                         112, 115              30, 24              
систем                          113                   10                  
дайчилгаа                       115, 115              4, 16               
дайн бүхий байдал               119                   9                   
холбоо                          120                   7                   
зарлаг                          120                   8                   
орлого                          121                   5                   
зарлага                         121                   6                   
гүйцэтгэх ажил                  124, 127, 129, 131    4, 9, 5, 8          
                                132, 132, 138, 139    4, 11, 4, 4         
                                139, 149, 190, 227    10, 24, 4, 7        
                                295                   2                   
технологи                       126                   17                  
гүйцэтгэх ажлын тусгай техник хэрэгсэл  127                   25                  
барилга байгууламж              127                   18                  
тээврийн хэрэгсэл               127, 156              21, 14              
шугам                           128                   3                   
нууц гүйцэтгэх ажилтан          133, 190              3, 10               
ажилгүй                         133                   11                  
архив                           135                   8                   
гэмт хэрэгтэй тэмцэх            136                   18                  
тусгай алба                     140                   5                   
тусгай хэрэглээний              144, 146              2, 6                
дүрэм                           147                   6                   
бүтээл                          149                   12                  
илтгэл                          149                   18                  
тэмдэглэл                       149, 155              29, 10              
ус хангамжийн эх үүсвэрийн барилга байгууламж  153                   2                   
гишүүн                          162, 225, 226, 227    14, 10, 16, 31      
                                228, 288              4, 22               
бүрэн бүтэн байдал              179, 285              13, 17              
үр                              179, 180              24, 10              
байгууллагын нууц               190                   14                  
гэрч                            190                   25                  
төрийн болон албаны нууцыг ил болгох  205                   4                   
мөрдөн байцаагч                 228                   7                   
шүүх                            228                   5                   
шүүгч                           228                   5                   
прокурор                        228                   6                   
нийтлэг журам                   236, 282, 285, 286    25, 18, 38, 15      
                                293, 297              29, 15              
хүсэлт                          244                   5                   
шүүхийн шийдвэр                 248                   18                  
сонгогч                         253                   10                  
эрх бүхий албан тушаалтан       255, 269              6, 4                
хөдөлмөрийн харилцаа            260                   3                   
нэмэгдэл                        274                   18                  
тээвэрлэгч                      284, 285              16, 13              
жанжин штаб                     288                   25                  
орон нутгийн төсөв              311                   2                   
өөрийн хөрөнгө                  311                   21                  
хяналт шалгалт                  316, 317              3, 5                
торгуул                         330                   8                   
