File: MNCLW00782.txt
Search Method: Trie (MWE + Single-Word)
Total runtime: 0.000871s
Found terms: 45

Term                            Line                  Word Place          

цөмийн энерги                   6, 9, 9, 10           1, 18, 27, 18       
                                10, 11, 12, 15        27, 13, 13, 16      
                                16, 17, 18            16, 5, 5            
мөрдөгч                         6, 17, 18             6, 15, 15           
журам                           6, 7, 8               7, 32, 32           
цацраг идэвхт ашигт малтмал     7, 8, 13, 14          12, 12, 7, 7        
ашиглалтын тусгай зөвшөөрөл     7, 8, 13, 14          18, 18, 13, 13      
хайгуул                         7, 8, 13, 14          16, 16, 11, 11      
тусгай зөвшөөрөл эзэмшигч       9, 10, 11, 12         9, 9, 9, 9          
захиргааны байгууллага          9, 10                 23, 23              
тусгай зөвшөөрөл                9, 10, 15, 16         45, 45, 12, 12      
хангагч                         9, 10                 34, 34              
тохиолдол                       9, 10                 35, 35              
шийдвэр                         11, 12                27, 27              
