File: MNCLW00556.txt
Search Method: Trie (MWE + Single-Word)
Total runtime: 0.008533s
Found terms: 362

Term                            Line                  Word Place          

сэргээгдэх эрчим хүч            8, 33, 45, 46         1, 4, 4, 3          
                                76, 97, 104, 110      6, 9, 4, 4          
                                111, 150, 151, 182    4, 7, 7, 1          
                                183                   1                   
нийтлэх                         10, 11                1, 1                
сэргээгдэх эрчим хүчний эх үүсвэр  13, 18                6, 2                
эрчим хүч                       13, 15, 15, 25        12, 2, 8, 2         
                                25, 26, 27, 27        15, 2, 2, 13        
                                28, 29, 30, 33        3, 3, 3, 9          
                                35, 35, 39, 44        4, 21, 5, 4         
                                48, 52, 53, 58        2, 2, 2, 2          
                                65, 65, 65, 66        2, 7, 25, 2         
                                73, 75, 81, 87        2, 2, 9, 2          
                                95, 96, 96, 98        4, 2, 9, 4          
                                99, 99, 101, 101      2, 8, 2, 13         
                                102, 105, 106, 108    2, 3, 9, 15         
                                110, 111, 116, 117    9, 9, 4, 5          
                                117, 120, 122, 123    7, 15, 6, 2         
                                125, 127, 128, 130    2, 2, 25, 3         
                                130, 140, 141, 141    15, 4, 10, 14       
                                143, 143, 145, 146    3, 11, 13, 2        
                                146, 148, 152, 152    10, 8, 3, 11        
                                153, 153, 154, 155    3, 11, 14, 14       
                                156, 157, 158, 159    13, 13, 13, 13      
                                160, 160, 161, 161    3, 11, 3, 11        
                                163, 168, 168, 170    19, 18, 28, 20      
                                178, 184, 185, 186    2, 4, 4, 2          
                                187, 193, 193         2, 2, 18            
үйлдвэрлэгч                     13, 18, 25, 26        14, 14, 17, 11      
                                28, 53, 81, 90        11, 13, 7, 6        
                                97, 98, 99, 99        12, 6, 4, 16        
                                100, 104, 110, 111    6, 7, 7, 7          
                                120, 130, 133, 141    10, 9, 7, 8         
                                143, 145, 146, 148    6, 9, 5, 6          
                                150, 151, 152, 153    5, 5, 6, 6          
                                154, 155, 156, 157    10, 10, 9, 9        
                                158, 159, 160, 161    9, 9, 6, 6          
                                163, 168, 193         15, 16, 4           
мөрдөгч                         16, 178               18, 13              
үйлчлэгч                        17, 18, 87, 177       4, 22, 8, 5         
монгол улсын нутаг дэвсгэр      18                    8                   
хуулийн этгээд                  18, 30, 77, 96        18, 10, 8, 6        
                                99, 120, 196          5, 2, 5             
иргэн                           18, 30, 76, 77        17, 9, 5, 7         
сэргээгдэх эрчим хүчний үүсгүүр  20, 27, 35, 49        10, 21, 10, 6       
                                53, 90, 108, 120      9, 2, 11, 4         
                                141, 163, 168         4, 11, 12           
хэрэглэгч                       20, 22                5, 3                
хангагч                         20, 46, 110, 111      8, 17, 12, 12       
                                127                   16                  
эрчим хүчний эх үүсвэр          23                    2                   
ус                              23, 126               9, 26               
газар                           23, 46, 73, 73        12, 2, 6, 11        
                                75, 106, 126, 126     7, 14, 8, 14        
                                126, 166, 186, 187    17, 4, 17, 17       
биомасс                         23, 168               15, 5               
ургамал                         24, 126               3, 10               
тусгай зөвшөөрөл                28, 29, 39, 93        12, 12, 11, 1       
                                94, 96, 98, 99        1, 22, 7, 17        
                                103, 120, 128, 128    4, 11, 9, 14        
                                128, 193              18, 6               
тариф                           33, 33, 81, 87        2, 13, 20, 13       
                                90, 116, 133, 138     12, 14, 14, 2       
                                139, 140, 141, 150    2, 7, 13, 11        
                                151, 163, 167, 168    11, 22, 2, 23       
                                170, 172, 177, 178    12, 6, 4, 5         
техникийн нөхцөл                35                    17                  
төсөл                           35, 37, 65            15, 8, 14           
санал                           35, 66                25, 10              
сонгогч                         35                    27                  
төсөв                           37                    5                   
оролцогч                        37                    6                   
банк                            37, 37                13, 15              
хөрөнгө                         37, 45                18, 14              
төрийн байгууллага              42, 43, 44            1, 1, 7             
орон нутгийн өмч                45                    19                  
талууд                          45, 48, 133           7, 4, 38            
тал                             45, 48, 133           7, 4, 38            
зохион байгуулагч               46, 52                9, 20               
сум                             46, 71, 73            18, 2, 8            
хариуцагч                       47, 52, 102, 117      4, 14, 13, 22       
захиргаа                        47, 52                6, 16               
байгууллага                     47, 52, 76, 127       8, 18, 4, 21        
төсвийн хөрөнгө оруулалт        49, 108               2, 7                
хөрөнгө оруулалт                49, 135, 172          13, 3, 8            
мэргэжил                        52                    4                   
ажил                            52                    11                  
дүрэм                           53, 58                21, 14              
журам                           53, 58, 61, 75        22, 18, 3, 14       
                                193                   23                  
эрчим хүчний нөөц               56                    2                   
тоног төхөөрөмж                 58, 127               4, 6                
хяналт тавих                    58, 82                22, 18              
ашиглалт                        58                    8                   
аюул                            58                    9                   
үйлчилгээ                       58                    12                  
стандарт                        58, 127               15, 15              
зохиогч                         63, 73                3, 12               
технологи                       66                    5                   
нийслэл                         71, 73, 120, 150      3, 9, 20, 13        
                                151, 163              13, 6               
нэгж                            76                    3                   
ачаа                            76                    10                  
түрээслүүлэх                    77                    10                  
зохицуулах хороо                79, 120, 141, 163     3, 17, 16, 3        
                                168, 170              30, 22              
сүлжээнд холбогдох              81, 82, 100           2, 3, 2             
диспетчерийн үндэсний төв       82, 114, 130          8, 2, 10            
дэмжих тариф                    85, 148               4, 12               
эрчим хүчний барилга байгууламж барих  96                    17                  
тусгай зөвшөөрөл эзэмшигч       97, 110, 111, 193     5, 13, 13, 11       
холбоо                          101, 102              10, 7               
зохицуулалт                     103, 110, 111         2, 11, 11           
зөвшөөрөл                       119, 128              4, 2                
хүсэлт                          120, 122              14, 5               
зөвлөх                          120                   22                  
газар эзэмших эрхийн гэрчилгээ  123                   8                   
эрх бүхий этгээд                123                   18                  
төлбөр                          123, 133              33, 32              
барилга байгууламж              126, 127              4, 8                
хөрс                            126                   9                   
дүгнэлт                         127                   22                  
эрчим хүч худалдах, худалдан авах гэрээ  129                   4                   
төсөл хэрэгжүүлэх баталгаа      133                   16                  
хэмжих хэрэгсэл                 133                   21                  
зөвлөл                          150, 151, 163         15, 15, 8           
систем                          170                   3                   
үйл ажиллагаа                   175                   8                   
сан                             182, 183, 184, 185    4, 4, 6, 6          
                                186, 186, 186, 187    4, 7, 19, 4         
                                187, 187              7, 19               
хүн                             196                   4                   
