File: MNCLW00627.txt
Search Method: Trie (MWE + Single-Word)
Total runtime: 0.014998s
Found terms: 715

Term                            Line                  Word Place          

төрийн ордон                    5                     1                   
терроризмтой тэмцэх             6, 7, 14, 15          7, 7, 11, 9         
                                16, 41, 45, 50        7, 26, 13, 6        
                                51, 59, 60, 61        4, 22, 6, 5         
                                63, 70, 72, 77        4, 4, 34, 7         
                                78, 81, 82, 84        4, 7, 15, 4         
                                86, 87, 88, 90        6, 4, 4, 4          
                                91, 99, 101, 107      8, 6, 4, 4          
                                108, 110, 110, 120    4, 15, 29, 4        
                                121, 122, 123, 128    4, 4, 18, 4         
                                130, 131, 137, 138    6, 8, 4, 4          
нийтлэх                         11, 12, 131           1, 1, 12            
үйл ажиллагаа                   14, 20, 22, 33        13, 32, 2, 10       
                                34, 35, 36, 46        5, 9, 15, 63        
                                49, 50, 51, 72        5, 8, 6, 37         
                                79, 82, 92, 115       9, 17, 3, 5         
                                128, 129, 132, 137    13, 24, 9, 6        
                                138, 141, 145, 146    6, 2, 3, 10         
                                159, 191, 217, 219    16, 20, 4, 27       
зохиогч                         14, 35, 63, 105       16, 30, 13, 7       
                                107, 108, 128, 150    7, 7, 16, 7         
                                151                   7                   
мөнгө угаах                     16, 214               16, 10              
терроризм                       16, 21, 21, 43        19, 3, 18, 19       
                                44, 45, 64, 71        20, 10, 10, 4       
                                72, 72, 79, 104       5, 16, 4, 44        
                                129, 132, 142, 144    17, 4, 6, 4         
                                214                   13                  
мөрдөгч                         17, 234               17, 12              
тодорхойлолт                    18                    6                   
хэрэглэгч                       19, 117               3, 12               
гамшиг                          20, 196               29, 11              
удирдлага                       21, 37, 38, 41        12, 41, 15, 7       
                                41, 51, 55, 105       11, 21, 8, 2        
                                105, 127, 128, 150    6, 2, 15, 6         
                                151, 177, 179         6, 13, 7            
зохион байгуулагч               23, 41, 100, 120      5, 21, 4, 10        
                                124, 126, 129, 196    8, 17, 26, 26       
террорист байгууллага           24, 32                4, 5                
хуулийн этгээд                  25, 28, 37, 44        3, 4, 17, 25        
                                45, 57, 67, 71        25, 3, 2, 7         
                                95, 102, 104, 142     7, 5, 53, 11        
                                143, 148, 154, 181    2, 9, 5, 11         
                                209, 210, 211, 212    15, 19, 13, 9       
                                213, 213, 216, 217    2, 15, 15, 15       
                                218, 219, 219, 225    9, 21, 32, 5        
                                231, 232              19, 8               
хүн                             25, 28, 31, 31        2, 3, 26, 30        
                                31, 33, 37, 44        47, 20, 16, 24      
                                45, 49, 53, 57        24, 18, 4, 2        
                                59, 67, 71, 95        3, 8, 6, 6          
                                102, 104, 142, 148    4, 52, 10, 8        
                                154, 155, 181, 186    4, 4, 10, 9         
                                194, 209, 210, 211    11, 14, 18, 12      
                                212, 213, 216, 217    8, 14, 14, 14       
                                218, 219, 219, 225    8, 20, 31, 4        
                                231, 232              18, 7               
байгууллага                     26, 34, 43, 44        6, 2, 7, 8          
                                45, 70, 71, 90        18, 12, 13, 13      
                                94, 95, 96, 98        3, 3, 6, 4          
                                99, 103, 103, 110     2, 13, 20, 8        
                                122, 123, 128, 131    14, 23, 10, 2       
                                135, 136, 160, 162    6, 4, 7, 8          
                                163, 164, 164, 166    3, 3, 11, 4         
                                167, 169, 171, 173    3, 6, 4, 5          
                                178, 199, 201, 210    7, 19, 5, 2         
                                210, 212, 214, 216    5, 32, 20, 2        
                                220, 226, 229, 230    3, 25, 11, 24       
                                231, 231, 232         2, 15, 4            
хатгагч                         28, 145               8, 6                
шуудан                          29, 29, 33, 33        3, 5, 12, 14        
                                34, 34, 148, 148      7, 9, 11, 13        
                                178, 180, 213, 213    10, 17, 20, 22      
                                218, 218              18, 20              
зохион бүтээгч                  30                    9                   
үйлдвэрлэгч                     30, 46, 47            11, 49, 46          
олон улсын байгууллага          31, 59, 72, 121       16, 16, 28, 9       
эс үйлдэхүй                     31                    22                  
эрүүл мэнд                      31, 31, 53, 194       32, 48, 7, 14       
эд хөрөнгө                      31, 53, 155, 159      34, 9, 5, 8         
                                194, 196              16, 3               
талууд                          31, 61, 77, 81        44, 7, 9, 9         
                                82, 84, 86, 90        19, 6, 8, 11        
                                91, 99, 121, 130      10, 8, 6, 8         
                                131, 142, 143, 181    10, 9, 9, 18        
                                210, 229              28, 24              
тал                             31, 61, 77, 81        44, 7, 9, 9         
                                82, 84, 86, 90        19, 6, 8, 11        
                                91, 99, 121, 130      10, 8, 6, 8         
                                131, 142, 143, 181    10, 9, 9, 18        
                                210, 229              28, 24              
этгээд                          32, 158, 213          2, 2, 19            
террорист                       32, 33, 34, 35        4, 9, 4, 8          
                                36, 49, 49, 69        14, 4, 23, 5        
                                104, 159              41, 15              
террорист үйлдлийн сөрөг тусгай ажиллагаа  35, 38, 39, 40        34, 9, 8, 18        
                                41, 55, 147, 150      15, 3, 3, 1         
                                151, 177, 191, 194    1, 2, 11, 26        
                                200, 201              3, 8                
терроризмын суурь нөхцөл        35                    4                   
урьдчилан сэргийлэх             35, 68, 104, 129      11, 13, 49, 18      
                                132, 142, 196         5, 7, 13            
арга хэмжээ                     35, 43, 68, 211       32, 2, 15, 9        
барилга байгууламж              36, 39                11, 23              
объект                          36, 39, 67            13, 25, 7           
террорист үйлдэл                37, 67, 173, 196      7, 13, 13, 8        
                                217                   2                   
террорист этгээд                37, 65                11, 4               
шүүхийн шийдвэр                 37, 199               28, 16              
цэргийн байгууллага             37, 92                33, 6               
аюул                            37, 37, 43, 44        13, 19, 8, 9        
                                53, 54, 59, 72        2, 8, 4, 22         
                                82, 94, 95, 103       4, 4, 4, 2          
                                110, 158, 173, 194    2, 4, 29, 18        
                                196, 210, 220         12, 6, 4            
хангагч                         37, 54, 66, 90        21, 10, 8, 9        
                                103, 105, 110, 123    4, 9, 4, 26         
                                126, 128, 137, 138    10, 18, 10, 10      
гүйцэтгэгч                      37, 37, 166, 173      30, 42, 3, 32       
                                199                   18                  
зэвсэглэл                       38                    27                  
террорист үйлдлийн сөрөг тусгай ажиллагааны бүс  40, 42, 179, 194      9, 4, 12, 5         
шуурхай штаб                    40, 40, 105, 179      23, 26, 4, 18       
                                180, 189              14, 9               
үр                              41, 137, 138          24, 11, 11          
зөвлөх                          41, 95, 137, 138      28, 5, 13, 13       
                                140                   11                  
зөвлөл                          43, 44, 82, 94        9, 10, 6, 5         
                                109, 110, 110, 113    5, 31, 33, 11       
                                116, 116, 116, 123    4, 9, 12, 14        
                                128, 129, 169, 178    8, 2, 3, 3          
                                179, 185, 194, 210    10, 9, 24, 7        
                                220                   5                   
тогтоол                         43, 44, 94, 114       11, 12, 9, 3        
                                210, 220              9, 6                
санал                           45, 92, 96, 103       19, 11, 7, 21       
                                113, 209, 226, 229    19, 63, 28, 5       
                                229, 230              18, 16              
газар                           45, 67, 82, 85        22, 12, 27, 4       
                                86, 91, 101, 101      2, 14, 12, 20       
                                110, 111, 113, 113    37, 19, 10, 17      
                                175, 184, 186, 197    10, 9, 11, 8        
                                200, 209, 209, 209    2, 41, 48, 61       
                                209                   66                  
монгол улсын олон улсын гэрээ   46, 47, 183           11, 8, 6            
тоног төхөөрөмж                 46, 47, 104, 200      34, 31, 22, 21      
бараа бүтээгдэхүүн              46, 47, 97            46, 43, 3           
технологи                       46, 47, 56, 104       36, 33, 8, 25       
тээвэрлэгч                      46, 47, 175           54, 51, 9           
санхүүгийн дэмжлэг              47                    62                  
үйлчилгээ                       47, 148, 213          64, 26, 5           
эрх бүхий этгээд                48                    9                   
хөрөнгө                         48, 48, 79, 159       5, 7, 13, 14        
                                159, 209, 213, 216    20, 31, 28, 23      
                                217, 218, 219, 219    26, 31, 6, 12       
                                219, 220              38, 13              
хөдөлгөөн                       48                    8                   
шийдвэр                         48, 101, 114, 120     12, 13, 2, 19       
                                133, 160, 166, 178    2, 10, 2, 5         
                                179, 194, 197, 231    11, 25, 9, 12       
                                231                   21                  
хураагч                         48, 159               15, 23              
зорчигч                         49                    17                  
оролцогч                        54                    6                   
шинэ мэдлэг                     56                    9                   
олон нийтийг соён гэгээрүүлэх үйл ажиллагаа  64                    3                   
бэлэн байдал                    66, 126               6, 8                
эрсдэлийг бууруулах             68, 129               4, 22               
мэдээлэл                        71, 82, 102, 103      10, 24, 10, 14      
                                110, 122, 123, 135    21, 11, 25, 7       
                                140, 141, 144, 191    10, 5, 7, 4         
                                216                   8                   
дүгнэлт                         72, 123               40, 7               
төрийн байгууллага              74, 75, 82, 102       1, 1, 21, 7         
                                110, 122, 125, 130    10, 7, 5, 9         
                                144, 216              8, 12               
хяналт тавих                    78, 128, 214          13, 27, 7           
төсөл                           79, 120, 120, 121     7, 14, 20, 14       
хөтөлбөр                        79, 120, 121          8, 13, 15           
тайлан                          82, 120               23, 17              
сонсогч                         82                    25                  
захирамж                        83, 170               10, 5               
баримт бичиг                    87, 88                7, 7                
гэрээ                           91                    16                  
хэлэлцээр                       91                    17                  
тохиолдол                       93, 178, 194, 201     10, 2, 23, 27       
даруй                           94, 144, 181, 208     10, 10, 14, 9       
                                213                   29                  
хориг арга хэмжээний жагсаалт   95, 220               9, 7                
хүсэлт                          95, 181               16, 3               
дотоодын жагсаалт               96, 148, 209, 210     9, 5, 5, 25         
                                212, 213, 217, 218    5, 11, 11, 5        
                                219                   17                  
ажил                            100, 107, 108, 111    3, 6, 6, 10         
                                113, 115, 120, 214    4, 3, 9, 9          
мэдээллийн нэгдсэн сан          102                   13                  
захиргаа                        103                   11                  
журам                           103, 113, 117, 182    18, 3, 4, 9         
                                183, 185, 186, 187    21, 7, 13, 8        
                                208, 209, 210, 211    7, 35, 15, 5        
                                212                   28                  
олон улсын гэрээ                104                   3                   
үйлчлэгч                        104, 173              29, 25              
сүлжээ                          104                   34                  
тагнуулын байгууллага           112, 213, 226, 229    6, 31, 12, 28       
                                230                   17                  
улсын төсөв                     115                   9                   
улсын  төсөв                    115                   9                   
нийслэл                         116, 116              2, 15               
салбар                          116, 116, 128, 163    8, 11, 7, 10        
                                168, 170, 174         5, 11, 10           
хэвлэмэл хуудас                 117                   10                  
иргэн                           122, 232              9, 26               
үндэсний аюулгүй байдал         123                   11                  
үнэлгээ                         123                   5                   
заавар                          128, 183, 185, 187    21, 22, 8, 9        
                                219                   23                  
зөвлөмж                         128                   22                  
эрсдэлийн үнэлгээ               135                   11                  
мэдээ                           140, 144              9, 6                
терроризмоос сэргийлэх          143                   7                   
орлого                          159                   21                  
нэгж                            163, 164, 174, 199    11, 7, 11, 24       
                                200, 203              13, 6               
хариуцагч                       164, 199, 200, 201    10, 37, 27, 42      
хил хамгаалах байгууллага       165                   2                   
гадаадын цэргийн хүчнийг байрлуулах  174                   12                  
тээврийн хэрэгсэл               175                   16                  
нисэх                           175                   6                   
агуулах                         177                   8                   
захиргааны байгууллага          181                   8                   
дүрэм                           183, 187              20, 7               
нууцын зэрэглэл                 187                   10                  
албаны нууц                     187                   14                  
хойшлуулшгүй сэргээн босгох     196                   19                  
зэвсэгт хүчин                   199                   8                   
осол                            199                   28                  
даатгагч                        199                   31                  
галт зэвсэг                     200                   16                  
тэтгэмж                         201                   28                  
үүрэг гүйцэтгэгч                202                   7                   
хориг арга хэмжээ               205, 206              1, 1                
нийтлэг журам                   207                   7                   
хөрөнгө царцаах                 209                   17                  
гуравдагч этгээд                209                   29                  
гомдол                          209, 212              24, 35              
тусгаарлах                      209                   32                  
гишүүн                          209, 209              42, 49              
прокурор                        209                   52                  
эрүүгийн хэрэг хянан шийдвэрлэх ажиллагаа  211                   16                  
санхүүгийн зохицуулах хороо     216                   4                   
шинжээч                         226                   10                  
тушаал                          227, 228, 228         12, 22, 25          
