File: MNCLW00670.txt
Search Method: Aho-Corasick
Total runtime: 0.015083s
Found terms: 1099

Term                            Line                  Word Place          

нийтлэх                         9, 10, 228, 506       1, 1, 10, 8         
                                507                   12                  
зах зээл                        12                    14                  
хуулийн этгээд                  12, 26, 27, 32        22, 22, 22, 15      
                                282, 287, 553, 554    31, 29, 16, 16      
                                557, 558, 575         7, 7, 5             
харилцаа холбоо                 12, 53, 140, 143      24, 3, 6, 6         
                                167, 168, 169, 175    3, 3, 3, 11         
                                176, 178, 179, 181    11, 3, 3, 12        
                                182, 471, 472, 565    12, 14, 14, 11      
                                565                   19                  
үйлчилгээний хүртээмж           12, 305, 333          30, 4, 11           
сүлжээ                          12, 45, 49, 50        9, 10, 7, 7         
                                60, 62, 66, 121       6, 11, 10, 9        
                                122, 200, 271, 333    9, 7, 16, 3         
                                391, 392, 394, 395    3, 3, 3, 12         
                                396, 398, 399, 400    11, 5, 26, 21       
                                401, 404, 405, 407    3, 4, 2, 5          
                                408, 410, 412, 414    3, 4, 28, 5         
                                415, 421, 422, 424    5, 3, 3, 7          
                                425, 427, 428, 438    7, 3, 3, 6          
                                439, 444, 444, 444    11, 3, 7, 11        
                                444, 445, 445, 445    19, 3, 7, 11        
                                445, 448, 499, 523    19, 3, 10, 3        
үр                              12, 210, 335          16, 12, 12          
иргэн                           12, 32, 135, 202      21, 14, 2, 14       
                                204, 210, 217, 217    19, 7, 21, 35       
                                287, 456, 469, 495    28, 7, 15, 14       
                                506, 507, 515         7, 10, 32           
мэдээлэл                        12, 21, 23, 25        26, 3, 9, 9         
                                43, 53, 88, 103       11, 5, 3, 3         
                                140, 141, 142, 143    8, 3, 3, 8          
                                150, 165, 175, 176    3, 4, 13, 13        
                                219, 234, 295, 297    3, 14, 11, 5        
                                299, 394, 399, 435    3, 11, 12, 8        
                                436, 467, 470, 471    8, 9, 4, 16         
                                472, 494, 551, 553    16, 10, 4, 3        
                                554, 557, 558, 561    3, 3, 3, 3          
                                565, 565, 565         3, 13, 21           
бүтээгдэхүүн                    12, 64, 84, 85        29, 7, 6, 6         
                                139, 142, 146, 147    6, 5, 6, 6          
                                168, 169, 178, 179    8, 8, 8, 8          
                                181, 182, 184, 185    17, 17, 6, 6        
                                565                   15                  
мөрдөгч                         16, 464, 540          17, 10, 6           
өргөн нэвтрүүлэг                17, 38, 39, 285       6, 8, 8, 16         
                                287                   10                  
нэвтрүүлэг                      17, 135, 409          2, 6, 6             
үйлчилгээ                       17, 32, 32, 34        3, 5, 8, 3          
                                34, 34, 36, 36        15, 20, 3, 9        
                                43, 47, 47, 49        3, 3, 30, 16        
                                50, 62, 66, 83        16, 7, 11, 3        
                                84, 85, 105, 107      7, 7, 6, 3          
                                108, 125, 131, 135    3, 3, 7, 8          
                                139, 146, 147, 168    7, 7, 7, 9          
                                169, 178, 179, 181    9, 9, 9, 18         
                                182, 184, 185, 193    18, 7, 7, 5         
                                225, 225, 242, 242    9, 15, 3, 16        
                                246, 249, 251, 254    3, 6, 8, 3          
                                254, 258, 270, 271    9, 8, 5, 5          
                                271, 273, 276, 287    10, 3, 3, 27        
                                297, 297, 333, 395    6, 11, 7, 7         
                                396, 400, 405, 412    15, 12, 5, 12       
                                459, 460, 463, 466    3, 7, 6, 7          
                                469, 477, 488, 495    8, 2, 19, 7         
                                500, 513, 515, 536    3, 2, 2, 6          
                                536, 537, 540, 541    7, 4, 4, 6          
                                565                   16                  
тодорхойлолт                    19                    6                   
хэрэглэгч                       20, 21, 23, 47        3, 21, 15, 5        
                                47, 47, 139, 140      19, 27, 8, 10       
                                570                   4                   
радио долгион                   21                    14                  
дамжуулагч                      21                    11                  
тусгаарлах                      21                    22                  
шуудангийн илгээмж              23                    19                  
шугам                           23, 202, 307, 399     17, 27, 2, 19       
                                444, 445, 488, 508    25, 25, 16, 2       
                                519, 520, 521, 526    3, 2, 3, 9          
                                530                   9                   
тээвэрлэгч                      23                    25                  
бүрдэл                          23, 321               31, 18              
үйл ажиллагаа                   24, 25, 26, 27        14, 12, 16, 16      
                                43, 49, 50, 53        13, 22, 22, 22      
                                53, 58, 143, 146      43, 7, 3, 9         
                                147, 150, 150, 159    9, 6, 18, 3         
                                160, 165, 282, 287    3, 9, 14, 20        
                                289, 297, 305, 333    20, 2, 8, 15        
                                386, 387, 396, 412    12, 4, 29, 14       
                                412, 527, 537, 541    35, 7, 6, 14        
                                565, 566              46, 6               
холбоо                          25, 38, 38, 39        8, 2, 5, 2          
                                39, 84, 85, 88        5, 2, 2, 2          
                                103, 129, 139, 141    2, 2, 2, 2          
                                142, 146, 147, 150    2, 2, 2, 2          
                                165, 184, 185, 219    3, 2, 2, 4          
                                299, 385, 394, 447    2, 2, 6, 11         
                                471, 472, 551, 553    19, 19, 3, 2        
                                554, 557, 558, 561    2, 2, 2, 2          
                                565                   2                   
хангагч                         25, 66, 112, 113      11, 7, 7, 7         
                                140, 143, 197, 217    15, 16, 35, 18      
                                217, 234, 347, 353    32, 15, 5, 17       
                                417, 418, 447, 463    7, 7, 13, 8         
                                471, 472, 492, 501    27, 27, 6, 6        
                                513                   9                   
тусгай зөвшөөрөл                26, 27, 152, 210      19, 19, 29, 20      
                                225, 235, 235, 235    4, 3, 13, 19        
                                278, 279, 282, 282    1, 1, 17, 26        
                                289, 289, 293, 303    10, 23, 3, 12       
                                303, 309, 317, 327    18, 3, 5, 12        
                                349, 353, 365, 371    14, 34, 5, 12       
                                379, 379, 382, 388    13, 18, 10, 6       
                                539, 568, 569         10, 4, 7            
зөвшөөрөл                       26, 27, 53, 105       3, 3, 8, 2          
                                152, 252, 258, 280    20, 2, 2, 4         
                                282, 287, 291, 301    3, 18, 4, 4         
                                303, 305, 327, 333    3, 6, 3, 13         
                                347, 373, 375, 381    2, 7, 2, 4          
                                382, 386, 389, 463    3, 2, 2, 2          
                                508, 515, 541         13, 43, 2           
шугам сүлжээ                    33, 202, 204, 508     6, 18, 5, 9         
үйлчлэгч                        33, 62, 333, 453      4, 4, 8, 1          
                                454, 475, 482         1, 5, 5             
хүн                             34, 152, 271, 295     22, 4, 12, 7        
                                575                   4                   
сан                             36, 83, 131, 132      5, 5, 4, 5          
                                133, 270, 273, 276    5, 7, 5, 5          
                                518                   5                   
хөрөнгө                         36, 274, 275          13, 4, 2            
радио холбоо                    38, 39                6, 6                
цахилгаан холбооны үйлчилгээ    47, 47                7, 14               
тоног төхөөрөмж                 49, 50, 64, 238       19, 19, 5, 6        
                                307, 399, 408, 431    5, 20, 13, 7        
                                432, 444, 445, 464    7, 26, 26, 15       
                                466, 492, 495, 499    3, 8, 10, 11        
                                501, 515, 522         8, 39, 8            
технологи                       49, 50, 88, 103       2, 2, 9, 7          
                                103, 112, 113, 144    19, 13, 13, 8       
                                297                   10                  
зохион байгуулагч               53, 78, 79, 101       17, 10, 10, 9       
                                103, 112, 113, 121    27, 24, 24, 7       
                                122, 168, 169, 202    7, 21, 21, 34       
                                219, 254, 327, 401    16, 5, 24, 14       
хяналт тавих                    53, 107, 108, 116     33, 10, 12, 8       
                                117, 146, 147, 235    8, 15, 15, 30       
                                238, 240, 244, 247    19, 16, 13, 11      
                                249, 256, 441, 537    11, 9, 28, 14       
журам                           53, 83, 88, 103       29, 9, 23, 22       
                                105, 129, 131, 132    10, 7, 9, 13        
                                133, 135, 136, 184    13, 9, 4, 27        
                                185, 235, 238, 240    27, 25, 16, 13      
                                244, 251, 254, 256    10, 5, 12, 6        
                                258, 327, 417, 418    11, 16, 15, 15      
                                427, 428, 441, 471    6, 6, 25, 12        
                                472, 557, 558, 568    12, 13, 13, 17      
гэрээ                           53, 235, 303, 351     31, 27, 35, 31      
                                353, 361, 528         32, 6, 2            
шийдвэр                         53, 100, 210, 303     39, 8, 25, 15       
                                303, 389, 570, 570    22, 6, 16, 20       
баримт бичиг                    58, 291               2, 7                
агуулах                         58                    11                  
дүрэм                           58, 88                13, 20              
заавар                          58, 103               14, 23              
эрх бүхий этгээд                64, 351               13, 8               
стандарт                        66, 247, 464, 492     5, 3, 3, 3          
                                540, 565              11, 34              
төрийн байгууллага              69, 70                4, 4                
тал                             73, 74, 77, 78        6, 6, 5, 3          
                                79, 101, 127, 191     3, 3, 3, 10         
                                197, 232, 234, 234    41, 5, 3, 8         
                                494, 499, 507, 519    9, 21, 5, 4         
                                520, 521              3, 20               
талууд                          73, 74, 77, 78        6, 6, 5, 3          
                                79, 101, 127, 191     3, 3, 3, 10         
                                197, 232, 234, 234    41, 5, 3, 8         
                                494, 499, 507, 519    9, 21, 5, 4         
                                520, 521              3, 20               
газар                           76, 77, 100, 172      4, 2, 7, 2          
                                174, 175, 176, 178    4, 9, 9, 25         
                                179, 202, 204, 204    25, 24, 8, 11       
                                226, 427, 428, 517    9, 8, 8, 4          
                                518, 518, 518, 521    3, 10, 21, 11       
                                523, 524, 525, 526    8, 4, 5, 5          
                                527, 531, 532, 561    5, 5, 5, 11         
зохицуулах хороо                82, 209, 210, 210     3, 5, 31, 34        
                                388, 441, 448, 466    12, 17, 12, 13      
                                569                   19                  
мэдээллийн технологи            84, 85, 129, 139      3, 3, 3, 3          
                                146, 147, 167, 168    3, 3, 5, 5          
                                169, 178, 179, 181    5, 5, 5, 14         
                                182, 184, 185         14, 3, 3            
байгууллага                     88, 90, 91, 94        19, 11, 11, 9       
                                95, 127, 131, 132     9, 16, 6, 2         
                                133, 143, 159, 159    2, 2, 20, 29        
                                160, 160, 168, 168    20, 29, 2, 19       
                                169, 169, 171, 171    2, 19, 4, 11        
                                172, 175, 176, 178    13, 27, 27, 21      
                                179, 181, 182, 184    21, 45, 45, 18      
                                185, 193, 197, 234    18, 10, 28, 13      
                                247, 409, 417, 418    7, 9, 21, 21        
                                435, 436, 439, 441    15, 15, 4, 4        
                                471, 472, 488, 488    9, 9, 2, 13         
                                506, 507, 515, 542    6, 9, 36, 8         
                                543, 546, 547, 553    8, 11, 11, 13       
                                554, 557, 558, 562    13, 28, 28, 7       
                                562, 563, 563, 565    29, 7, 29, 8        
                                565, 570              28, 12              
захиргаа                        90, 91, 94, 95        9, 9, 7, 7          
                                127, 159, 160, 168    10, 27, 27, 17      
                                169, 171, 171, 175    17, 2, 9, 2         
                                175, 176, 176, 178    25, 2, 25, 19       
                                179, 181, 181, 182    19, 2, 43, 2        
                                182, 184, 185, 523    43, 16, 16, 12      
                                542, 543, 546, 547    6, 6, 9, 9          
                                553, 554, 557, 558    11, 11, 26, 26      
                                562, 563              27, 27              
зохицуулалт                     105, 225, 251, 254    5, 8, 7, 11         
                                335, 369, 441         4, 4, 23            
дугаарлалтын нэгдсэн төлөвлөгөө  106, 248              2, 2                
захидал харилцаа нууц           108, 385              8, 3                
зохиогч                         112, 113, 204         14, 14, 12          
гүйцэтгэгч                      112, 113, 508, 531    19, 19, 23, 7       
                                532, 553, 554         7, 19, 19           
ажил                            112, 113, 143, 168    23, 23, 13, 11      
                                169, 181, 182, 184    11, 20, 20, 9       
                                185, 202, 219, 223    9, 33, 13, 4        
                                226, 260, 303, 351    4, 4, 31, 18        
                                353, 471, 472, 508    28, 2, 2, 20        
                                531, 532              6, 6                
хөрөнгө оруулалт                121, 122, 202         5, 5, 5             
ашиглалт                        121, 122, 225, 258    10, 10, 14, 7       
                                287, 333, 396, 405    26, 6, 14, 4        
                                536, 537, 540, 541    5, 3, 3, 5          
сангийн хөрөнгө                 125                   5                   
нэгжийн удирдлага               127                   13                  
мэргэжил                        127, 210, 217, 217    17, 23, 4, 25       
                                219, 295, 321         12, 6, 13           
цахим мэдээлэл                  131, 132, 133         2, 3, 3             
хариуцагч                       131, 435, 436, 444    5, 16, 16, 28       
                                445, 532              28, 19              
салбар                          140, 140, 165, 217    2, 4, 7, 3          
                                224, 569              11, 21              
төсөл                           140, 202, 565         11, 8, 25           
хөтөлбөр                        140, 202, 408, 409    12, 9, 8, 7         
                                565                   26                  
инноваци                        141                   5                   
оюуны өмч                       142                   6                   
төрийн өмчийн оролцоотой хуулийн этгээд  150, 159, 160         13, 10, 10          
арга хэмжээ                     150, 194, 311         25, 14, 20          
үнэлгээ                         150, 181, 181, 182    21, 27, 31, 27      
                                182, 184, 185, 331    31, 29, 29, 3       
                                349, 349, 351         7, 11, 28           
зээл                            152, 274              2, 2                
санал                           152, 175, 176, 178    18, 28, 28, 22      
                                179, 234, 297         22, 9, 13           
удирдлага                       159, 160, 184, 185    15, 15, 23, 23      
                                219, 401, 417, 418    8, 9, 20, 20        
захиргааны байгууллага          171, 175, 176, 181    15, 6, 6, 7         
                                181, 182, 182, 523    10, 7, 10, 16       
                                561, 566              7, 4                
зөвлөл                          173, 569              3, 22               
прокурор                        174                   3                   
хөгжлийн бодлого                184, 185              19, 19              
сум                             189, 191, 194         4, 2, 3             
нийслэл                         189, 191, 194         5, 3, 2             
орон сууц                       194                   10                  
гамшиг                          197                   2                   
шинжээч                         197, 311, 451, 574    8, 11, 12, 10       
осол                            197                   21                  
хүсэлт                          202, 353, 357, 359    15, 9, 6, 4         
                                363, 379              11, 16              
тохиолдол                       202, 299, 311, 351    21, 10, 15, 24      
                                353, 355, 451, 469    18, 2, 17, 14       
                                495, 515, 541, 569    13, 31, 13, 6       
төлбөр                          202, 225, 500         31, 16, 4           
аж ахуйн нэгж                   210, 402, 488, 507    4, 7, 10, 6         
                                515                   33                  
дүгнэлт                         210, 367, 562, 563    24, 6, 18, 18       
                                565                   41                  
гишүүн                          213, 215, 217, 220    4, 13, 38, 4        
                                224                   9                   
нэгдмэл сонирхолтой этгээд      220                   18                  
хувьцаа                         220                   8                   
зөвлөх                          224                   12                  
тайлан                          226, 299, 377, 562    5, 12, 5, 21        
                                563                   21                  
санхүүгийн тайлан               228                   4                   
норматив баримт бичиг           238                   13                  
техникийн нөхцөл                238, 464, 492, 501    10, 4, 4, 3         
                                540                   12                  
баталгаажуулах                  238                   8                   
харилцан холболт                240, 412, 448         3, 19, 5            
сүлжээнд холбогдох              240, 448              6, 8                
орлого                          240                   11                  
зүй ёсны монополь               242                   10                  
тариф                           242, 242, 297, 459    4, 17, 12, 4        
тусгай зөвшөөрөл эзэмшигч       252, 568, 569         6, 9, 12            
төсөв                           260                   3                   
бүх нийтийн үйлчилгээний үүргийн сан  268, 269, 271         1, 1, 25            
этгээд                          293, 303, 349, 351    2, 25, 13, 7        
                                351, 353, 353, 359    30, 8, 13, 2        
                                363, 444, 445, 532    10, 13, 13, 8       
                                565, 578              39, 16              
нотлох баримт                   295, 297, 299         14, 16, 15          
зөвшөөрөл эзэмшигч              299, 570              8, 2                
мэдээ                           299, 377, 467         11, 4, 8            
дайны байдал                    311, 451              3, 5                
урьдчилан сэргийлэх             311                   18                  
зарлаг                          311, 355, 363, 451    5, 6, 6, 7          
үндэсний аюулгүй байдал         323                   4                   
сонгогч                         327, 327, 329, 353    14, 18, 8, 5        
                                355, 363              3, 7                
мэдэгдэл                        351, 353, 353         13, 21, 23          
дахин сонгуул                   363                   16                  
хяналт шалгалт                  367, 373, 538, 546    3, 3, 4, 17         
                                547                   17                  
гомдол                          389, 570              10, 28              
шуудан                          394                   7                   
тусгай хэрэглээний              395, 417, 418, 424    10, 24, 24, 4       
                                425, 435, 436         4, 5, 5             
шуудангийн сүлжээ               396                   22                  
зааглах цэг                     396, 412, 444, 445    25, 30, 21, 21      
                                448                   10                  
цахилгаан холбооны үндсэн сүлжээ  400                   15                  
мэдээллийн сүлжээ               412                   9                   
контент                         412                   26                  
гэмт хэрэгтэй тэмцэх            417, 418              10, 10              
батлан хамгаалах                417, 418              3, 3                
гамшгаас хамгаалах              417, 418              8, 8                
аюул                            417, 418              5, 5                
төрийн мэдээллийн нэгдсэн сүлжээ  424, 425              8, 8                
суваг                           431, 432              6, 6                
нэгж                            439, 441, 506         3, 3, 5             
нэмэгдэл                        444, 445              24, 24              
онцгой нөхцөл байдал үүссэн     451                   13                  
иргэний бүртгэлийн дугаар       479                   2                   
ажилтан                         488                   5                   
нэхэмжлэгч                      495                   21                  
барилга байгууламж              499, 508, 515         3, 6, 12            
өөрийн хөрөнгө                  508                   21                  
хайгуул                         508                   4                   
нийтийн зориулалттай орон сууцны байшин  515                   15                  
нийтийн эдэлбэрийн газар        515                   9                   
харилцаа холбооны хамгаалалтын зурвас газар  518                   13                  
эрүүл ахуйн хамгаалалтын бүс    522                   14                  
тээврийн хэрэгсэл               530                   5                   
урьдчилсан зөвшөөрөл            531                   10                  
технологийн горим               537, 540              9, 8                
шалгагч                         539, 540              16, 21              
үйлдвэрлэгч                     540                   5                   
харилцаа холбоо, мэдээллийн технологийн аудит  557, 558, 562, 563    14, 14, 11, 11      
зөвлөмж                         562, 563, 565         19, 19, 42          
нээлт                           562, 563              34, 34              
аудитын байгууллага             566                   2                   
хэлэлцээр                       568                   2                   
