File: MNCLW00759.txt
Search Method: Aho-Corasick
Total runtime: 0.001523s
Found terms: 133

Term                            Line                  Word Place          

хуульч                          7, 9, 9, 9            1, 11, 18, 21       
                                9, 9, 10, 10          23, 47, 8, 15       
                                14, 28, 30, 30        10, 9, 19, 22       
                                32, 33, 34, 36        9, 6, 21, 11        
                                41, 41, 45, 45        18, 37, 3, 16       
                                45, 47, 48, 48        17, 41, 7, 22       
                                48, 49, 49, 50        23, 17, 29, 7       
                                54, 54, 54, 56        3, 12, 21, 3        
мөрдөгч                         7, 32, 33, 56         8, 36, 19, 15       
журам                           7, 14, 33             9, 7, 17            
сонгогч                         9, 14, 33, 36         12, 2, 7, 2         
                                45, 48, 49, 50        18, 32, 32, 9       
гэрчилгээ                       9, 9, 9, 10           19, 24, 48, 2       
                                12, 14, 30, 30        2, 11, 20, 23       
захиргаа                        9, 37, 50             33, 30, 16          
байгууллага                     9, 37, 50             35, 32, 18          
хүсэлт                          12, 12, 17, 21        9, 22, 5, 5         
                                25, 28, 30, 43        5, 7, 10, 13        
өргөдөл                         13                    6                   
баримт бичиг                    15, 26                10, 5               
газар                           16, 33, 47, 52        13, 14, 31, 2       
гишүүн                          16, 47                14, 32              
шийдвэр                         17, 17, 28            9, 15, 6            
гомдол                          22, 28, 54            8, 20, 19           
тушаал                          23                    7                   
тохиолдол                       30                    18                  
зохиогч                         32                    11                  
зохицуулалт                     32                    26                  
иргэн                           35, 39                24, 18              
итгэмжлэл                       35                    29                  
хангагч                         35, 45, 52            31, 23, 20          
мэргэжил                        36, 36, 41, 54        8, 19, 19, 4        
                                54                    13                  
үйл ажиллагаа                   37, 41, 52, 54        13, 20, 13, 14      
зохион байгуулагч               37, 47, 50, 52        34, 22, 19, 7       
өмгөөллийн үйл ажиллагаа        39, 39, 41            11, 40, 23          
тусгай зөвшөөрөл                39, 39                15, 44              
улсын тэмдэгтийн хураамж        41                    64                  
хуулийн этгээд                  41, 41, 41, 43        28, 53, 59, 8       
нөхөрлөл                        41                    47                  
хураамж                         41                    73                  
холбоо                          43                    15                  
хуульчийн мэргэжлийн үйл ажиллагаа эрхлэх зөвшөөрөл  45                    9                   
багц цаг                        45                    25                  
ажил                            47, 47, 50            24, 34, 10          
шүүх                            47                    37                  
шүүгч                           47                    37                  
прокурор                        47, 49                38, 8               
өмгөөлөгч                       47                    39                  
хариуцагч                       52                    10                  
талууд                          54                    17                  
тал                             54                    17                  
