File: MNCLW00243.txt
Search Method: Aho-Corasick
Total runtime: 0.005196s
Found terms: 171

Term                            Line                  Word Place          

иргэн                           11, 12, 20, 21        5, 5, 12, 12        
                                34, 59, 60            9, 30, 30           
үйлчилгээ                       11, 12                36, 36              
хөрөнгө оруулагч                18, 41, 101, 101      7, 17, 6, 13        
                                101                   19                  
газар                           18, 78, 85            4, 17, 4            
зээлийн батлан даалт            20, 21                19, 19              
хуулийн этгээд                  20, 20, 21, 21        13, 26, 13, 26      
                                34                    10                  
сан                             20, 20, 21, 21        4, 6, 4, 6          
                                28, 31, 32, 35        5, 1, 1, 12         
                                68, 78, 81, 86        19, 10, 20, 10      
                                87, 89, 91, 91        5, 5, 5, 13         
                                100                   29                  
тодорхойлолт                    23                    6                   
батлан даалт                    27, 57, 58, 59        2, 22, 29, 39       
                                60, 69                39, 2               
мөнгөн хадгаламж                27                    10                  
төлбөр тооцоо                   27                    12                  
банк                            27, 58, 59, 60        5, 18, 15, 15       
                                62, 63, 75            13, 13, 7           
удирдлага                       31, 32, 36            5, 5, 4             
төрийн бус байгууллага          34                    3                   
олон улсын байгууллага          34                    6                   
дүрм                            35, 35, 40, 51        6, 10, 7, 2         
зөвлөл                          37, 37, 39, 39        4, 6, 7, 18         
                                40, 40, 40, 41        10, 20, 26, 2       
                                42, 49, 49, 50        2, 2, 4, 2          
                                71                    2                   
дүрэм                           38, 39, 40, 43        13, 14, 24, 4       
                                44, 110, 111          2, 16, 8            
байгууллага                     39, 41, 68, 91        4, 16, 12, 26       
санал                           40, 100, 101, 111     30, 28, 5, 23       
төсөв                           41                    5                   
журам                           48, 50, 70, 73        12, 6, 6, 4         
                                74, 75, 76, 77        6, 12, 7, 4         
                                110                   17                  
гүйцэтгэх удирдлага             49                    5                   
шийдвэр                         50                    4                   
зөвшөөрөл                       51                    11                  
үйл ажиллагаа                   53, 54, 55, 66        2, 2, 5, 4          
                                113, 114              2, 2                
зээл                            57, 59, 60, 62        4, 18, 18, 11       
                                63, 86                11, 14              
хөрөнгө                         57, 59, 60, 76        10, 26, 26, 2       
                                100, 100              14, 22              
санхүүгийн байгууллага          58                    19                  
газр                            59, 60, 86            9, 9, 9             
хөтөлбөр                        59, 60                11, 11              
төлбөр                          59, 60, 89            23, 23, 25          
өрийн бичиг                     65                    10                  
эд хөрөнгийн эрхийн улсын бүртгэл  68                    4                   
мэдээлэл                        68, 68                2, 20               
өр                              69, 89                13, 24              
журм                            71, 78, 111, 116      7, 15, 9, 8         
хураамж                         72, 80, 81, 81        6, 7, 12, 18        
хөрөнгийг удирдах               76                    4                   
өөрийн хөрөнгө                  94, 95, 96, 110       2, 2, 4, 5          
санхүүгийн тайлан               94, 95, 102, 103      5, 5, 4, 14         
                                105                   2                   
санхүүгийн зохицуулах хороо     98, 104               11, 6               
тайлан                          104, 105, 105, 105    3, 9, 12, 15        
орлого                          105                   6                   
үр                              105                   7                   
тайлбар                         105                   18                  
зохицуулах хороо                110, 111              2, 2                
тушаал                          121                   5                   
хүн                             122                   4                   
