File: MNCLW00736.txt
Search Method: Aho-Corasick
Total runtime: 0.005333s
Found terms: 462

Term                            Line                  Word Place          

төрийн ордон                    5                     1                   
хүн                             6, 11, 18, 18         1, 5, 4, 32         
                                18, 18, 20, 20        52, 64, 19, 29      
                                34, 35, 62, 64        1, 1, 6, 15         
                                71, 76, 78, 86        7, 8, 3, 9          
                                101, 109, 110, 125    4, 1, 1, 4          
                                147, 174              8, 4                
нийтлэх                         8, 9                  1, 1                
урьдчилан сэргийлэх             11, 13, 42, 45        7, 15, 3, 4         
                                45, 50, 62, 63        10, 4, 8, 7         
                                74, 76, 83, 83        14, 14, 4, 27       
                                87, 91, 93, 99        8, 22, 20, 6        
                                144, 153, 153         4, 4, 12            
гэмт хэрэг                      13, 45, 94, 107       12, 7, 8, 3         
мөрдөгч                         15, 177               17, 12              
тодорхойлолт                    16                    6                   
хэрэглэгч                       17, 18                3, 34               
албадан хөдөлмөрлүүлэх          18                    22                  
хуурч мэхлэх                    18                    40                  
эмзэг байдал                    18                    46                  
төлбөр төлөгч                   18                    60                  
нуун далдлагч                   18                    67                  
бэлэг                           18                    10                  
төсөв                           18, 72                17, 19              
этгээд                          18, 69, 70, 100       56, 17, 18, 4       
                                101, 102, 113, 139    2, 2, 6, 13         
                                147                   16                  
зөвшөөрөл                       18, 105, 125          57, 4, 28           
тээвэрлэгч                      18                    66                  
үйл ажиллагаа                   22, 23, 34, 35        6, 4, 4, 4          
                                56, 76, 86, 90        12, 16, 12, 12      
                                102, 102, 109, 110    4, 10, 4, 4         
                                116, 150, 151, 161    6, 6, 4, 7          
                                162, 165, 166         7, 11, 4            
удирдлага                       23                    8                   
аюул                            28, 48, 112, 143      2, 8, 11, 23        
хангагч                         28, 48, 83, 90        4, 10, 10, 8        
                                101, 112, 131, 133    11, 14, 3, 19       
                                143                   25                  
мэдээлэл                        29, 30, 69, 70        3, 3, 42, 20        
                                90, 103, 104, 104     17, 4, 2, 8         
                                105, 107, 118, 118    7, 10, 20, 27       
                                119, 120, 142, 143    15, 16, 6, 20       
                                144                   20                  
иргэн                           32, 51, 53, 53        5, 7, 3, 9          
                                69, 74, 93, 106       35, 2, 4, 2         
                                123, 124, 125, 142    4, 2, 2, 8          
                                143, 144, 157, 165    22, 21, 9, 14       
зохиогч                         34, 35, 79, 115       6, 6, 5, 4          
төрийн байгууллага              36, 86                7, 5                
талууд                          37, 43, 49, 50        4, 4, 4, 16         
                                54, 57, 60, 63        4, 4, 4, 11         
                                65, 91, 91, 96        4, 5, 17, 14        
                                142, 143, 163         5, 18, 8            
тал                             37, 43, 49, 50        4, 4, 4, 16         
                                54, 57, 60, 63        4, 4, 4, 11         
                                65, 91, 91, 96        4, 5, 17, 14        
                                142, 143, 163         5, 18, 8            
газар                           37, 43, 84, 91        6, 10, 11, 29       
                                115, 116, 118, 122    9, 2, 9, 20         
                                133, 159, 168         11, 11, 13          
хөтөлбөр                        38, 39, 63, 96        6, 6, 19, 7         
гэмт хэрэгтэй тэмцэх            41, 99                3, 3                
олон улсын байгууллага          41, 50, 156           9, 19, 3            
төрийн бус байгууллага          42, 56, 86, 116       7, 9, 15, 8         
                                157, 166              3, 7                
гишүүн                          43, 84, 168           11, 12, 14          
зохион байгуулагч               45, 50, 52, 55        21, 31, 10, 10      
                                58, 62, 93, 99        11, 14, 25, 16      
ажил                            45, 52, 55, 58        6, 9, 9, 10         
                                62, 83, 83, 87        10, 6, 29, 3        
                                87, 87, 91, 93        10, 13, 24, 24      
                                101                   12                  
мэдээллийн сан                  47                    4                   
журам                           48, 52, 55, 58        11, 7, 7, 8         
                                84, 95, 115, 124      5, 12, 7, 24        
                                134, 134, 134, 134    8, 23, 39, 54       
                                168                   7                   
захиргаа                        49, 54, 57, 60        10, 11, 10, 11      
                                72, 113, 125, 134     5, 18, 47, 14       
                                134, 134, 134         30, 45, 60          
байгууллага                     49, 54, 57, 59        12, 13, 12, 6       
                                60, 62, 62, 69        13, 2, 12, 39       
                                71, 72, 72, 90        23, 7, 12, 11       
                                92, 93, 94, 94        8, 8, 17, 25        
                                95, 99, 101, 103      5, 11, 20, 5        
                                104, 113, 125, 125    3, 14, 30, 49       
                                134, 134, 134, 134    16, 32, 47, 62      
                                138, 144, 165         6, 14, 18           
гэрээнд нэгдэн орох             50                    10                  
санал                           50, 76, 91, 93        13, 31, 18, 13      
                                94, 96, 125           23, 15, 31          
гэрээ                           50                    22                  
хэлэлцээр                       50                    23                  
хохирогч                        51, 119, 124, 125     3, 12, 14, 14       
                                138, 147              2, 11               
хяналт тавих                    52, 55, 58, 64        13, 13, 14, 20      
                                72, 74, 81, 83        29, 16, 12, 14      
үйлчилгээ                       52, 55, 56, 58        5, 5, 4, 6          
                                59, 79, 98, 113       2, 4, 4, 9          
                                127, 128, 134, 134    6, 4, 6, 21         
                                134, 134, 136         37, 52, 8           
эмнэлэг                         59                    5                   
ажилтан                         59, 99, 138           7, 12, 14           
оюутан-цэрг                     62                    3                   
оюутан-цэрэг                    62                    3                   
оюутан                          62                    3                   
стандарт                        63, 98                20, 5               
тагнуулын байгууллага           64, 114               3, 7                
хүн худалдаалах                 64, 74, 102, 119      6, 9, 8, 8          
                                124, 125, 144         10, 10, 15          
зар сурталчилгаа                64, 81, 104, 106      18, 6, 6, 8         
                                107                   19                  
улсын хил хамгаалах байгууллага  65                    5                   
аж ахуйн нэгж                   69, 72, 93, 94        36, 9, 5, 14        
                                95, 157, 165          2, 6, 15            
итгэмжлэл                       69                    10                  
шалгагч                         69, 114               43, 9               
зорчигч                         70                    6                   
тохиолдол                       70, 71, 119, 124      15, 11, 6, 16       
                                125, 139              16, 7               
албадан хөдөлмөр                72                    14                  
монгол улсын нутаг дэвсгэр      74, 124, 125          5, 5, 5             
харьяалалгүй хүн                74, 123, 124          3, 5, 3             
гадаадын иргэн                  74, 125               20, 33              
захиргааны байгууллага          74, 76, 77, 125       26, 5, 8, 39        
үнэлгээ                         76, 98                23, 9               
арга хэмжээ                     78, 95, 122, 124      11, 15, 23, 30      
                                138                   23                  
зөвлөл                          82, 83, 83, 83        4, 20, 23, 31       
                                84, 86, 87, 87        2, 2, 2, 12         
                                88, 89, 91            2, 2, 26            
мэргэжлийн удирдлага            83                    8                   
гүйцэтгэгч                      87                    15                  
үйл ажиллагааны зардал          88, 153               3, 14               
улсын төсөв                     88                    6                   
улсын  төсөв                    88                    6                   
тайлан                          90                    16                  
сонсогч                         90                    18                  
зөвлөмж                         90, 101               21, 25              
эрдэм шинжилгээний байгууллага  91, 163               8, 11               
мэргэжил                        91, 163               6, 9                
хөрөнгө                         96, 152, 157, 159     10, 6, 12, 5        
                                161, 167              5, 5                
заавар                          101                   24                  
мэдэгдэл                        101                   26                  
хуулийн этгээд                  102, 174              16, 5               
шүүхийн шийдвэр                 102                   18                  
гэр бүл                         106, 119              3, 16               
зуучлагч                        106                   6                   
холбоо                          107                   12                  
сүлжээ                          107                   14                  
хамгаалах байр                  112                   16                  
хүсэлт                          113, 119              12, 4               
шийдвэр                         116                   3                   
эрх бүхий албан тушаалтан       118                   21                  
мэдээллийг нууцлах              118                   16                  
бусад оролцогч                  120                   7                   
прокурор                        120                   2                   
шүүгч                           120, 122, 149         3, 5, 17            
шүүх                            120, 122, 149         3, 5, 17            
өмгөөлөгч                       120                   4                   
мөрдөн байцаагч                 122                   3                   
цагаачлах                       124                   23                  
мэргэжлийн сургалт              131                   4                   
орон байр                       133                   15                  
баримт бичиг                    133                   24                  
хүнс                            133                   18                  
паспорт                         133                   21                  
төлбөр                          136, 144              10, 22              
даруй                           138                   20                  
асран хамгаалагч, харгалзан дэмжигч  139                   9                   
сум                             139, 141              15, 9               
хариуцагч                       141                   13                  
ачаа                            143                   8                   
мэдүүлэг                        143                   11                  
гэрч                            143                   13                  
эд хөрөнгө                      147                   3                   
нэхэмжлэл                       149                   7                   
орон нутгийн төсөв              152                   2                   
хандив                          156                   6                   
үр                              163, 165              6, 9                
шинжээч                         173                   10                  
