File: MNCLW00143.txt
Search Method: Aho-Corasick
Total runtime: 0.004091s
Found terms: 586

Term                            Line                  Word Place          

газар                           6, 9, 10, 10          1, 4, 1, 7          
                                12, 12, 15, 15        4, 30, 1, 17        
                                15, 18, 22, 22        24, 6, 11, 15       
                                23, 23, 24, 24        11, 15, 2, 21       
                                25, 27, 28, 29        4, 7, 7, 2          
                                29, 30, 30, 33        12, 2, 12, 3        
                                33, 34, 34, 35        5, 3, 5, 13         
                                35, 36, 36, 38        49, 13, 49, 2       
                                38, 39, 39, 40        7, 8, 10, 4         
                                41, 42, 43, 44        2, 7, 7, 9          
                                45, 46, 47, 48        9, 11, 11, 5        
                                48, 49, 49, 52        8, 5, 8, 2          
                                52, 52, 52, 53        13, 21, 34, 8       
                                54, 56, 56, 58        21, 4, 26, 4        
                                58, 58, 58, 59        20, 23, 28, 7       
                                60, 61, 61, 62        11, 3, 26, 3        
                                62, 64, 66, 67        26, 4, 6, 6         
                                68, 69, 70, 71        14, 14, 11, 11      
                                72, 73, 75, 75        37, 37, 16, 23      
                                76, 76, 87, 87        16, 23, 8, 12       
                                88, 88, 94, 95        8, 12, 21, 21       
                                97, 98, 101, 102      61, 61, 33, 33      
                                104, 104, 104, 105    2, 19, 25, 6        
                                105, 107, 108, 110    23, 21, 21, 8       
                                110, 111, 111, 116    17, 8, 17, 14       
                                117, 117, 118, 118    11, 21, 11, 30      
                                119, 120, 120, 121    11, 5, 37, 10       
                                121, 121, 122, 122    23, 31, 10, 23      
                                122, 125, 127, 127    31, 2, 2, 18        
                                127, 127, 127, 127    22, 35, 40, 44      
                                127, 128, 130, 134    55, 8, 7, 6         
                                134, 134, 135, 135    20, 22, 6, 20       
                                135, 137, 138, 139    22, 4, 2, 5         
                                140, 146, 149, 149    5, 4, 1, 8          
                                149                   16                  
төлбөр                          6, 8, 8, 9            2, 16, 19, 5        
                                10, 15, 27, 28        2, 34, 8, 8         
                                31, 32, 33, 34        9, 9, 6, 6          
                                35, 36, 38, 39        14, 14, 3, 11       
                                40, 41, 42, 43        5, 3, 8, 8          
                                44, 45, 46, 47        10, 10, 12, 12      
                                48, 49, 50, 51        9, 9, 8, 8          
                                52, 53, 53, 54        3, 9, 21, 22        
                                56, 58, 59, 59        27, 21, 8, 19       
                                60, 60, 61, 62        12, 17, 27, 27      
                                64, 65, 65, 68        5, 3, 10, 16        
                                69, 80, 81, 82        16, 22, 22, 17      
                                83, 87, 88, 91        17, 13, 13, 19      
                                92, 94, 95, 97        19, 22, 22, 62      
                                98, 101, 102, 104     62, 34, 34, 20      
                                105, 107, 108, 110    24, 22, 22, 2       
                                110, 111, 111, 113    18, 2, 18, 4        
                                115, 116, 116, 117    2, 2, 16, 12        
                                117, 118, 118, 118    22, 2, 21, 31       
                                119, 120, 120, 121    12, 22, 38, 11      
                                121, 122, 122, 125    24, 11, 24, 3       
                                127, 127, 128, 128    3, 36, 2, 9         
                                130, 132, 132, 132    8, 5, 11, 21        
                                134, 135, 137, 138    23, 23, 5, 3        
                                146, 147, 149         5, 4, 2             
аж ахуйн нэгж                   8, 12, 15, 54         6, 17, 10, 17       
                                56, 58, 70, 71        22, 16, 5, 5        
                                72, 73, 80, 81        17, 17, 3, 3        
                                82, 83, 91, 92        3, 3, 12, 12        
                                94, 95, 97, 98        9, 9, 41, 41        
                                101, 102, 104, 127    17, 17, 15, 8       
газар эзэмших                   8, 12, 61, 62         12, 10, 11, 11      
                                65, 91, 92, 107       7, 16, 16, 7        
                                108, 115, 117, 118    7, 3, 4, 16         
                                119                   16                  
иргэн                           8, 12, 15, 35         5, 16, 9, 57        
                                36, 54, 56, 58        57, 16, 21, 15      
                                61, 62, 68, 69        15, 15, 4, 4        
                                70, 71, 72, 73        4, 4, 16, 16        
                                80, 81, 82, 83        2, 2, 2, 2          
                                91, 92, 104, 107      11, 11, 14, 11      
                                108, 110, 111, 127    11, 5, 5, 7         
байгууллага                     8, 12, 15, 54         9, 20, 13, 20       
                                56, 58, 60, 70        25, 19, 4, 8        
                                71, 72, 73, 80        8, 20, 20, 6        
                                81, 82, 83, 91        6, 6, 6, 15         
                                92, 104, 105, 116     15, 18, 19, 5       
                                117, 118, 120, 127    15, 5, 46, 11       
                                128, 138, 139, 140    5, 10, 20, 20       
                                141, 142, 146         15, 15, 15          
газрын төлбөр төлөгч            11, 12, 124           4, 44, 4            
олон улсын байгууллага          12                    31                  
газар ашиглах                   12                    21                  
төлөөлөгчийн газар              12                    34                  
хуулийн этгээд                  12, 61, 62, 110       38, 16, 16, 6       
                                111                   6                   
гадаадын иргэн                  12                    40                  
харьяалалгүй хүн                12                    42                  
төлбөр ногдуулах газар          14                    4                   
эрх бүхий этгээд                15                    4                   
тусгай хэрэгцээний газар        15                    31                  
шийдвэр                         15, 60, 146           7, 7, 18            
сан                             15, 24, 56            26, 4, 2            
газрын суурь үнэлгээ            17, 18, 19, 31        4, 2, 2, 12         
                                32, 35, 36, 118       12, 9, 9, 8         
                                120, 120              9, 17               
суурин газар                    20, 21, 24, 52        5, 5, 16, 27        
                                53, 58, 59, 91        19, 34, 17, 3       
                                92                    3                   
үнэлгээ                         20, 21, 22, 23        7, 7, 8, 8          
                                24, 24, 27, 28        11, 18, 14, 14      
                                41, 52, 52, 52        6, 14, 22, 29       
                                58, 58, 118           29, 36, 12          
бусад газар                     22, 23, 31, 32        6, 6, 7, 7          
                                50, 51, 75, 76        6, 6, 17, 17        
орлого                          22, 23, 125, 127      21, 21, 4, 4        
                                127                   38                  
төлбөр тооцоо                   25, 26                5, 2                
нэгж                            26, 27, 28, 134       5, 11, 11, 12       
                                134, 135, 135         30, 12, 30          
мал                             27, 28, 33, 34        19, 19, 10, 10      
зам                             29, 30, 48, 49        9, 9, 2, 2          
                                97, 98                26, 26              
шугам                           29, 30, 48, 49        10, 10, 3, 3        
ашиглалт                        35, 36, 38, 54        17, 17, 5, 3        
                                120, 127              7, 13               
хэрэглэгч                       35, 36                48, 48              
нийслэл                         35, 36, 61, 62        56, 56, 5, 5        
                                97, 97, 98, 98        4, 52, 4, 52        
                                101, 102, 121, 122    24, 24, 28, 28      
                                125                   7                   
ажилгүй                         52, 53, 58, 61        19, 3, 26, 8        
                                62                    8                   
барилга байгууламж              53                    5                   
үйл ажиллагаа                   54, 56, 58, 94        12, 17, 11, 12      
                                95, 97, 98, 101       12, 46, 46, 20      
                                102                   20                  
усны сан бүхий газрын хамгаалалтын бүс  56                    6                   
аялал жуулчлал                  59, 94, 95            2, 2, 2             
тариалангийн талбай             60                    15                  
ариун цэвэр                     61, 62                21, 21              
стандарт                        61, 62, 107, 108      18, 18, 25, 25      
малчин өрх                      66, 67                2, 2                
бэлчээр                         66, 67                4, 4                
түүх, соёлын үл хөдлөх дурсгал  72, 73                26, 26              
түүх, соёлын дурсгалт газар     72, 73                4, 4                
соёлын байгууллага              72, 73                13, 13              
орон нутгийн өмч                75, 76                4, 4                
боловсролын байгууллага         75, 76                11, 11              
хөрс                            80, 81                7, 7                
ургамал                         80, 81, 82, 83        17, 17, 11, 11      
орчны газар                     84, 85                9, 9                
сууц                            84, 85                2, 2                
зочид буудал                    94, 95                4, 4                
чөлөөт бүс                      94, 95, 97, 97        16, 16, 2, 50       
                                98, 98                2, 50               
үйлчилгээ                       94, 95, 101, 102      6, 6, 14, 14        
эрчим хүч                       97, 98                10, 10              
шугам сүлжээ                    97, 98                15, 15              
цэвэрлэх байгууламж             97, 98                21, 21              
авто зам                        97, 98                23, 23              
нисэх                           97, 98                27, 27              
сүлжээ                          97, 98                33, 33              
салбар                          97, 98                45, 45              
улсын нийслэл                   101, 102              2, 2                
технологи                       104                   11                  
хөнгөлөлт                       104, 107, 108, 121    21, 23, 23, 25      
                                122                   25                  
өөрийн хөрөнгө                  105                   13                  
тохиолдол                       105, 134, 135         9, 17, 17           
этгээд                          105, 119, 143, 144    12, 19, 23, 23      
                                147, 149              9, 7                
тал                             105, 146              17, 8               
талууд                          105, 146              17, 8               
дүгнэлт                         105                   20                  
хангагч                         107, 108              32, 32              
улсын бүртгэлийн дугаар         115                   20                  
улсын бүртгэл                   115                   11                  
мэдээллийн сан                  115                   18                  
мэдээлэл                        119, 120              15, 30              
нэгж талбарын дугаар            120                   2                   
төлбөр төлөгч                   120, 132, 139, 140    20, 2, 2, 2         
                                141, 142, 143, 144    2, 2, 2, 2          
                                146                   2                   
журам                           120, 121, 122         36, 27, 27          
захиргаа                        120, 134, 134, 135    44, 9, 27, 9        
                                135                   27                  
захиргааны байгууллага          121, 121, 122, 122    35, 42, 35, 42      
хариуцагч                       121, 121, 122, 122    33, 40, 33, 40      
сум                             125                   6                   
арга хэмжээ                     127                   33                  
зохиогч                         127, 127              23, 45              
хөрөнгө                         127                   51                  
хяналт тавих                    130                   11                  
шүүх                            146                   23                  
шүүгч                           146                   23                  
мөрдөгч                         151                   11                  
