File: MNCLW00404.txt
Search Method: Aho-Corasick
Total runtime: 0.000364s
Found terms: 104

Term                            Line                  Word Place          

хүү                             5                     2                   
нийгмийн даатгалын сан          6, 7, 9, 10           1, 1, 1, 2          
                                151, 160, 162         8, 3, 3             
нийгмийн халамжийн сан          6, 7, 149             13, 13, 8           
тэтгэвэр                        6, 6, 7, 7            5, 17, 5, 17        
                                9, 10, 10, 11         5, 6, 19, 13        
                                13, 14, 14, 15        5, 5, 20, 7         
                                17, 60, 60, 61        3, 5, 20, 7         
                                63, 149, 149, 151     3, 3, 12, 4         
                                151, 153, 154, 156    12, 6, 5, 23        
                                157, 160, 162, 162    23, 7, 7, 22        
                                162                   42                  
тэтгэмж                         6, 6, 7, 7            6, 18, 6, 18        
                                9, 10, 14, 60         6, 7, 6, 6          
                                149, 149, 151, 160    7, 13, 13, 8        
                                162                   8                   
журм                            6, 7, 154             33, 33, 14          
тэтгэвр                         9, 151, 154, 156      26, 7, 8, 27        
                                157, 160, 160         27, 20, 31          
сан                             14, 60                3, 3                
даатгуулагч                     14, 15, 16, 60        17, 2, 2, 17        
                                61, 62, 160, 162      2, 2, 30, 19        
баар                            15, 15, 18, 58        11, 104, 2, 2       
                                61, 61, 64, 144       11, 194, 2, 2       
эм                              60, 61, 62, 160       16, 1, 1, 26        
нийгмийн халамж                 149                   1                   
орлог                           151, 162, 162         27, 29, 49          
орлого                          151, 162, 162         27, 29, 49          
тариф                           153                   2                   
өр                              153                   4                   
газр                            153, 156, 157         15, 13, 13          
малчин                          154                   4                   
газар                           154                   16                  
тэтгэвэр авагч                  156, 157              25, 25              
хүн                             156, 157              18, 18              
хүсэлт                          160                   22                  
