File: MNCLW00530.txt
Search Method: Trie (MWE + Single-Word)
Total runtime: 0.025025s
Found terms: 1306

Term                            Line                  Word Place          

прокурор                        6, 7, 13, 13          1, 1, 5, 14         
                                30, 31, 31, 32        8, 3, 4, 16         
                                33, 33, 33, 33        3, 7, 16, 19        
                                40, 46, 56, 57        13, 3, 1, 1         
                                66, 90, 97, 102       8, 9, 3, 11         
                                116, 128, 149, 149    11, 12, 5, 13       
                                156, 172, 185, 185    8, 12, 3, 8         
                                205, 216, 229, 235    9, 23, 18, 3        
                                242, 252, 261, 264    8, 14, 11, 3        
                                264, 271, 275, 303    5, 3, 4, 1          
                                304, 308, 308, 308    1, 5, 9, 16         
                                309, 310, 310, 311    7, 10, 23, 3        
                                311, 312, 312, 313    17, 3, 12, 10       
                                314, 314, 314, 314    3, 8, 11, 22        
                                316, 316, 316, 316    3, 7, 11, 15        
                                317, 317, 317, 317    5, 11, 14, 20       
                                318, 318, 319, 319    5, 14, 14, 16       
                                321, 322, 324, 324    14, 25, 11, 14      
                                325, 326, 326, 327    5, 5, 9, 6          
                                329, 329, 329, 329    3, 9, 19, 23        
                                330, 331, 337, 342    3, 3, 24, 24        
                                344, 345, 347, 349    5, 3, 9, 3          
                                355, 359, 360, 361    15, 8, 5, 3         
                                362, 364, 365, 368    5, 8, 5, 5          
                                370, 371, 375, 381    5, 3, 32, 12        
                                383, 384, 387, 395    1, 1, 5, 7          
                                398, 399, 399, 399    22, 20, 28, 31      
                                400, 400, 400, 402    20, 28, 31, 31      
                                402, 402, 403, 403    39, 43, 7, 12       
                                404, 406, 407, 412    13, 3, 3, 3         
                                412, 413, 414, 415    5, 22, 9, 3         
                                424, 426, 427, 427    27, 13, 6, 27       
                                427, 434, 436, 437    47, 9, 1, 1         
                                440, 444, 448, 452    7, 7, 8, 10         
                                454, 460, 460, 460    6, 16, 19, 28       
                                462, 462, 465, 465    20, 23, 3, 12       
                                470, 474, 475         9, 11, 5            
нийтлэх                         10, 11, 431           1, 1, 11            
үйл ажиллагаа                   13, 17, 18, 25        10, 4, 2, 2         
                                26, 31, 36, 37        2, 5, 4, 3          
                                56, 57, 183, 203      2, 2, 11, 3         
                                321, 346, 379, 383    3, 3, 4, 2          
                                384, 389, 411, 412    2, 14, 7, 7         
                                420, 434, 442         17, 5, 3            
байгууллага                     13, 25, 37, 78        15, 16, 2, 5        
                                80, 83, 94, 131       7, 7, 8, 24         
                                158, 158, 159, 165    3, 16, 31, 13       
                                171, 173, 183, 193    8, 7, 4, 3          
                                194, 197, 199, 200    3, 10, 10, 16       
                                205, 206, 211, 211    2, 31, 3, 20        
                                218, 218, 227, 228    6, 11, 17, 13       
                                235, 237, 238, 241    9, 15, 17, 5        
                                241, 242, 246, 251    21, 11, 14, 14      
                                282, 288, 303, 304    5, 5, 2, 2          
                                305, 306, 306, 307    4, 2, 43, 4         
                                308, 315, 326, 330    2, 4, 2, 21         
                                346, 352, 353, 354    2, 8, 2, 17         
                                357, 377, 378, 379    5, 4, 2, 2          
                                381, 389, 397, 406    2, 18, 21, 6        
                                407, 411, 412, 412    6, 2, 6, 22         
                                414, 420, 426, 434    2, 2, 14, 2         
                                438, 440, 440, 454    4, 8, 14, 3         
                                463, 474, 475, 477    13, 4, 2, 2         
зохиогч                         13, 204, 205, 251     17, 9, 3, 10        
                                287, 303, 304, 313    29, 4, 4, 3         
                                319, 319, 347         8, 18, 11           
хангагч                         13, 25, 63, 86        22, 25, 10, 10      
                                234, 248, 301, 321    21, 21, 15, 30      
                                379, 397, 398, 411    8, 29, 17, 14       
                                420                   15                  
мөрдөгч                         16, 49, 90, 91        17, 5, 5, 4         
                                93, 94, 96, 104       3, 3, 6, 5          
                                105, 107, 125, 125    3, 3, 13, 29        
                                126, 479              11, 12              
хэрэглэгч                       19, 24, 25, 62        4, 6, 23, 8         
                                65, 85, 89, 119       13, 9, 7, 18        
                                127, 153, 356, 371    35, 8, 8, 11        
                                398, 398, 476         13, 18, 10          
нийтийн ашиг сонирхол           20, 27, 28, 129       5, 7, 11, 4         
                                130, 131, 133, 300    11, 4, 5, 2         
удирдлага                       21, 29, 123           3, 5, 11            
нээлт                           23, 38                3, 5                
салбар                          25, 312               15, 15              
журам                           26, 42, 43, 61        8, 4, 8, 8          
                                64, 65, 84, 96        8, 11, 14, 4        
                                116, 144, 155, 166    4, 5, 10, 9         
                                169, 186, 188, 190    22, 16, 8, 15       
                                193, 261, 295, 314    13, 8, 8, 19        
                                322, 332, 337, 343    22, 12, 19, 5       
                                351, 352, 354, 355    5, 5, 27, 5         
                                359, 372, 376, 381    12, 5, 6, 9         
                                386, 395, 398, 405    9, 4, 19, 26        
                                419, 443, 447, 449    24, 7, 9, 10        
                                454, 463, 463, 476    5, 8, 15, 11        
                                477                   4                   
заавар                          26, 188, 351, 354     10, 7, 4, 26        
                                359                   11                  
арга хэмжээ                     28, 64, 88, 119       21, 3, 3, 16        
                                152, 159, 161, 165    9, 4, 4, 4          
                                200, 202, 205, 282    28, 2, 4, 16        
                                287, 288              27, 15              
хүн                             28, 37, 40, 42        7, 7, 30, 9         
                                63, 86, 102, 154      6, 6, 5, 4          
                                166, 169, 200, 202    16, 5, 8, 8         
                                204, 208, 208, 209    5, 9, 13, 9         
                                209, 210, 210, 213    13, 14, 18, 4       
                                214, 216, 216, 230    4, 14, 18, 6        
                                231, 232, 233, 234    5, 4, 4, 4          
                                235, 236, 242, 243    15, 5, 4, 6         
                                244, 245, 246, 247    14, 6, 5, 4         
                                248, 249, 250, 251    4, 4, 4, 4          
                                252, 253, 310, 328    4, 4, 15, 6         
                                328, 342, 354         15, 14, 18          
дээд шатны прокурор             30, 30, 32, 33        2, 9, 5, 20         
                                43, 44, 128, 149      10, 4, 8, 14        
                                270, 281, 296, 394    5, 2, 6, 18         
ажилгүй                         30, 184, 185, 187     6, 8, 14, 11        
                                189, 206, 329, 355    7, 5, 25, 2         
                                355, 467              12, 7               
хариуцагч                       30, 139, 211, 329     7, 7, 16, 26        
                                409, 422, 426         12, 14, 15          
шийдвэр                         30, 31, 31, 35        14, 7, 15, 2        
                                36, 36, 41, 43        2, 13, 4, 2         
                                44, 99, 119, 119      2, 2, 10, 19        
                                145, 155, 159, 159    2, 4, 16, 23        
                                171, 201, 235, 241    14, 5, 26, 11       
                                276, 293, 298, 329    6, 4, 2, 6          
                                331, 356, 462, 462    13, 2, 5, 11        
гомдол                          31, 43, 44, 48        9, 13, 7, 6         
                                60, 68, 70, 72        3, 3, 3, 5          
                                83, 145, 147, 163     12, 3, 5, 9         
                                200, 258, 299, 300    22, 16, 6, 9        
                                301, 450              4, 8                
прокурорын шийдвэр              32, 39, 42, 45        13, 8, 7, 8         
                                46, 96, 243, 250      6, 7, 40, 12        
орлог                           33, 316, 317, 319     5, 9, 16, 12        
                                325, 329, 329         7, 12, 20           
туслагч                         33, 206, 316, 319     6, 32, 10, 13       
нийслэл                         33, 308, 310, 312     9, 8, 2, 10         
                                314, 317, 317, 460    5, 2, 8, 9          
сум                             33, 33, 308, 308      11, 13, 11, 13      
                                310, 310, 318, 318    5, 7, 3, 7          
                                318, 460, 460         9, 11, 13           
газар                           33, 241, 308, 308     17, 18, 6, 10       
                                308, 309, 310, 311    17, 8, 11, 4        
                                312, 312, 313, 314    4, 13, 2, 9         
                                316, 317, 317, 318    4, 6, 12, 6         
                                319, 319, 347, 348    2, 4, 10, 2         
                                365, 366, 366, 367    7, 6, 15, 13        
                                399, 400, 402, 419    9, 9, 10, 7         
                                460                   17                  
хуулийн этгээд                  37, 42, 48, 286       8, 10, 2, 2         
                                287                   20                  
нийтийн албан тушаалтан         40                    27                  
хуулийн этгээдийн мэдээлэл      40                    31                  
тохиолдол                       40, 46, 97, 111       12, 9, 2, 4         
                                125, 133, 149, 162    26, 13, 10, 2       
                                167, 183, 198, 215    4, 2, 2, 19         
                                240, 275, 331, 337    6, 3, 9, 10         
                                387, 390, 399, 400    4, 9, 17, 17        
                                419, 426, 427, 427    16, 7, 26, 51       
                                427, 428              62, 29              
тал                             40, 44, 118, 118      25, 3, 15, 21       
                                119, 127, 137, 210    22, 39, 9, 5        
                                211, 212, 215, 216    13, 3, 27, 5        
                                222, 223, 227, 228    5, 4, 6, 4          
                                229, 250, 287, 293    6, 9, 31, 12        
                                361, 389, 391, 394    10, 9, 10, 17       
                                402, 402, 406, 407    34, 40, 34, 34      
                                420                   31                  
талууд                          40, 44, 118, 118      25, 3, 15, 21       
                                119, 127, 137, 210    22, 39, 9, 5        
                                211, 212, 215, 216    13, 3, 27, 5        
                                222, 223, 227, 228    5, 4, 6, 4          
                                229, 250, 287, 293    6, 9, 31, 12        
                                361, 389, 391, 394    10, 9, 10, 17       
                                402, 402, 406, 407    34, 40, 34, 34      
                                420                   31                  
санал                           47, 95, 99, 118       2, 9, 8, 22         
                                121, 124, 124, 126    13, 25, 28, 16      
                                136, 137, 143, 164    5, 10, 8, 7         
                                170, 175, 198, 235    6, 24, 11, 10       
                                239, 258, 270, 271    12, 11, 8, 4        
                                272, 292, 293, 310    13, 4, 13, 24       
                                327, 328, 330, 338    7, 4, 22, 7         
                                339, 366, 371, 412    7, 20, 18, 13       
өмгөөлөгч                       47, 124               3, 4                
хүсэлт                          47, 72, 117, 118      4, 6, 10, 17        
                                119, 121, 130, 130    7, 14, 10, 19       
                                138, 146, 147, 163    8, 10, 4, 8         
                                170, 223, 227, 228    7, 10, 12, 8        
                                229, 231, 232, 237    12, 11, 10, 10      
                                238, 247, 258, 297    10, 10, 13, 4       
                                298, 364, 366, 368    11, 4, 8, 9         
                                369                   25                  
мэдээлэл                        48, 60, 68, 83        7, 4, 4, 13         
                                206, 226, 266, 391    40, 7, 9, 11        
                                397, 406, 407         17, 35, 35          
шалгагч                         50, 73, 83, 100       3, 6, 17, 3         
                                126, 159, 161, 173    12, 28, 16, 2       
                                180, 184, 352, 390    4, 4, 2, 7          
                                406, 407, 442, 446    12, 12, 7, 8        
шийтгэх тогтоол                 51, 164, 170          2, 2, 2             
прокурорын дүгнэлт              51                    7                   
шүүх                            51, 52, 110, 111      9, 3, 7, 6          
                                115, 116, 118, 118    6, 9, 2, 18         
                                119, 126, 128, 135    2, 6, 3, 2          
                                136, 137, 164, 175    3, 6, 26, 27        
                                253, 291, 293, 306    13, 2, 7, 25        
                                306, 372              38, 13              
шүүгч                           51, 52, 110, 111      9, 3, 7, 6          
                                115, 116, 118, 118    6, 9, 2, 18         
                                119, 126, 128, 135    2, 6, 3, 2          
                                136, 137, 164, 175    3, 6, 26, 27        
                                253, 291, 293, 306    13, 2, 7, 25        
                                306, 372              38, 13              
прокурорын хяналт               58, 75, 81, 104       7, 7, 9, 8          
                                206, 227, 255, 256    7, 20, 1, 1         
                                316, 317, 318, 406    13, 18, 12, 9       
                                407                   9                   
хэрэг бүртгэгч                  59, 61, 62, 63        3, 2, 2, 2          
                                76, 80, 82, 275       2, 8, 2, 8          
                                280, 306, 354, 389    5, 16, 7, 10        
хяналт тавих                    59, 66, 69, 82        7, 6, 5, 8          
                                90, 93, 150, 151      7, 5, 6, 6          
                                156, 169, 177, 178    6, 27, 6, 8         
                                184, 185, 187, 188    9, 16, 12, 15       
                                191, 192, 216, 217    9, 11, 21, 9        
                                220, 222, 230, 245    3, 12, 12, 12       
                                251, 306, 354, 355    16, 23, 36, 7       
                                355, 389              13, 2               
зөрчил шалган шийдвэрлэх        67, 275, 280, 354     7, 5, 2, 4          
ажил                            77, 94, 106, 179      2, 10, 2, 2         
                                187, 188, 190, 191    2, 2, 2, 2          
                                192, 195, 197, 199    2, 2, 2, 2          
                                200, 287, 309, 310    2, 30, 3, 18        
                                332, 387, 403, 406    5, 12, 8, 11        
                                407, 413, 420, 422    11, 9, 3, 2         
                                423, 425, 433, 433    2, 20, 6, 16        
                                440, 451, 466, 469    6, 9, 5, 3          
                                469                   9                   
эрх бүхий албан тушаалтан       78, 171               6, 9                
мөрдөн байцаагч                 81, 82, 83, 84        5, 4, 3, 3          
                                85, 86, 95, 109       3, 3, 3, 3          
                                275, 280, 306, 354    10, 7, 18, 9        
                                389                   12                  
мөрдөн шалгах ажиллагаа         87, 97                3, 6                
хамгаалалтын арга хэмжээ        89                    4                   
шүүхийн шийдвэр                 98, 171, 295, 333     29, 5, 10, 6        
                                372                   9                   
этгээд                          98, 98, 160, 160      17, 36, 4, 13       
                                163, 176, 181, 200    5, 3, 8, 25         
                                240, 241, 363, 392    9, 7, 3, 7          
                                428                   32                  
даруй                           98, 166               37, 17              
хохирогч                        102                   8                   
дүгнэлт                         102, 102, 127, 136    13, 20, 40, 6       
                                146, 164, 167, 170    9, 23, 7, 8         
                                175, 253, 258, 290    29, 16, 10, 4       
                                291, 363, 364, 366    14, 7, 14, 21       
                                442, 446, 452, 469    8, 9, 6, 14         
иргэн                           114, 130, 131, 132    3, 25, 23, 2        
                                132, 139, 164, 175    8, 6, 15, 11        
                                175, 214, 237, 238    21, 13, 6, 6        
                                239, 301, 321, 323    6, 6, 37, 8         
                                432                   4                   
төрийн байгууллага              117, 130, 130         8, 8, 17            
бусад этгээд                    118, 163, 391         4, 6, 7             
гэрч                            118                   7                   
мэдүүлэг                        118, 125, 125, 125    8, 5, 9, 17         
                                125, 389, 393, 395    33, 22, 4, 2        
тайлбар                         119, 144, 147, 160    23, 9, 3, 14        
                                165, 182, 258, 299    20, 9, 15, 5        
                                300, 301, 371, 389    8, 3, 13, 21        
гэмт хэрэг                      122, 208, 209, 210    3, 6, 6, 11         
                                216, 231, 235, 236    11, 2, 12, 2        
                                243, 285, 287, 287    11, 7, 2, 13        
                                321, 399, 400, 402    21, 2, 2, 2         
нотлох баримт                   123, 124, 131, 141    3, 22, 17, 2        
                                399, 400, 402         13, 13, 14          
бусад оролцогч                  124                   5                   
уншигч                          125                   34                  
гүйцэтгэгч                      126, 127, 171, 184    9, 22, 7, 7         
                                185, 187, 189, 206    13, 10, 6, 4        
                                206, 206, 215, 219    22, 30, 14, 2       
                                220, 221, 229, 268    2, 2, 13, 5         
                                355, 422, 423, 467    11, 4, 4, 8         
гэмт хэрэг үйлдэхээр бэлтгэсэн  127                   6                   
эс үйлдэхүй                     127                   3                   
оролцогч                        127, 306, 391         18, 42, 6           
шинжээч                         127, 167, 454         25, 5, 21           
гуравдагч этгээд                130                   33                  
захиргаа                        130, 379, 412         23, 11, 20          
шинжээчийн дүгнэлт              131                   30                  
мэргэжил                        131, 183, 321, 321    29, 7, 2, 9         
                                321, 322, 324, 342    28, 2, 2, 25        
                                436, 437, 440, 442    2, 2, 10, 2         
                                442, 443, 449, 450    15, 2, 4, 2         
                                454                   7                   
итгэмжлэл                       133                   14                  
гэрч, хохирогч                  139                   2                   
иргэний нэхэмжлэгч              139                   4                   
нэхэмжлэл                       147, 258, 299, 300    2, 14, 4, 7         
                                301                   2                   
мэргэжлийн байгууллага          162                   4                   
хяналт шалгалт                  162, 199              6, 16               
хорих ял                        164, 208, 209, 210    10, 10, 10, 15      
                                216, 246              15, 2               
баримт бичиг                    165, 234, 248, 399    17, 10, 10, 49      
                                400                   49                  
тодорхойлолт                    165, 182              19, 11              
цагаатгах тогтоол               168                   3                   
орон байр                       169, 399, 400, 405    9, 38, 38, 7        
зөвшөөрөл                       173, 174, 176, 194    10, 7, 6, 14        
                                194, 205, 219, 252    16, 7, 6, 11        
                                258, 274, 275, 276    7, 4, 16, 2         
                                277, 278, 321, 354    2, 2, 6, 33         
                                355, 387, 399, 399    9, 10, 26, 32       
                                400, 400, 403, 405    26, 32, 16, 28      
                                406, 407              4, 4                
ял эдэлж байгаа                 175, 175, 243         6, 16, 24           
хувийн хэрэг                    181                   9                   
мэдээ                           182, 202, 399, 400    4, 10, 47, 47       
                                462                   12                  
мөрдөн шалгах нууц ажиллагаа    185, 186, 188, 189    9, 9, 3, 2          
                                190, 192, 193, 194    4, 4, 6, 5          
                                195, 197, 198, 199    3, 3, 4, 3          
                                200                   3                   
гүйцэтгэх ажил                  194, 206, 206         9, 11, 24           
үр                              194, 414              24, 5               
баталгаажуулах                  196                   4                   
ажилтан                         200, 377, 379, 381    17, 5, 13, 3        
                                420, 463              12, 2               
шуудан                          202, 357              14, 9               
уригч                           204                   7                   
нууц гүйцэтгэх ажилтан          206                   35                  
тагнуулын байгууллага           206                   9                   
туслах ажилтан                  206, 321, 378         33, 15, 10          
зохион байгуулагч               211, 338, 339, 346    17, 18, 18, 6       
олон улсын гэрээ                215                   9                   
хэлэлцээр                       215, 357              12, 19              
харьяалалгүй хүн                239                   7                   
монгол улсын нутаг дэвсгэр      243, 243, 252, 306    7, 19, 5, 3         
тогтоол                         258, 262, 263, 264    5, 4, 10, 6         
                                271                   12                  
мэдэгдэл                        258, 284, 285, 288    9, 4, 15, 2         
урьдчилан сэргийлэх             285, 287              4, 16               
нэгж                            311, 319              21, 21              
архив                           312, 312, 380         8, 16, 4            
зөвлөл                          314, 314, 335, 445    13, 15, 4, 6        
                                447, 448, 449, 451    7, 4, 8, 5          
                                452                   5                   
тушаал                          315, 353, 375, 413    6, 5, 20, 6         
                                413, 427, 433, 434    24, 31, 18, 12      
                                456, 458, 464, 465    2, 2, 5, 14         
                                470                   11                  
хуульч                          321                   8                   
сонгогч                         322, 381              14, 6               
нэр дэвшигч                     332, 466              18, 13              
аюул                            335, 397, 397, 397    2, 8, 10, 27        
                                398                   2                   
зөвлөмж                         335                   5                   
стандарт                        348                   5                   
олон улсын байгууллага          357                   6                   
гэмт хэрэгтэй тэмцэх            357                   13                  
төсөв                           357                   4                   
зөвлөх                          366, 374, 374, 374    17, 7, 12, 16       
                                374, 374, 374, 374    20, 24, 28, 31      
                                375, 442, 446, 450    5, 16, 18, 9        
дайчилгаа                       388                   3                   
саад учруулсан                  394                   6                   
гэр бүл                         397, 423              3, 21               
нэг бүрийн тусгай хэрэгсэл      398                   8                   
хүний эмзэг мэдээлэл            399, 400, 406, 407    56, 56, 31, 31      
эд хөрөнгө                      399, 400              54, 54              
ачаа                            399, 400              51, 51              
тээш                            399, 400              52, 52              
хангалттай үндэслэл             402                   23                  
албаны нууц                     406, 407              27, 27              
байгууллагын нууц               406, 407              29, 29              
улсын төсөв                     411                   4                   
улсын  төсөв                    411                   4                   
хөрөнгө оруулалт                412                   10                  
төрийн алба                     413                   12                  
нэмэгдэл                        413, 413, 425, 425    20, 27, 6, 23       
сүлжээ                          413                   26                  
орон сууц                       414, 420              10, 13              
хөнгөлөлт                       414                   21                  
зээл                            414, 414              22, 28              
зам                             419                   20                  
нутгийн өөрөө удирдах байгууллага  420                   26                  
тоног төхөөрөмж                 420                   6                   
тэтгэмж                         423, 427, 427, 428    19, 29, 41, 6       
                                429                   9                   
тэтгэвэр                        424, 424, 427, 427    2, 32, 28, 40       
                                428, 468              5, 8                
эрүүл мэндийн даатгал           427                   52                  
эмнэлэг                         427                   48                  
мэргэшил                        440                   2                   
мэргэжлийн зөвлөл               441, 443, 444, 469    4, 4, 2, 12         
дүрэм                           443, 446, 447, 450    3, 4, 4, 5          
                                454, 463              10, 5               
хэвлэмэл хуудас                 474, 477              9, 8                
