File: MNCLW00147.txt
Search Method: Aho-Corasick
Total runtime: 0.014950s
Found terms: 1539

Term                            Line                  Word Place          

газрын тос                      8, 15, 20, 28         1, 9, 5, 7          
                                29, 32, 33, 34        6, 4, 7, 5          
                                36, 36, 37, 38        8, 20, 4, 3         
                                42, 43, 45, 47        4, 6, 15, 11        
                                48, 54, 54, 54        6, 2, 5, 20         
                                55, 55, 55, 55        2, 10, 17, 26       
                                57, 58, 63, 68        10, 2, 4, 3         
                                70, 72, 74, 75        6, 11, 16, 11       
                                75, 76, 78, 83        15, 4, 4, 9         
                                83, 84, 84, 87        21, 9, 21, 15       
                                90, 90, 90, 100       10, 39, 53, 13      
                                108, 110, 114, 114    13, 5, 5, 10        
                                126, 132, 134, 136    4, 11, 6, 4         
                                138, 140, 148, 152    10, 4, 4, 4         
                                160, 162, 175, 188    5, 5, 11, 15        
                                195, 201, 213, 241    7, 38, 2, 14        
                                242, 242, 246, 259    5, 14, 3, 8         
                                263, 265, 267, 280    19, 2, 2, 13        
                                281, 307, 307, 308    3, 7, 15, 7         
                                308, 319, 319, 337    15, 10, 17, 4       
                                338, 344, 376, 377    25, 10, 4, 11       
                                377, 381, 394, 398    19, 2, 2, 5         
                                398, 399, 403, 405    19, 7, 2, 9         
                                406, 408, 409, 411    6, 2, 2, 2          
                                417, 431, 433, 435    2, 12, 7, 13        
                                436, 436, 436, 443    2, 10, 16, 2        
                                444, 444, 459, 460    2, 10, 12, 6        
                                462, 463, 465, 476    16, 8, 27, 18       
                                491, 504              6, 15               
нийтлэх                         12, 13                1, 1                
монгол улсын нутаг дэвсгэр      15, 33, 47, 192       5, 3, 13, 28        
                                480                   13                  
бусад газар                     15, 20, 26, 28        12, 8, 2, 10        
                                29, 33, 34, 36        9, 10, 8, 11        
                                51, 57, 58, 72        15, 13, 5, 16       
                                74, 78, 79, 90        19, 7, 4, 13        
                                90, 90, 95, 96        42, 56, 4, 4        
                                97, 103, 105, 107     4, 4, 4, 4          
                                110, 111, 115, 213    8, 4, 4, 5          
                                239, 240, 241, 242    6, 4, 17, 8         
                                243, 245, 246, 259    2, 6, 6, 11         
                                262, 263, 281, 296    4, 22, 6, 2         
                                319, 374, 427, 436    4, 2, 2, 27         
                                476, 480, 491, 492    21, 4, 9, 6         
мөрдөгч                         18, 96, 182, 409      17, 12, 8, 17       
үйлчлэгч                        19, 20                4, 15               
тодорхойлолт                    21, 235               6, 35               
хэрэглэгч                       22                    3                   
түүхий тос                      23, 341, 426, 431     18, 4, 11, 4        
байгалийн хий                   23, 122, 122, 426     20, 5, 13, 3        
                                426, 490, 490, 492    13, 3, 19, 3        
газар                           23, 24, 25, 45        4, 4, 4, 8          
                                47, 55, 65, 66        5, 21, 4, 2         
                                67, 68, 74, 76        4, 2, 8, 16         
                                89, 98, 101, 109      10, 11, 7, 6        
                                128, 132, 150, 154    11, 21, 7, 7        
                                185, 196, 197, 206    2, 14, 11, 8        
                                215, 231, 233, 241    18, 16, 15, 4       
                                241, 242, 265, 275    13, 17, 5, 2        
                                276, 278, 278, 279    2, 18, 22, 2        
                                307, 308, 319, 334    2, 2, 13, 18        
                                412, 431, 441, 443    18, 2, 2, 5         
                                444, 481, 494         5, 7, 2             
нүүрсний давхаргын метан хий    26                    16                  
үйл ажиллагаа                   28, 28, 33, 34        4, 22, 15, 13       
                                36, 37, 38, 40        16, 13, 14, 12      
                                41, 49, 50, 53        26, 9, 9, 8         
                                69, 78, 83, 83        3, 13, 5, 25        
                                84, 84, 90, 93        5, 25, 30, 8        
                                94, 95, 96, 110       4, 10, 10, 19       
                                119, 134, 138, 166    4, 14, 23, 9        
                                183, 186, 188, 190    3, 2, 20, 47        
                                192, 196, 200, 201    3, 17, 31, 22       
                                201, 202, 209, 210    35, 8, 4, 4         
                                216, 275, 307, 308    14, 3, 10, 10       
                                330, 346, 347, 352    10, 16, 16, 20      
                                358, 372, 380, 386    3, 10, 5, 8         
                                400, 401, 434, 447    4, 8, 4, 11         
                                448, 463, 478, 480    5, 12, 6, 9         
                                491, 492, 492, 494    29, 14, 27, 11      
                                496                   4                   
тээвэрлэгч                      28, 115, 407, 408     17, 7, 5, 12        
                                409                   7                   
тойм судалгаа                   29                    20                  
гүйцэтгэгч                      29, 30, 35, 44        16, 11, 2, 10       
                                103, 110, 187, 204    16, 4, 13, 2        
                                240, 252, 306, 330    16, 3, 5, 12        
                                338, 344, 481         14, 20, 18          
ажил                            29, 30, 31, 49        22, 18, 16, 2       
                                93, 95, 103, 111      18, 17, 10, 10      
                                112, 113, 117, 138    6, 10, 4, 7         
                                154, 186, 189, 190    17, 6, 3, 20        
                                191, 191, 240, 249    6, 18, 8, 4         
                                251, 252, 257, 261    2, 5, 2, 4          
                                262, 263, 293, 298    12, 6, 2, 2         
                                299, 299, 302, 306    7, 22, 6, 2         
                                331, 338, 339, 339    11, 13, 14, 17      
                                365, 367, 375, 458    6, 22, 4, 4         
                                460, 490              23, 11              
газрын тосны орд                30, 38, 76, 90        3, 7, 9, 26         
                                346, 347              12, 12              
олборлолт                       30, 38, 39, 44        16, 13, 4, 16       
                                52, 95, 340, 342      19, 9, 2, 10        
                                399, 438, 446, 446    4, 3, 5, 7          
үр ашигтай нээлт                31, 339               8, 4                
нээлтийн цооног                 31, 338, 338          3, 15, 27           
захиргааны байгууллага          32, 36, 99, 100       9, 25, 8, 6         
                                100, 138, 162, 177    10, 19, 2, 4        
                                184, 188, 192, 193    5, 28, 42, 2        
                                194, 195, 199, 202    10, 21, 6, 32       
                                213, 214, 218, 225    33, 2, 17, 2        
                                229, 230, 232, 235    18, 2, 10, 2        
                                235, 240, 242, 246    33, 12, 22, 13      
                                253, 254, 255, 262    2, 15, 2, 20        
                                263, 264, 277, 279    11, 14, 2, 9        
                                279, 295, 296, 299    19, 13, 15, 2       
                                300, 305, 305, 311    31, 2, 14, 2        
                                312, 318, 319, 321    8, 2, 22, 29        
                                322, 331, 332, 334    5, 2, 6, 2          
                                335, 337, 338, 338    2, 14, 21, 38       
                                339, 345, 347, 360    24, 12, 4, 4        
                                362, 368, 373, 374    13, 14, 18, 20      
                                375, 376, 377, 378    17, 32, 24, 17      
                                379, 391, 394, 395    21, 2, 7, 13        
                                397, 398, 405, 409    2, 2, 15, 11        
                                448, 450, 458, 459    9, 13, 20, 21       
                                460, 462, 465, 467    30, 49, 6, 7        
                                490, 491, 496, 504    9, 17, 14, 58       
хайгуул                         32, 33, 34, 36        11, 13, 11, 14      
                                43, 53, 72, 79        3, 5, 19, 7         
                                79, 83, 83, 84        14, 3, 23, 3        
                                84, 90, 90, 95        23, 17, 46, 8       
                                96, 103, 110, 111     8, 8, 16, 8         
                                112, 118, 122, 134    4, 8, 3, 9          
                                162, 190, 190, 191    7, 9, 19, 12        
                                193, 199, 200, 201    5, 12, 21, 30       
                                216, 216, 223, 235    11, 37, 2, 10       
                                281, 283, 284, 292    9, 1, 1, 17         
                                295, 296, 297, 299    3, 5, 6, 6          
                                299, 306, 307, 308    21, 14, 9, 9        
                                311, 312, 314, 318    6, 4, 8, 4          
                                321, 330, 337, 345    12, 8, 2, 5         
                                372, 385, 417, 452    2, 4, 4, 6          
                                458, 478, 480, 483    2, 18, 7, 3         
                                491, 491, 492, 494    3, 27, 12, 19       
                                501                   53                  
зарлаг                          32, 91, 122, 162      13, 6, 19, 10       
                                280, 310, 311, 318    24, 8, 11, 9        
                                318, 321, 383, 476    25, 31, 8, 12       
ашиглалт                        33, 34, 36, 37        14, 12, 15, 12      
                                38, 51, 72, 83        10, 5, 20, 4        
                                83, 84, 84, 90        24, 4, 24, 18       
                                96, 103, 110, 110     9, 9, 2, 17         
                                111, 112, 134, 190    9, 5, 10, 10        
                                190, 191, 192, 193    25, 13, 2, 6        
                                199, 200, 201, 210    13, 22, 33, 3       
                                213, 216, 216, 223    8, 13, 38, 3        
                                281, 330, 342, 346    10, 9, 6, 15        
                                347, 349, 350, 352    15, 1, 1, 19        
                                353, 353, 369, 371    2, 15, 14, 5        
                                372, 372, 373, 373    9, 25, 3, 11        
                                374, 374, 376, 378    5, 13, 26, 11       
                                379, 379, 380, 383    2, 9, 4, 3          
                                386, 410, 417, 458    7, 2, 6, 3          
                                478, 480, 483, 491    19, 8, 4, 4         
                                491, 492, 494         28, 13, 20          
гэрээ                           33, 35, 36, 77        18, 16, 3, 3        
                                146, 208, 232, 240    20, 19, 23, 14      
                                278, 279, 279, 281    31, 3, 14, 23       
                                294, 332, 376, 437    19, 11, 24, 3       
                                490, 492              24, 23              
компани                         33, 34, 34, 203       20, 2, 21, 2        
                                203, 204, 487, 488    4, 4, 25, 6         
татвар төлөгч                   34, 35, 186           19, 21, 16          
газрын тостой холбогдсон үйл ажиллагаа  35, 120, 487          4, 4, 6             
оператор компани                35                    14                  
хуулийн этгээд                  35, 240, 242, 254     23, 9, 2, 10        
                                392, 488, 500, 501    5, 19, 5, 25        
                                501                   42                  
тал                             36, 64, 88, 107       19, 5, 5, 12        
                                136, 148, 156, 209    7, 7, 24, 6         
                                277, 278, 279, 280    23, 34, 17, 8       
                                305, 330, 331, 345    11, 7, 10, 33       
                                368, 395, 395, 490    11, 4, 5, 21        
                                494, 494              10, 28              
талууд                          36, 64, 88, 107       19, 5, 5, 12        
                                136, 148, 156, 209    7, 7, 24, 6         
                                277, 278, 279, 280    23, 34, 17, 8       
                                305, 330, 331, 345    11, 7, 10, 33       
                                368, 395, 395, 490    11, 4, 5, 21        
                                494, 494              10, 28              
захиргаа                        37, 86, 87, 87        9, 8, 6, 11         
                                95, 101, 120, 121     28, 10, 22, 7       
                                124, 132, 138, 180    4, 16, 15, 2        
                                201, 214, 215, 230    43, 19, 2, 20       
                                231, 235, 277, 278    2, 28, 30, 2        
                                286, 292, 300, 300    14, 2, 2, 35        
                                304, 332, 345, 345    2, 2, 16, 26        
                                346, 352, 354, 355    2, 8, 8, 12         
                                356, 362, 368, 369    7, 17, 2, 10        
                                375, 384, 391, 411    13, 8, 17, 15       
                                412, 462, 478         2, 45, 15           
байгууллага                     37, 60, 61, 86        11, 5, 5, 10        
                                87, 87, 94, 95        8, 13, 7, 30        
                                101, 120, 121, 128    12, 24, 9, 16       
                                132, 196, 201, 208    18, 23, 45, 18      
                                214, 215, 230, 231    21, 4, 22, 4        
                                235, 277, 278, 286    30, 32, 4, 16       
                                292, 300, 300, 304    4, 4, 37, 4         
                                345, 345, 346, 347    18, 28, 4, 20       
                                352, 354, 355, 356    10, 10, 14, 9       
                                362, 368, 369, 384    19, 4, 12, 10       
                                391, 399, 401, 411    19, 16, 16, 17      
                                412, 478, 501         4, 17, 35           
бүтээн байгуулалт               38, 40, 51, 53        11, 6, 7, 6         
                                201, 375              31, 2               
хүргэлтийн цэг                  39, 40, 55, 394       10, 3, 5, 4         
                                395                   15                  
барилга байгууламж              41, 52, 116, 190      19, 22, 3, 11       
                                191, 192, 199, 200    14, 34, 14, 23      
                                216, 223, 476, 483    39, 4, 24, 17       
                                484                   6                   
бүтээгдэхүүн                    41, 52, 74, 77        4, 5, 23, 8         
                                185, 216, 228, 229    11, 6, 2, 2         
                                233, 264, 335, 341    2, 8, 11, 17        
                                372, 391, 414, 415    18, 11, 5, 5        
                                435, 443, 444, 504    8, 7, 14, 37        
үр                              44, 46, 90, 95        6, 13, 21, 18       
                                111, 128, 166, 188    11, 25, 4, 22       
                                193, 213, 261, 262    10, 13, 5, 15       
                                263, 293, 457, 458    7, 3, 5, 5          
                                460                   13                  
төсөв                           45, 328, 376, 398     23, 7, 29, 16       
ашигт газрын тос                46, 74, 190, 341      14, 4, 29, 13       
нээлт                           46, 91, 122, 187      3, 3, 16, 21        
                                294, 310, 311, 318    8, 5, 8, 6          
                                372, 382, 383, 390    36, 5, 5, 12        
                                452, 452              8, 14               
төлбөр                          48, 48, 72, 74        3, 9, 3, 3          
                                109, 210, 212, 221    17, 27, 7, 8        
                                234, 266, 401, 414    14, 3, 23, 1        
                                415, 416, 418, 419    1, 5, 5, 8          
                                420, 421, 422, 423    5, 8, 3, 3          
                                424, 424, 425, 428    3, 15, 5, 3         
                                429, 439, 445, 447    3, 13, 4, 15        
                                462, 504, 504         33, 33, 64          
татан буулгалтын зардал         53                    10                  
зөвшөөрөл                       58, 80, 104, 114      10, 9, 2, 13        
                                120, 193, 375, 405    2, 4, 20, 2         
                                405, 416, 422, 423    17, 4, 2, 2         
                                424, 459              2, 23               
зам                             58, 200, 200, 408     12, 10, 12, 5       
                                409                   14                  
удирдлага                       60, 61                4, 4                
салбар                          64, 70, 88, 136       3, 8, 3, 6          
                                148, 188, 431         6, 17, 14           
бүтээгдэхүүн хуваах гэрээ       65, 66, 71, 102       6, 11, 9, 14        
                                261, 263, 293, 299    7, 27, 5, 10        
                                313, 335, 392         4, 28, 13           
хангагч                         69, 101, 154, 401     9, 16, 16, 10       
хөрөнгө оруулалт                70, 108, 190, 197     9, 4, 21, 4         
                                268, 462, 465         2, 6, 19            
тусгай хэрэгцээний газар        71                    6                   
тусгай зөвшөөрлийн төлбөр       72, 417               5, 8                
журам                           72, 83, 84, 90        25, 39, 39, 63      
                                95, 112, 119, 182     22, 9, 9, 6         
                                195, 334, 390, 406    15, 7, 10, 17       
                                436, 496, 496         35, 18, 27          
газрын тосны боловсруулах үйлдвэр  75, 83, 84            3, 30, 30           
зах зээл                        75, 185, 398          19, 14, 10          
тохиолдол                       75, 76, 79, 118       8, 13, 19, 12       
                                134, 177, 179, 185    5, 2, 9, 10         
                                196, 216, 216, 218    12, 10, 36, 15      
                                232, 254, 279, 281    7, 13, 7, 12        
                                300, 306, 335, 338    23, 13, 22, 30      
                                362, 372, 373, 374    6, 17, 16, 18       
                                376, 377, 383, 400    19, 9, 2, 11        
                                409, 419, 421, 440    8, 4, 4, 9          
                                476, 477, 481, 485    13, 9, 11, 10       
                                488, 490, 492, 496    15, 7, 18, 21       
                                496                   29                  
ашиглалтын талбай               79, 79, 90, 113       9, 16, 47, 2        
                                118, 360, 367, 376    9, 13, 14, 13       
                                451                   9                   
ашигт малтмал                   79, 105, 489, 491     12, 12, 4, 13       
                                491, 492              25, 10              
ачаа                            79                    23                  
зохион байгуулагч               89, 93, 113, 128      14, 19, 11, 23      
шийдвэр                         89, 101, 120, 128     12, 14, 20, 17      
                                136, 148, 150, 154    10, 10, 14, 14      
                                168, 202, 206, 231    22, 34, 9, 20       
                                233, 253, 254, 255    16, 18, 20, 6       
                                259, 278, 335, 345    6, 35, 20, 34       
                                352, 356, 377, 384    11, 10, 18, 11      
                                389, 412              2, 21               
үнэлгээ                         90, 289, 334, 338     4, 5, 9, 34         
                                339, 339, 339, 339    2, 11, 13, 16       
                                344, 344, 347, 359    3, 13, 11, 8        
эрэл                            90, 90, 95, 96        16, 45, 7, 7        
                                103, 111, 112, 134    7, 7, 3, 8          
                                237, 238, 239, 240    1, 1, 9, 7          
                                241, 242, 243, 245    20, 11, 5, 9        
                                246, 252, 253, 254    9, 4, 8, 3          
                                255, 262, 262, 263    4, 7, 11, 5         
                                263, 280              25, 15              
сонгогч                         90, 91, 102, 122      36, 4, 7, 17        
                                294, 310, 311, 318    9, 6, 9, 7          
                                334, 334, 335, 372    5, 28, 8, 37        
                                382, 383, 390, 390    6, 6, 13, 17        
                                391, 446              8, 16               
мэргэжил                        90, 97, 115, 188      60, 8, 9, 9         
                                256, 326              6, 5                
ашиглалтын тусгай зөвшөөрөл     92, 107, 353, 353     2, 7, 5, 10         
                                355, 368, 369, 378    3, 5, 17, 2         
                                384, 386, 387, 387    19, 2, 2, 12        
                                389, 392, 501         3, 17, 54           
мэргэжлийн зөвлөл               93, 345, 346          13, 22, 7           
тайлан                          93, 110, 112, 193     5, 23, 7, 12        
                                195, 195, 197, 209    2, 6, 3, 11         
                                262, 301, 302, 364    17, 7, 7, 7         
                                365, 455, 456, 457    7, 2, 2, 7          
                                458, 461, 465, 467    7, 5, 41, 10        
                                471                   8                   
дүгнэлт                         93, 107, 115, 116     16, 14, 11, 12      
                                162, 164, 214, 215    14, 5, 16, 9        
                                230, 231, 235, 254    17, 9, 8, 18        
                                262, 263, 346, 465    23, 13, 9, 39       
                                467                   11                  
хөдөлмөрийн аюулгүй байдал, эрүүл ахуй  96                    13                  
дүрэм                           96, 119, 182, 406     18, 8, 5, 16        
санал                           98, 107, 115, 121     9, 13, 10, 5        
                                156, 158, 215, 276    29, 6, 16, 3        
                                278, 334, 446         24, 21, 19          
захиалагч                       102, 320, 321, 321    3, 5, 3, 15         
                                321, 331              23, 6               
хяналт тавих                    103, 119, 130, 142    17, 15, 28, 12      
                                144, 401              20, 11              
хөдөлгөөн                       105                   8                   
сан                             105, 431, 449         16, 16, 8           
нөөц ашигласны төлбөр           108, 341, 426, 427    7, 10, 5, 5         
                                436, 462, 504         12, 10, 50          
борлуулалтын орлого             109, 187, 431, 465    3, 3, 8, 30         
орлого                          109                   8                   
мэдээлэл                        110, 192, 197, 209    22, 26, 9, 10       
                                318, 318, 332, 471    12, 20, 10, 7       
зураг төсөл                     116, 192              7, 36               
мэргэжлийн байгууллага          116, 367, 396         9, 24, 5            
стандарт                        119, 182, 191, 409    7, 7, 7, 16         
заавар                          119                   10                  
нэгжийн удирдлага               124                   7                   
хариуцагч                       128, 154, 347, 401    27, 18, 29, 26      
                                484                   15                  
тусгай зөвшөөрөл                130, 142, 146, 198    12, 4, 6, 22        
                                281, 285, 287, 301    25, 4, 2, 2         
                                307, 308, 314, 315    13, 13, 22, 2       
                                316, 351, 354, 362    12, 4, 2, 2         
                                363, 364, 367, 388    2, 2, 2, 2          
                                418, 419, 420, 422    2, 5, 2, 7          
                                492, 494, 494, 501    19, 16, 25, 18      
                                501                   44                  
сум                             130, 198, 422         7, 26, 11           
зохиогч                         138                   8                   
эрүүл мэндийг хамгаалах         144, 156              8, 12               
тусгай зөвшөөрөл эзэмшигч       144, 156, 198, 501    14, 15, 2, 22       
хүн                             144, 156, 201, 250    6, 10, 11, 4        
                                325, 500              3, 4                
иргэн                           160, 188, 485         2, 8, 11            
мэдэгдэл                        162                   12                  
буулгалтын ажил                 166                   2                   
гэрээлэгч                       171, 172, 202, 209    1, 1, 16, 7         
                                210, 232, 281, 286    9, 8, 13, 5         
                                300, 347, 352, 362    24, 28, 18, 7       
                                373, 374, 394, 398    10, 12, 9, 4        
                                401, 481, 485, 496    24, 12, 8, 16       
хөрөнгө                         178, 190, 200, 269    13, 36, 28, 6       
                                291, 312, 324, 327    6, 3, 3, 4          
                                361, 385, 479, 481    6, 3, 4, 5          
                                482                   4                   
хайгуулын талбай                179, 280, 319, 331    10, 22, 7, 4        
                                451                   2                   
аж ахуйн нэгж                   186, 202              18, 3               
туслан гүйцэтгэгч               186, 487              10, 3               
бараа                           186, 480              5, 25               
үйлчилгээ                       186, 329, 445, 450    7, 5, 6, 4          
                                462                   35                  
банк                            187, 190              11, 50              
технологи                       188, 256, 477         4, 5, 14            
ажилгүй                         188, 327, 471         11, 2, 4            
ажилтан                         189, 189, 199         8, 14, 23           
газрын тосны бүтээгдэхүүн       192                   15                  
тоног төхөөрөмж                 192, 326, 476, 480    8, 3, 27, 21        
нэгж                            192                   24                  
гуравдагч этгээд                193, 332              14, 14              
өртөг нөхөгдөх зардал           195, 437, 440, 440    3, 7, 3, 10         
                                441                   4                   
даруй                           196                   21                  
хүсэлт                          197, 213, 214, 229    12, 31, 8, 16       
                                230, 245, 246, 247    9, 11, 11, 5        
                                253, 254, 286, 287    10, 5, 12, 5        
                                300, 347, 352, 363    40, 6, 24, 7        
                                372, 373, 374, 384    15, 14, 16, 23      
                                411, 412              13, 9               
байгаль орчин                   199, 207              8, 5                
шүүхийн шийдвэр                 201                   16                  
осол                            201                   4                   
эрүүл мэнд                      207                   3                   
төрийн байгууллага              207, 209, 225         24, 22, 8           
мал                             207                   7                   
амьтан                          207                   8                   
баримт бичиг                    208, 208              2, 10               
үлэмж хэмжээний хохирол         209                   14                  
мэдээ                           209, 400, 455, 456    9, 18, 1, 1         
                                458, 459, 460, 461    9, 18, 19, 4        
                                471                   6                   
хураамж                         221                   9                   
эд хөрөнгө                      222, 483, 484, 485    2, 27, 8, 5         
                                487, 496              11, 8               
засгийн газрын зөвшөөрөл        228                   16                  
этгээд                          232, 234, 246, 260    19, 9, 2, 6         
                                262, 263, 264, 277    9, 3, 3, 17         
                                292, 313, 314, 372    20, 3, 7, 27        
төлбөр төлөгч                   233                   28                  
хөтөлбөр                        249, 338, 339         6, 35, 3            
төсөл                           252, 264, 277, 277    7, 11, 8, 22        
                                277, 278, 335, 338    28, 10, 14, 36      
                                391                   14                  
хайгуулын тусгай зөвшөөрөл      286, 292, 300, 305    7, 14, 10, 5        
                                314, 369, 384         3, 5, 14            
гүйцэтгэх ажил                  290, 301, 303, 328    3, 5, 3, 4          
                                357, 364, 366, 465    3, 5, 3, 17         
шуудан                          293                   8                   
төсвийн төсөл                   303, 357, 366, 379    6, 6, 6, 11         
эрх бүхий этгээд                314                   19                  
цахим хуудас                    318                   14                  
нотлох баримт                   323, 325, 326         5, 17, 7            
танилцуулга                     324                   5                   
овог                            325                   4                   
тушаал                          325                   7                   
оролцогч                        330, 334              6, 30               
олборлолтын туршилт             336, 380              4, 11               
зөвлөмж                         346                   10                  
шинжээчийн дүгнэлт              347                   22                  
шинжээч                         398, 469, 499         17, 12, 10          
шалгагч                         400, 465              25, 38              
бүрэн бүтэн байдал              401                   3                   
үйлдвэрлэл-үйлчилгээний зориулалт  410                   4                   
нийслэл                         422                   17                  
торгууль                        424                   19                  
орон нутгийн хөгжлийн нэгдсэн сан  428, 429              6, 6                
төрийн аудитын байгууллага      435, 465, 467         4, 42, 12           
хайгуулын ажлын зардал          438                   7                   
санхүүгийн баримт               440                   6                   
хүү                             441                   7                   
төлөөлөгчийн газар              447, 448              9, 3                
хяналт шалгалт                  455, 456, 464, 471    3, 3, 4, 2          
монгол улсын хил                459, 460              25, 2               
албан татвар                    462                   25                  
нийтийн мэдээлэл                462                   53                  
баталгаажуулалт                 464                   6                   
анхан шатны баримт              465                   8                   
аудитын хуулийн этгээд          469                   14                  
аудитын байгууллага             469                   2                   
мэргэжилтэн                     469                   13                  
дайн бүхий байдал               477                   5                   
аюул                            477                   17                  
үл хөдлөх хөрөнгө               480                   27                  
орон байр                       483                   14                  
арбитрын хэлэлцээр              496                   23                  
хэлэлцээр                       496                   17                  
гүйцэтгэх удирдлага             501                   28                  
зөвлөл                          501                   32                  
гишүүн                          501                   36                  
