File: MNCLW00733.txt
Search Method: Aho-Corasick
Total runtime: 0.008890s
Found terms: 767

Term                            Line                  Word Place          

хүнсний бүтээгдэхүүн            8, 20, 28, 32         1, 10, 15, 9        
                                32, 33, 38, 39        25, 8, 12, 8        
                                40, 42, 42, 42        6, 2, 5, 41         
                                44, 119, 217          11, 14, 6           
аюул                            8, 14, 15, 23         3, 5, 3, 14         
                                30, 36, 38, 39        5, 7, 23, 10        
                                39, 45, 46, 48        16, 5, 19, 12       
                                49, 50, 53, 77        7, 5, 5, 5          
                                83, 83, 84, 90        13, 21, 8, 10       
                                91, 95, 138, 173      7, 6, 5, 2          
                                189, 191, 195, 202    5, 6, 2, 5          
                                202, 207, 208, 211    11, 13, 2, 7        
                                212, 215, 216, 219    5, 12, 5, 3         
                                221, 228              7, 2                
хангагч                         8, 14, 15, 49         5, 7, 5, 9          
                                51, 68, 77, 171       12, 32, 7, 19       
                                183, 184, 194, 202    7, 7, 14, 7         
                                211, 212, 216, 221    9, 7, 7, 9          
                                225, 226              19, 15              
нийтлэх                         10, 11                1, 1                
хүнсний түүхий эд, бүтээгдэхүүний аюулгүй байдал  13, 21, 47, 51        10, 17, 6, 6        
                                52, 83, 183, 184      13, 6, 1, 1         
                                197, 222, 232         9, 10, 10           
хүнс                            13, 15, 20, 20        5, 18, 21, 25       
                                24, 27, 29, 30        7, 4, 4, 8          
                                31, 32, 35, 35        5, 4, 11, 17        
                                43, 52, 60, 62        7, 7, 18, 10        
                                64, 68, 68, 82        7, 8, 24, 23        
                                84, 87, 88, 89        19, 20, 15, 2       
                                92, 103, 104, 107     37, 21, 7, 20       
                                109, 119, 135, 141    12, 17, 7, 12       
                                142, 161, 179, 204    22, 7, 17, 14       
                                212, 220, 226         9, 2, 5             
бүтээгдэхүүн                    14, 15, 15, 27        4, 2, 37, 2         
                                30, 34, 35, 37        4, 24, 6, 12        
                                38, 39, 40, 42        22, 15, 23, 26      
                                45, 46, 48, 49        4, 14, 11, 6        
                                50, 53, 69, 70        4, 4, 3, 4          
                                71, 79, 81, 86        18, 7, 4, 6         
                                87, 88, 90, 90        9, 14, 5, 16        
                                91, 92, 92, 93        6, 10, 34, 9        
                                94, 94, 94, 95        14, 25, 35, 14      
                                96, 97, 100, 101      8, 9, 11, 13        
                                102, 103, 105, 106    6, 9, 12, 14        
                                107, 109, 115, 116    12, 4, 10, 11       
                                118, 119, 121, 122    4, 4, 4, 4          
                                125, 129, 130, 131    22, 4, 4, 12        
                                132, 140, 141, 142    4, 6, 4, 4          
                                142, 143, 144, 145    17, 16, 4, 4        
                                154, 155, 156, 157    4, 9, 3, 12         
                                158, 159, 161, 162    5, 6, 5, 5          
                                167, 167, 169, 170    4, 18, 9, 7         
                                172, 173, 173, 174    5, 17, 36, 8        
                                175, 176, 178, 179    10, 17, 10, 8       
                                180, 181, 189, 191    14, 18, 4, 4        
                                196, 202, 206, 211    4, 4, 20, 6         
                                212, 214, 216, 217    4, 4, 4, 15         
                                218, 221, 227         4, 6, 8             
үндэсний аюулгүй байдал         15                    14                  
малын генетик нөөц              15, 21                22, 4               
хяналт шалгалт                  15, 15, 67, 68        44, 53, 11, 36      
                                90, 117, 170, 173     18, 14, 17, 24      
                                173, 175, 176, 177    45, 20, 20, 8       
                                180, 224, 230, 230    17, 25, 2, 10       
ургамал хамгаалал               15, 97                49, 18              
эрүүл ахуй                      15, 31, 47, 90        56, 2, 16, 6        
                                119, 121, 125, 195    26, 5, 2, 7         
                                225, 226              13, 9               
ус                              15, 27, 28            20, 11, 19          
мал                             15, 21, 23, 28        26, 8, 3, 5         
                                33, 33, 37, 37        15, 20, 6, 14       
                                37, 46, 55, 96        19, 7, 4, 9         
                                97, 107, 203, 214     13, 2, 8, 6         
амьтан                          15, 15, 21, 23        27, 31, 9, 4        
                                28, 33, 37, 46        6, 16, 7, 8         
                                55, 96, 97, 107       5, 10, 14, 3        
                                173, 174, 203, 215    11, 2, 9, 2         
ургамал                         15, 28, 33, 33        32, 7, 6, 31        
                                46, 96, 107, 173      9, 12, 6, 12        
                                174                   3                   
ажилгүй                         15, 46, 79, 204       60, 2, 2, 16        
бараа                           15                    63                  
мөрдөгч                         18, 102, 103, 105     17, 9, 12, 15       
                                107, 109, 115, 118    15, 7, 13, 7        
                                227, 242, 243         11, 12, 15          
үйлчлэгч                        19, 20, 20, 23        4, 18, 30, 20       
анхан шатны үйлдвэрлэл эрхлэх   20, 32                6, 5                
хүнсний түүхий эд               20, 34, 35, 37        3, 21, 3, 9         
                                46, 71, 87, 88        11, 15, 6, 11       
                                90, 91, 92, 92        2, 3, 7, 31         
                                93, 94, 94, 95        6, 11, 22, 11       
                                96, 97, 100, 101      5, 6, 8, 10         
                                103, 105, 106, 107    6, 9, 11, 9         
                                115, 116, 129, 130    7, 8, 1, 1          
                                131, 142, 143, 155    9, 14, 13, 6        
                                157, 158, 159, 161    9, 2, 3, 2          
                                162, 167, 169, 170    2, 15, 6, 4         
                                172, 173, 174, 175    2, 33, 5, 7         
                                176, 178, 179, 180    14, 7, 5, 11        
                                181, 206, 217, 227    15, 17, 12, 5       
үйлдвэрлэгч                     20, 23, 23, 32        12, 6, 11, 12       
                                32, 34, 44, 46        24, 26, 10, 17      
                                73, 74, 79, 119       16, 13, 10, 7       
                                137, 167, 180, 215    20, 19, 6, 4        
                                215, 217, 226         9, 18, 4            
тээвэрлэгч                      20, 32, 34, 119       16, 17, 27, 8       
                                121                   11                  
газар                           23, 64, 82, 84        9, 11, 10, 23       
                                100, 107, 109, 123    19, 24, 16, 18      
                                142, 177, 199, 215    29, 12, 13, 7       
иргэн                           24                    3                   
тодорхойлолт                    25                    6                   
хэрэглэгч                       26, 28, 34, 34        3, 18, 5, 32        
                                35, 119, 122, 142     21, 20, 7, 13       
                                155, 157, 164, 219    13, 19, 19, 7       
                                225                   5                   
хүнсний нэмэлт                  27, 137, 218          16, 12, 5           
эрүүл мэнд                      30, 179, 203, 204     14, 15, 6, 18       
хүн                             30, 40, 87, 125       13, 4, 10, 8        
                                132, 141, 155, 203    7, 5, 4, 5          
                                207, 217, 239         10, 4, 4            
хүнсний аюулгүй байдал          31                    10                  
үйл ажиллагаа                   32, 35, 43, 46        30, 13, 3, 25       
                                47, 48, 52, 59        19, 18, 3, 5        
                                60, 61, 62, 66        3, 3, 12, 18        
                                68, 75, 76, 78        10, 7, 3, 3         
                                78, 82, 83, 87        8, 3, 4, 3          
                                88, 92, 93, 94        3, 41, 3, 3         
                                103, 106, 111, 112    3, 3, 5, 3          
                                113, 124, 127, 127    13, 3, 3, 11        
                                186, 192, 194, 221    28, 21, 6, 10       
                                224, 229, 230         6, 3, 16            
сүлжээ                          32                    2                   
хураагч                         33                    13                  
тоног төхөөрөмж                 34, 134               11, 11              
агуулах                         34, 133, 144, 160     14, 6, 8, 4         
боодол                          34, 134, 140, 141     19, 6, 9, 16        
                                142, 162, 167         10, 8, 11           
эм                              37, 37, 214           2, 15, 7            
нуун далдлагч                   42                    38                  
орц                             42, 151               7, 3                
цуврал                          44                    2                   
зохистой дадал                  46, 47, 48, 78        4, 3, 2, 17         
                                82, 84, 114, 213      18, 6, 7, 3         
ариун цэвэр                     47, 119, 121, 125     14, 28, 7, 4        
                                135, 195, 225, 226    3, 10, 16, 11       
хариуцагч                       52, 99, 113, 167      19, 24, 18, 23      
                                186                   5                   
шалгуур үзүүлэлт                53                    12                  
таримал ургамал                 55                    6                   
хүнсний чиглэлийн үйл ажиллагаа эрхлэгч  57, 58, 66, 73        1, 1, 7, 11         
                                92, 99                16, 19              
мэдээлэл                        59, 60, 68, 76        9, 7, 17, 10        
                                91, 93, 118, 143      12, 19, 21, 18      
                                144, 154, 158, 160    7, 15, 8, 3         
                                164, 168, 207, 220    5, 5, 24, 23        
                                229                   22                  
төрийн байгууллага              60, 189, 192, 210     21, 15, 28, 11      
байгууллага                     60, 67, 68, 73        25, 2, 2, 2         
                                76, 82, 88, 92        19, 32, 9, 27       
                                94, 101, 127, 174     19, 2, 2, 29        
                                175, 176, 179, 180    2, 2, 26, 16        
                                191, 211, 212, 216    16, 14, 15, 16      
                                222, 222, 232, 232    7, 9, 7, 9          
улсын бүртгэлийн гэрчилгээ      62                    3                   
иргэний бүртгэлийн дугаар       62                    7                   
этгээд                          62                    2                   
журам                           62, 95, 96, 100       18, 19, 19, 17      
                                103, 107, 113, 123    19, 19, 10, 12      
                                142, 177, 179, 181    21, 10, 14, 5       
                                199                   11                  
гишүүн                          64, 84, 107, 109      12, 24, 25, 17      
                                123, 142              19, 30              
тохиолдол                       66, 73, 76, 88        6, 10, 12, 7        
                                92, 94, 97, 120       15, 17, 12, 13      
                                127, 132, 159, 174    10, 6, 2, 13        
                                175, 207              17, 17              
дүгнэлт                         68, 73, 189           39, 8, 12           
хүнсний түүхий эд, бүтээгдэхүүний аюулгүйн үзүүлэлт  74, 171, 186, 195     5, 2, 10, 14        
техникийн зохицуулалт           74, 168, 195          16, 11, 5           
хөдөө аж ахуйн зохистой дадал   79                    11                  
эрүүл ахуйн зохистой дадал      80                    6                   
үйлдвэрлэлийн зохистой дадал    81                    7                   
заавар                          82, 155               22, 14              
захиргаа                        82, 179, 191, 211     30, 24, 14, 12      
                                212, 216, 222, 232    13, 14, 5, 5        
шалгагч                         83                    19                  
зөвлөмж                         84, 189, 208, 228     18, 13, 9, 12       
шийдвэр                         88, 94, 228           10, 20, 5           
даруй                           92                    25                  
тусгаарлах                      94                    36                  
захиргааны байгууллага          97, 186               23, 7               
зөвшөөрөл                       97                    25                  
лабораторийн шинжилгээ          99, 118, 186, 198     12, 17, 17, 5       
төлбөр                          99                    14                  
мэдээллийн сан                  101, 190              15, 10              
талууд                          101, 208, 212, 213    14, 8, 8, 6         
                                216                   8                   
тал                             101, 208, 212, 213    14, 8, 8, 6         
                                216                   8                   
эрсдэл                          104                   10                  
үр                              105, 208, 210, 220    7, 5, 3, 19         
хэрэглэж дуусах хугацаа         106, 149              15, 4               
хадгалах хугацаа                106                   25                  
дүрэм                           113                   9                   
хяналт шалгалтын бүртгэл        118                   11                  
тэмдэглэл                       118                   14                  
тайлан                          118                   15                  
үйлчилгээ                       119                   12                  
ажилтан                         119, 120, 120, 123    25, 5, 16, 5        
                                126                   11                  
халдвар                         120                   6                   
зураасан код                    122                   5                   
ажил                            126                   12                  
бохирдуулагч                    133                   5                   
тээврийн хэрэгсэл               134                   7                   
хувиргасан амьд организм        136, 157, 180, 181    10, 5, 7, 11        
эрсдэлийн үнэлгээ               136, 175, 179, 181    7, 13, 9, 7         
                                192, 192, 201, 206    6, 12, 8, 25        
                                224, 228              9, 9                
бичил биетний цэвэр өсгөврийн хөрөнгө  137                   14                  
баяжуулагч бэлдмэл              137                   10                  
шинжээч                         143, 204, 238         9, 27, 10           
бүтээгдэхүүний цуврал           147                   4                   
органик хүнс                    157                   3                   
стандарт                        168, 194, 214, 218    13, 18, 17, 14      
хүнсний сүлжээнд ашиглах болон хэрэглэх эд зүйлс  170, 173              8, 37               
хяналт тавих                    173, 222, 227         4, 18, 14           
гадаадын зээл                   176                   3                   
гадаад зээл                     176                   3                   
мэдээллийн нэгдсэн сан          186, 198              19, 8               
хэмжил                          186                   2                   
үнэлгээний шинжилгээ            189                   9                   
тандалт                         189, 197, 220, 226    7, 15, 8, 21        
үнэлгээ                         192, 192, 200, 207    2, 25, 4, 2         
                                210                   2                   
удирдамж@@                      192                   4                   
зохион байгуулагч               193, 194, 213, 220    14, 20, 8, 17       
                                226                   22                  
сорилт                          193                   13                  
баталгаажуулалт                 193                   17                  
мэргэжил                        194, 194              10, 15              
удирдлага                       194, 210              13, 7               
арга хэмжээ                     195                   12                  
төсөв                           195                   20                  
санал                           195                   21                  
сорьц                           196                   7                   
гамшиг                          196                   25                  
байгаль орчин                   203                   3                   
салбар                          204                   22                  
мэргэжилтэн                     204                   28                  
мэдээлэл ашиглах                206                   4                   
олон улсын байгууллага          207                   18                  
зохиогч                         210                   8                   
пестицидийн үлдэгдэл            214                   10                  
эрсдэлийг бууруулах             224                   20                  
барилга, байгууламжийн ажил     225                   8                   
барилга байгууламжийн ажил      225                   8                   
техникийн нөхцөл                226                   7                   
төрийн бус байгууллага          229                   15                  
сан                             229                   8                   
хөдөлгөөн                       229                   12                  
мэдээ                           229                   21                  
нэгж                            232                   17                  
хуулийн этгээд                  239                   5                   
