File: MNCLW00523.txt
Search Method: Aho-Corasick
Total runtime: 0.001275s
Found terms: 100

Term                            Line                  Word Place          

нийтлэх                         9, 10                 1, 1                
гэмт хэрэг                      12, 17, 23, 31        6, 18, 2, 3         
                                49, 50, 50, 51        7, 4, 23, 40        
                                52, 53, 54            11, 242, 242        
этгээд                          12, 17, 30, 39        9, 21, 6, 11        
                                40, 41, 44, 46        6, 6, 12, 3         
                                47, 50                6, 11               
үйлчлэгч                        16                    4                   
хорих ял                        23, 31, 32, 35        7, 8, 15, 6         
                                35, 36, 36, 40        12, 7, 13, 2        
                                42, 47, 49, 50        17, 10, 10, 28      
                                52                    7                   
нэмэгдэл                        23, 31, 32            22, 16, 23          
ял эдэлж байгаа                 24, 50, 61            10, 8, 7            
шуудан                          29                    3                   
хүндэвтэр гэмт хэрэг            32, 44                9, 6                
хүнд гэмт хэрэг                 35                    2                   
онц хүнд гэмт хэрэг             36, 53, 54            2, 4, 4             
газар                           41                    3                   
шийтгэх тогтоол                 42                    21                  
хэрэг бүртгэгч                  44                    13                  
мөрдөн байцаагч                 44                    15                  
аюул                            48                    3                   
уригч                           50                    2                   
зарлиг                          52                    5                   
зохион байгуулалттай бүлэг      53, 54                129, 129            
сэтгэцэд нөлөөлөх эм            53, 54                147, 147            
хүн худалдаалах                 53, 54                32, 32              
эд хөрөнгө                      53, 53, 53, 53        53, 65, 77, 89      
                                54, 54, 54, 54        53, 65, 77, 89      
терроризмыг санхүүжүүлэх        53, 54                115, 115            
гэмт бүлэглэл                   53, 54                132, 132            
прокурорын хяналт               53, 54                180, 180            
мөнгө угаах                     53, 54                204, 204            
хүн                             53, 53, 54, 54        13, 21, 13, 21      
терроризм                       53, 53, 54, 54        109, 122, 109, 122  
тээвэрлэгч                      53, 54                158, 158            
шүүлт                           53, 54                170, 170            
шүүгч                           53, 54                182, 182            
шүүх                            53, 54                182, 182            
зуучлагч                        53, 54                228, 228            
мөрдөгч                         60                    13                  
ажил                            61                    15                  
гүйцэтгэгч                      61                    24                  
