File: MNCLW00225.txt
Search Method: Aho-Corasick
Total runtime: 0.012775s
Found terms: 1171

Term                            Line                  Word Place          

төрийн ордон                    5                     1                   
газар                           6, 12, 13, 14         2, 6, 4, 2          
                                17, 24, 24, 40        6, 2, 11, 2         
                                79, 81, 101, 101      2, 15, 3, 18        
                                127, 131, 132, 140    16, 6, 11, 10       
                                151, 152, 153, 155    16, 4, 2, 2         
                                156, 157, 158, 163    2, 49, 2, 17        
                                164, 168, 168, 176    2, 2, 12, 8         
                                177, 208, 209, 225    8, 9, 9, 12         
                                230, 236, 244, 245    10, 2, 11, 21       
                                247, 248, 252, 265    15, 11, 25, 18      
                                280, 286, 292, 308    16, 2, 15, 11       
                                335, 336, 339, 345    19, 19, 7, 2        
                                352, 362, 365, 366    18, 9, 10, 10       
                                388, 389, 408, 412    11, 11, 32, 27      
                                420, 421, 427, 430    35, 23, 29, 2       
                                431, 443, 443, 450    2, 2, 26, 2         
                                451                   6                   
сан                             6, 12, 12, 13         4, 8, 12, 6         
                                14, 17, 18, 18        4, 9, 3, 14         
                                18, 18, 18, 18        17, 20, 24, 32      
                                18, 19, 19, 19        37, 3, 14, 17       
                                19, 19, 19, 19        20, 24, 32, 37      
                                24, 24, 29, 30        4, 7, 2, 2          
                                31, 31, 32, 33        4, 8, 2, 2          
                                34, 35, 36, 37        2, 5, 3, 5          
                                38, 39, 40, 41        7, 5, 4, 4          
                                42, 43, 44, 45        3, 4, 5, 3          
                                46, 47, 48, 49        3, 4, 3, 3          
                                51, 52, 53, 54        8, 4, 5, 4          
                                55, 56, 57, 59        4, 4, 4, 3          
                                60, 62, 64, 65        3, 9, 10, 10        
                                67, 68, 69, 72        2, 2, 2, 3          
                                74, 75, 77, 79        2, 2, 2, 4          
                                81, 82, 85, 86        2, 2, 2, 2          
                                87, 88, 91, 97        4, 2, 2, 7          
                                98, 99, 127, 128      7, 5, 5, 5          
                                129, 131, 133, 134    3, 24, 7, 5         
                                140, 141, 142, 151    5, 9, 7, 7          
                                152, 153, 155, 156    6, 4, 4, 4          
                                157, 169, 170, 172    51, 6, 6, 4         
                                173, 202, 203, 208    4, 4, 4, 4          
                                209, 210, 211, 221    4, 6, 4, 12         
                                226, 227, 231, 232    5, 3, 5, 3          
                                236, 237, 240, 242    4, 3, 36, 45        
                                249, 250, 252, 253    7, 5, 14, 5         
                                264, 268, 269, 281    5, 10, 8, 6         
                                282, 289, 292, 293    4, 4, 4, 6          
                                294, 309, 311, 312    4, 6, 4, 4          
                                338, 339, 347, 350    7, 5, 5, 5          
                                351, 354, 365, 366    5, 6, 4, 4          
                                367, 368, 370, 371    5, 5, 3, 3          
                                390, 392, 406, 412    11, 9, 32, 9        
                                416, 417, 418, 419    2, 2, 4, 2          
                                420, 421, 423, 425    14, 11, 6, 9        
                                426, 427, 431, 432    4, 6, 4, 7          
                                433, 434, 437, 438    2, 9, 2, 2          
                                439, 440, 442, 443    4, 6, 2, 4          
                                443, 444, 445, 446    7, 2, 9, 10         
                                451, 459, 461         8, 4, 2             
нийтлэх                         10, 18, 19, 87        1, 45, 45, 6        
                                88                    5                   
өрийн удирдлага                 14, 434               16, 11              
мөрдөгч                         15, 116, 466          17, 7, 12           
үйлчлэгч                        16, 17                4, 21               
хяналт тавих                    17, 127, 132, 168     16, 12, 7, 8        
                                225, 230, 248, 265    8, 6, 7, 14         
                                280, 292, 308, 335    12, 11, 7, 15       
                                336, 352, 388, 389    15, 14, 7, 7        
                                424, 447, 450, 451    18, 7, 16, 19       
удирдлага                       17, 246, 247, 416     12, 31, 7, 3        
                                417, 418, 437, 438    3, 5, 3, 3          
зохиогч                         17, 127, 294, 326     13, 6, 16, 15       
                                327, 332, 333, 418    15, 10, 10, 6       
эрүүл мэндийн даатгалын сан     18, 19                4, 4                
нийгмийн халамжийн сан          18, 19                8, 8                
авто замын сан                  18, 19, 50            26, 26, 2           
мэргэжлийн боловсрол            18, 19                33, 33              
кино                            18, 19, 311, 312      29, 29, 6, 6        
                                326, 326, 327, 327    3, 13, 3, 13        
                                329, 329, 330, 330    7, 11, 7, 11        
тодорхойлолт                    22                    6                   
хэрэглэгч                       23, 402               3, 4                
зээл                            25, 36, 94, 128       3, 2, 3, 4          
                                129, 129, 130, 131    2, 10, 2, 2         
                                131, 132, 245, 252    14, 2, 31, 18       
                                252, 257, 258, 265    22, 8, 9, 6         
                                266, 320, 321, 335    6, 8, 8, 8          
                                336, 342, 351, 352    8, 2, 8, 6          
                                353, 432, 434, 434    6, 9, 23, 30        
                                434, 445, 446         33, 12, 11          
шилжүүлэг                       25, 26                16, 16              
хөрөнгө                         26, 89, 93, 131       10, 3, 7, 28        
                                135, 136, 144, 144    24, 13, 9, 14       
                                156, 157, 216, 240    6, 53, 2, 39        
                                242, 253, 262, 264    48, 9, 5, 14        
                                289, 297, 347, 350    8, 9, 7, 14         
                                359, 365, 366, 420    6, 6, 6, 16         
                                425, 428, 430, 451    12, 11, 15, 17      
орлого                          32, 91, 92, 97        3, 7, 3, 5          
                                97, 102, 103, 104     14, 9, 16, 20       
                                105, 106, 107, 108    7, 9, 7, 10         
                                109, 149, 180, 181    10, 10, 10, 10      
                                186, 187, 202, 203    13, 13, 16, 16      
                                206, 207, 234, 237    5, 5, 11, 8         
                                238, 374, 375, 376    2, 9, 9, 10         
                                377, 406, 406, 408    10, 12, 23, 9       
зарлага                         32                    4                   
тайлан                          32, 444               5, 11               
үйлчилгээ                       37, 101, 133, 134     3, 22, 5, 3         
                                134, 134, 135, 135    14, 19, 3, 18       
                                136, 137, 138, 138    7, 3, 3, 21         
                                139, 140, 276, 282    3, 3, 22, 30        
                                287, 290, 347, 362    7, 9, 9, 3          
                                398, 400, 402, 428    4, 15, 8, 8         
                                429, 430, 431         5, 12, 12           
төлбөр                          38, 103, 108, 109     5, 15, 9, 9         
                                141, 142, 142, 143    7, 5, 33, 5         
                                145, 146, 146, 150    19, 5, 181, 6       
                                151, 151, 165, 176    5, 12, 14, 6        
                                177, 178, 179, 184    6, 21, 21, 7        
                                185, 275, 279, 398    7, 11, 34, 7        
иргэн                           51, 96, 113, 129      6, 19, 27, 21       
                                131, 223, 253, 268    10, 16, 19, 8       
                                269, 269, 270, 271    6, 16, 6, 6         
                                272, 273, 274, 275    5, 27, 12, 14       
                                276, 277, 278, 280    8, 7, 7, 6          
                                362, 446              5, 19               
туслагч                         51, 97, 178, 179      7, 10, 12, 12       
                                268, 269, 270, 271    9, 7, 7, 7          
                                280                   7                   
ажилгүй                         53, 338, 339, 340     2, 4, 2, 2          
                                341, 344, 344, 347    2, 4, 7, 2          
                                350, 351              2, 2                
нэвтрүүлэг                      57, 354, 357, 362     2, 4, 2, 2          
                                363, 364, 365, 366    11, 2, 2, 2         
урьдчилан сэргийлэх             62, 99, 114, 299      4, 13, 7, 4         
                                300, 302, 390, 392    3, 3, 6, 4          
                                392, 406, 408, 410    14, 27, 14, 4       
                                412, 461, 461         4, 16, 31           
үйл ажиллагаа                   62, 64, 65, 70        6, 18, 18, 4        
                                72, 77, 91, 97        4, 3, 4, 11         
                                101, 113, 123, 131    8, 32, 15, 25       
                                138, 153, 192, 193    15, 38, 35, 35      
                                196, 197, 227, 237    7, 7, 35, 5         
                                250, 263, 264, 289    14, 5, 11, 5        
                                332, 333, 339, 350    8, 8, 13, 11        
                                390, 392, 392, 394    8, 6, 16, 2         
                                404, 406, 408, 410    11, 29, 16, 6       
                                412, 420, 452, 453    6, 26, 37, 29       
                                459                   5                   
засгийн газрын үйл ажиллагааны хөтөлбөр  64, 65                12, 12              
хангагч                         67, 80, 129, 192      11, 6, 20, 31       
                                193, 232, 259, 266    31, 14, 10, 16      
                                346, 353, 386, 386    6, 13, 13, 18       
                                387, 387, 452, 453    13, 18, 44, 36      
хөтөлбөр                        71, 172, 173, 215     7, 8, 8, 12         
                                427                   21                  
зохион байгуулагч               76, 114, 153, 198     2, 15, 42, 8        
                                199, 218, 219, 227    8, 16, 15, 39       
                                261, 298, 446         15, 18, 39          
үр                              77, 146, 159, 246     6, 83, 23, 23       
                                287, 290, 344         4, 4, 3             
захиргаа                        80, 157, 246, 267     22, 6, 37, 16       
                                425, 430, 440, 443    19, 25, 27, 15      
                                450                   13                  
байгууллага                     80, 96, 103, 113      24, 18, 5, 31       
                                157, 220, 223, 246    8, 3, 15, 39        
                                267, 277, 425, 430    18, 15, 21, 27      
                                440, 441, 443, 444    29, 31, 17, 17      
                                450                   15                  
дүгнэлт                         80, 112, 442, 444     27, 16, 15, 8       
санал                           81, 166, 252          16, 8, 26           
журам                           82, 127, 131, 132     9, 14, 8, 9         
                                140, 151, 168, 208    8, 14, 10, 7        
                                209, 225, 230, 248    7, 10, 8, 9         
                                265, 280, 292, 308    16, 14, 13, 9       
                                335, 336, 352, 365    17, 17, 16, 8       
                                366, 388, 389, 408    8, 9, 9, 23         
                                412, 412, 424, 425    16, 25, 16, 26      
                                433, 441, 445, 448    8, 29, 18, 8        
                                461                   36                  
хүү                             92, 258               2, 10               
олон улсын байгууллага          96                    9                   
аж ахуйн нэгж                   96, 103, 113, 223     15, 2, 28, 12       
                                250, 359              11, 2               
хандив                          96, 96, 107, 186      5, 21, 6, 11        
                                187, 202, 203, 359    11, 13, 13, 5       
байгалийн гамшиг                99                    10                  
сангийн хөрөнгө                 100, 111, 127, 130    5, 5, 8, 3          
                                131, 132, 135, 137    3, 3, 5, 5          
                                138, 139, 143, 146    5, 5, 7, 7          
                                158, 168, 174, 175    4, 4, 4, 4          
                                188, 189, 212, 213    4, 4, 4, 4          
                                225, 228, 229, 230    4, 3, 3, 3          
                                233, 239, 245, 246    3, 3, 3, 3          
                                248, 251, 256, 270    3, 5, 5, 8          
                                271, 280, 283, 284    8, 8, 4, 4          
                                291, 292, 295, 298    4, 7, 4, 4          
                                307, 308, 314, 315    4, 4, 4, 4          
                                317, 318, 335, 336    4, 4, 4, 4          
                                340, 341, 357, 361    5, 5, 4, 5          
                                372, 373, 380, 381    3, 3, 3, 3          
                                388, 389, 408, 410    3, 3, 19, 9         
                                412, 424, 427, 430    19, 7, 17, 4        
                                441, 447, 448, 449    2, 4, 11, 11        
                                450, 452, 452, 453    4, 9, 34, 6         
                                453, 460              26, 2               
аялал жуулчлал                  101                   6                   
хураамж                         101, 165              14, 15              
ажил                            101, 115, 287, 294    21, 14, 3, 15       
                                298, 421, 421, 428    17, 13, 17, 7       
                                429, 431              4, 11               
ус бохирдуулсны төлбөр          102                   6                   
байгаль орчин                   103                   6                   
гэмт хэрэг                      104, 146              5, 89               
тээврийн хэрэгсэл               104, 161              12, 12              
тоног төхөөрөмж                 104, 161, 178, 179    17, 9, 16, 16       
                                220, 262, 402         8, 13, 11           
агаарын бохирдлын төлбөр        106                   6                   
генетик нөөцтэй холбоотой уламжлалт мэдлэг  108, 109, 124, 125    3, 3, 10, 10        
мэдээлэл                        112, 259, 441, 445    13, 9, 10, 29       
                                446                   34                  
төсөл                           112, 215, 288, 427    18, 11, 2, 20       
                                432, 432, 441, 451    11, 19, 7, 13       
                                452, 452, 453         12, 18, 9           
эрчим хүч хэмнэлт               113                   22                  
технологи                       113, 288              25, 8               
үнэлгээний шинжилгээ            116                   10                  
хүлэмжийн хий                   118                   7                   
усны бохирдол                   122                   3                   
эрсдэлийг бууруулах             123, 159              6, 26               
гамшиг                          123, 159, 192, 193    2, 6, 12, 12        
                                273                   6                   
генетик нөөц                    124, 125              8, 8                
мэдээллийн сан                  124, 125              16, 16              
генийн сан                      124, 125              19, 19              
санхүүгийн дэмжлэг              129, 131, 224, 288    5, 18, 12, 5        
                                446                   14                  
сургалтын төлбөр                129, 131              8, 12               
зам                             129                   12                  
арга хэмжээ                     131, 153, 219         21, 18, 13          
хүн                             134, 142, 146, 146    21, 28, 14, 19      
                                146, 146, 146, 146    22, 29, 53, 58      
                                146, 146, 146, 162    63, 70, 169, 7      
                                192, 193, 227, 273    26, 26, 8, 16       
                                332, 333, 400, 431    4, 4, 16, 21        
                                464                   4                   
сүлжээ                          134, 362              27, 7               
хуулийн этгээд                  135, 136, 138, 446    21, 10, 24, 20      
                                464                   5                   
барилга байгууламж              138, 161, 402         8, 5, 9             
ашиглалт                        138                   10                  
хариуцагч                       138, 164, 424         26, 16, 11          
монгол улсын нутаг дэвсгэр      142                   9                   
гэр бүлийн гишүүн               142, 146              25, 165             
этгээд                          142, 145, 146, 150    24, 16, 164, 12     
                                402, 434              5, 32               
торгох ял                       144                   3                   
шийдвэр                         145, 146, 150, 163    4, 176, 19, 18      
                                164, 244, 427, 441    12, 9, 31, 12       
                                441, 461              15, 9               
хүн худалдаалах                 146                   48                  
террорист үйлдэл                146                   154                 
бэлэг                           146                   43                  
шүүлт                           146                   140                 
хохирогч                        146, 275, 277         179, 4, 6           
гамшгийн эрсдэлийг бууруулах үйл ажиллагаа  153                   27                  
гамшгийн хор уршгийг арилгах    153                   34                  
гамшгаас хамгаалах              153, 153, 161, 192    21, 49, 15, 7       
                                193                   7                   
шинжээч                         153, 463              17, 10              
бүтээгдэхүүн                    156, 157, 240, 258    17, 30, 16, 5       
                                290                   8                   
зах зээл                        157, 240, 242, 242    32, 44, 7, 53       
төсвийн орлого                  157, 234, 240, 240    39, 13, 7, 49       
                                242                   58                  
улсын төсөв                     157, 252              46, 12              
улсын  төсөв                    157, 252              46, 12              
аюулт үзэгдэл                   159, 192, 193         7, 13, 13           
осол                            159, 192, 193, 273    15, 15, 15, 12      
техникийн холбогдолтой томоохон осол  161                   28                  
технологийн горим               161                   2                   
шугам сүлжээ                    161                   7                   
тохиолдол                       161, 204, 205, 240    33, 13, 13, 21      
                                241, 242, 245, 262    10, 31, 15, 2       
                                266, 269, 272, 274    10, 26, 25, 17      
эрүүл мэнд                      162                   8                   
эд хөрөнгө                      162                   12                  
шүүх                            164                   5                   
шүүгч                           164                   5                   
нөхөн сонгууль                  166                   4                   
зэвсэгт хүчин                   172, 173              5, 5                
үүрэг гүйцэтгэгч                172, 173, 232         14, 14, 21          
зэвсэглэл                       178, 179, 194, 195    13, 13, 3, 3        
бүтээн байгуулалт               182, 183, 370, 371    3, 3, 7, 7          
                                376, 377, 382, 383    3, 3, 3, 3          
салбар                          182, 183, 200, 201    7, 7, 3, 3          
                                266, 332, 333, 353    21, 3, 3, 18        
                                451                   11                  
нэгж                            182, 183, 423         8, 8, 18            
энхийг дэмжих ажиллагаа         190, 191              3, 3                
орон нутгийн хамгаалалт         192, 193              32, 32              
аюул                            192, 192, 193, 193    17, 29, 17, 29      
                                273, 273, 302         5, 25, 6            
цэргийн алба                    204, 204, 205, 205    7, 14, 7, 14        
оролцогч                        204, 205              6, 6                
тэтгэвэр                        204, 205              17, 17              
тэтгэмж                         204, 204, 205, 205    18, 28, 18, 28      
гэрээ                           204, 205              25, 25              
албаны нууц                     206, 207              17, 17              
соёлын өв                       211, 223              11, 5               
мэдээллийн нэгдсэн сан          214, 434              8, 20               
нийтийн хүртээл болгох          215                   8                   
бүтээл                          215, 216, 218, 219    6, 9, 10, 9         
                                221, 224, 329, 330    10, 8, 12, 12       
                                364                   5                   
сонгогч                         216, 265, 335, 336    7, 8, 10, 10        
                                352, 445, 446, 452    8, 16, 26, 15       
                                453                   12                  
мэргэжил                        217                   19                  
соёлын ажилтан                  222                   18                  
өндөр зэрэглэлийн тамирчин      227                   13                  
биеийн тамир                    227, 227              6, 41               
идэвхтэй хөдөлгөөн              227                   10                  
үндэсний спорт                  227                   21                  
дасгалжуулагч                   227                   16                  
спорт                           227, 376, 377, 384    43, 8, 8, 7         
                                385, 386, 387         7, 7, 7             
санхүүгийн хэрэгсэл             232                   19                  
гол нэр төрлийн эрдэс баялаг    240, 242, 242, 242    29, 2, 16, 40       
төсвийн тэнцэл                  240                   10                  
төсвийн алдагдал                243, 245              3, 10               
гүйцэтгэгч                      244, 282              15, 14              
хөрөнгө оруулалт                246                   25                  
жижиг, дунд үйлдвэр эрхлэгч     250                   7                   
орон нутгийн төсөв              253, 358              6, 3                
сум                             253                   16                  
нийслэл                         253                   17                  
хөнгөлөлт                       257, 265, 266, 320    7, 5, 5, 7          
                                321, 335, 336, 352    7, 7, 7, 5          
                                353                   5                   
санхүүгийн түрээсийн үйлчилгээ  262                   15                  
өр                              264, 350, 423, 423    8, 8, 10, 15        
шалгуур үзүүлэлт                266, 353              13, 10              
банк                            266, 266, 267, 353    7, 22, 6, 7         
                                353                   19                  
иргэний улсын бүртгэл           269                   33                  
үйлчилгээний хүртээмж           269, 402              39, 15              
гэр бүл                         272, 272              6, 19               
бараа                           272                   4                   
эмнэлгийн тусламж, үйлчилгээ    273                   28                  
сэтгэцийн өвчин                 273                   19                  
терроризм                       273                   7                   
ял эдэлж байгаа                 274, 278              4, 4                
паспорт                         276                   11                  
өмгөөлөгч                       277                   23                  
төлөөлөгчийн газар              278                   9                   
төрийн байгууллага              279                   17                  
тал                             279                   14                  
талууд                          279                   14                  
хүсэлт                          279, 446              25, 17              
орчуулагч                       279                   33                  
эрдэм шинжилгээний ажлын үр дүн  282                   24                  
суурь судалгаа                  282, 285              12, 7               
инновацийн төсөл                282                   19                  
шинжлэх ухаан, технологийн төсөл  286                   5                   
эрүүл мэндийн мэдээлэл          294, 298              6, 8                
тандалт                         294, 298              13, 15              
албан татвар                    296, 296, 297, 406    5, 14, 3, 2         
                                408                   7                   
эрүүл мэндийг хамгаалах         301, 303              2, 2                
эрүүл мэндийн байгууллага       306                   5                   
мэргэжилтэн                     306                   2                   
үйлдвэрлэгч                     311, 312              9, 9                
хамтарсан кино                  320, 321              3, 3                
монгол кино                     326, 327              6, 6                
аж ахуй эрхлэгч                 339                   10                  
мал                             339, 348, 351         9, 4, 6             
услалтын систем                 343                   4                   
ургамал                         344                   2                   
хөрсний үржил шим               345                   5                   
стандарт                        346                   4                   
уст цэг                         349                   4                   
амьтан                          351                   7                   
дүрэм                           365, 366, 412         5, 5, 10            
улсын бүртгэлийн дугаар         374, 375              5, 5                
мансуурах дон                   400                   2                   
хураагч                         406                   10                  
гишүүн                          408, 420              33, 36              
зөвлөл                          412                   12                  
төрийн сангийн нэгдсэн данс     419                   6                   
эрсдэл                          420                   20                  
төсвийн ерөнхийлөн захирагч     424                   2                   
төсвийн хүрээний мэдэгдэл       425                   31                  
төсөв                           425, 460              37, 5               
төсөл, арга хэмжээ              430, 431, 461         7, 8, 5             
гүйцэтгэх ажил                  430                   10                  
төрийн бус байгууллага          431, 452              17, 25              
харилцах данс                   431                   22                  
шуудан                          431                   24                  
холбоо                          432                   13                  
зээлийн мэдээллийн сан          434                   25                  
цахим хуудас                    441, 441, 444, 445    32, 38, 20, 25      
нээлт                           441, 446              22, 36              
хяналт шалгалт                  448                   14                  
мэргэжлийн байгууллага          452                   28                  
ашиг сонирхлын зөрчил           461, 461              13, 28              
хувийн ашиг сонирхол            461                   24                  
