File: MNCLW00614.txt
Search Method: Aho-Corasick
Total runtime: 0.038699s
Found terms: 3711

Term                            Line                  Word Place          

төрийн ордон                    5                     1                   
нийтлэх                         10, 11, 210, 469      1, 1, 19, 16        
                                470, 1172, 1173       16, 5, 4            
төсвийн тусгай шаардлага        13, 43, 1140, 1493    12, 5, 7, 32        
                                1501                  28                  
төсөв                           13, 13, 41, 42        5, 23, 2, 4         
                                42, 43, 45, 45        12, 19, 4, 15       
                                51, 58, 59, 67        3, 29, 29, 3        
                                80, 81, 82, 91        4, 4, 4, 6          
                                110, 117, 118, 120    5, 5, 5, 4          
                                121, 146, 186, 194    4, 16, 3, 14        
                                238, 239, 255, 256    11, 20, 2, 2        
                                277, 278, 290, 291    2, 2, 2, 2          
                                372, 387, 448, 449    38, 8, 2, 2         
                                473, 485, 530, 530    3, 32, 9, 14        
                                530, 569, 581, 628    20, 6, 5, 2         
                                655, 663, 664, 677    3, 2, 2, 3          
                                691, 691, 692, 692    3, 9, 6, 15         
                                692, 839, 867, 898    19, 15, 4, 12       
                                974, 989, 990, 1007   31, 5, 5, 24        
                                1040, 1050, 1055, 1063  20, 6, 19, 4        
                                1067, 1073, 1087, 1106  5, 5, 21, 2         
                                1107, 1107, 1107, 1110  22, 28, 33, 6       
                                1133, 1153, 1228, 1246  28, 9, 16, 4        
                                1246, 1258, 1260, 1266  10, 17, 4, 6        
                                1267, 1268, 1269, 1291  8, 7, 10, 18        
                                1292, 1294, 1315, 1361  18, 20, 14, 4       
                                1366, 1375, 1433, 1483  7, 2, 19, 5         
                                1498, 1501, 1507, 1508  12, 21, 3, 11       
                                1509, 1527, 1527, 1534  15, 3, 9, 5         
                                1539, 1550, 1551, 1552  12, 2, 2, 2         
                                1553, 1584, 1585, 1638  2, 2, 2, 3          
                                1676, 1677, 1721, 1722  17, 17, 29, 14      
                                1726, 1758, 1759, 1764  3, 5, 5, 3          
                                1767, 1800, 1800, 1800  5, 21, 45, 82       
оролцогч                        13, 1533              18, 19              
хөгжлийн бодлого                15, 16, 955, 957      10, 10, 2, 2        
                                1038, 1721            6, 24               
өрийн удирдлага                 15, 16, 29, 95        22, 22, 23, 3       
                                96, 113, 199, 354     3, 3, 3, 4          
                                364, 365, 1445, 1448  6, 6, 5, 8          
                                1449, 1450, 1451, 1540  8, 3, 3, 4          
удирдлага                       15, 15, 16, 16        14, 34, 14, 34      
                                91, 108, 135, 161     11, 12, 4, 8        
                                378, 380, 382, 388    9, 3, 3, 9          
                                391, 392, 394, 395    2, 2, 5, 9          
                                396, 437, 438, 441    6, 10, 10, 6        
                                442, 446, 473, 565    6, 10, 11, 5        
                                586, 594, 847, 964    6, 9, 2, 2          
                                1042, 1046, 1189, 1198  22, 8, 4, 6         
                                1218, 1384, 1465, 1465  9, 7, 4, 24         
                                1535, 1644, 1669, 1670  24, 13, 15, 15      
                                1724, 1731, 1746, 1777  11, 8, 8, 30        
                                1778                  20                  
захиргаа                        15, 16, 72, 73        29, 29, 8, 8        
                                201, 215, 216, 227    6, 6, 6, 19         
                                228, 230, 240, 241    6, 6, 19, 19        
                                243, 254, 263, 276    6, 20, 19, 25       
                                285, 286, 287, 288    17, 6, 6, 6         
                                303, 304, 307, 307    35, 35, 23, 59      
                                310, 314, 320, 321    47, 6, 6, 6         
                                445, 446, 485, 487    8, 6, 6, 6          
                                499, 504, 505, 508    18, 9, 9, 7         
                                509, 539, 572, 573    7, 6, 33, 15        
                                574, 580, 606, 634    19, 29, 2, 6        
                                659, 661, 663, 664    22, 33, 34, 34      
                                675, 704, 717, 718    24, 9, 24, 18       
                                869, 875, 877, 887    14, 11, 41, 16      
                                909, 933, 935, 970    20, 33, 6, 6        
                                1007, 1018, 1018, 1019  6, 25, 36, 25       
                                1019, 1040, 1066, 1107  36, 6, 6, 40        
                                1161, 1162, 1164, 1166  6, 6, 20, 17        
                                1167, 1169, 1171, 1184  10, 18, 11, 6       
                                1218, 1259, 1274, 1275  4, 15, 32, 32       
                                1433, 1435, 1441, 1446  6, 14, 11, 6        
                                1447, 1489, 1491, 1521  6, 30, 16, 6        
                                1535, 1656, 1657, 1669  19, 14, 14, 10      
                                1670, 1709, 1710, 1714  10, 8, 8, 27        
                                1715, 1735, 1736, 1740  27, 9, 9, 18        
                                1750, 1751, 1778      9, 9, 6             
нэгж                            15, 16, 582, 619      32, 32, 12, 15      
                                638, 642, 727, 728    17, 15, 3, 3        
                                778, 779, 1166, 1171  3, 3, 22, 16        
                                1218, 1326, 1327, 1328  7, 12, 11, 16       
                                1336, 1338, 1535, 1656  14, 8, 22, 17       
                                1657, 1669, 1670, 1735  17, 13, 13, 12      
                                1736, 1750, 1751      12, 12, 12          
үйлчлэгч                        21                    4                   
орон нутгийн өмч                22, 23, 196, 310      45, 45, 8, 8        
                                723, 723, 723, 723    12, 20, 29, 38      
                                783, 783, 825, 825    5, 11, 5, 11        
                                837, 1095, 1243, 1384  15, 8, 3, 3         
                                1437, 1470, 1471, 1779  8, 25, 37, 18       
төсвийн байгууллага             22, 23, 44, 94        4, 4, 14, 7         
                                123, 362, 363, 381    19, 10, 8, 6        
                                404, 422, 468, 474    4, 9, 5, 5          
                                479, 570, 578, 629    9, 6, 5, 8          
                                638, 639, 640, 672    19, 9, 9, 15        
                                723, 853, 860, 864    45, 11, 9, 8        
                                865, 1119, 1162, 1163  6, 12, 14, 8        
                                1168, 1168, 1170, 1181  7, 20, 8, 6         
                                1238, 1242, 1256, 1312  10, 7, 6, 7         
                                1471, 1733, 1741, 1743  8, 4, 8, 3          
                                1748, 1755, 1757, 1779  4, 8, 3, 9          
төсвийн орлого                  22, 23, 48, 57        33, 33, 4, 11       
                                143, 169, 170, 580    7, 3, 5, 7          
                                705, 828, 829, 830    8, 10, 17, 12       
                                1099, 1103, 1141, 1150  2, 2, 7, 7          
                                1160, 1480, 1539      5, 3, 3             
хуулийн этгээд                  22, 23, 63, 84        49, 49, 15, 38      
                                310, 723, 783, 825    12, 16, 9, 9        
                                837, 861, 870, 871    22, 15, 11, 6       
                                1095, 1437, 1454, 1455  12, 12, 11, 11      
                                1470, 1471, 1481, 1621  29, 41, 3, 22       
                                1622, 1653, 1779      22, 12, 22          
газар                           22, 23, 29, 36        10, 10, 2, 21       
                                41, 92, 95, 95        9, 7, 2, 7          
                                96, 96, 103, 106      2, 7, 2, 6          
                                115, 144, 146, 152    10, 12, 10, 2       
                                195, 199, 201, 204    21, 2, 27, 2        
                                215, 216, 221, 222    26, 26, 2, 2        
                                228, 229, 230, 243    26, 2, 10, 26       
                                244, 245, 264, 265    2, 2, 6, 6          
                                313, 314, 315, 315    5, 13, 9, 13        
                                315, 318, 341, 342    23, 2, 2, 2         
                                344, 345, 348, 349    4, 2, 2, 2          
                                364, 365, 373, 374    2, 2, 20, 20        
                                376, 377, 378, 379    9, 8, 6, 16         
                                384, 384, 385, 385    2, 11, 2, 11        
                                425, 425, 435, 436    4, 22, 9, 9         
                                437, 438, 439, 440    7, 7, 20, 20        
                                459, 462, 485, 488    6, 2, 36, 11        
                                512, 513, 516, 517    11, 11, 24, 24      
                                523, 530, 530, 530    5, 2, 5, 16         
                                530, 539, 551, 571    19, 2, 3, 9         
                                572, 576, 580, 583    10, 51, 38, 19      
                                589, 598, 598, 602    10, 5, 14, 2        
                                602, 602, 602, 610    5, 40, 43, 5        
                                612, 612, 614, 614    3, 5, 4, 6          
                                614, 615, 618, 618    11, 4, 8, 15        
                                619, 620, 638, 648    2, 2, 7, 5          
                                649, 651, 653, 718    2, 2, 13, 4         
                                719, 723, 832, 843    25, 52, 17, 4       
                                846, 872, 877, 879    2, 11, 4, 4         
                                880, 881, 912, 913    4, 8, 2, 2          
                                914, 953, 981, 984    2, 2, 8, 24         
                                994, 995, 1029, 1052  21, 21, 4, 18       
                                1053, 1076, 1078, 1079  18, 2, 2, 2         
                                1087, 1102, 1102, 1122  10, 2, 12, 7        
                                1139, 1167, 1182, 1249  2, 25, 7, 2         
                                1257, 1260, 1286, 1290  2, 28, 14, 2        
                                1294, 1300, 1343, 1364  7, 5, 20, 10        
                                1365, 1385, 1386, 1387  2, 4, 4, 2          
                                1388, 1389, 1390, 1404  2, 2, 2, 4          
                                1405, 1410, 1411, 1417  4, 2, 2, 4          
                                1418, 1419, 1420, 1423  4, 2, 2, 2          
                                1424, 1425, 1425, 1426  2, 8, 13, 8         
                                1426, 1429, 1430, 1436  13, 2, 2, 2         
                                1440, 1443, 1443, 1443  2, 17, 24, 30       
                                1445, 1448, 1449, 1450  4, 2, 2, 2          
                                1451, 1452, 1453, 1458  2, 6, 6, 2          
                                1459, 1460, 1461, 1465  2, 2, 2, 6          
                                1470, 1471, 1485, 1490  2, 13, 2, 17        
                                1493, 1495, 1498, 1499  13, 2, 2, 2         
                                1500, 1510, 1530, 1531  4, 2, 20, 22        
                                1533, 1599, 1632, 1653  24, 16, 16, 16      
                                1660, 1661, 1667, 1668  15, 15, 4, 4        
                                1721, 1781            18, 6               
сан                             22, 23, 68, 80        15, 15, 5, 3        
                                81, 81, 82, 82        3, 8, 3, 8          
                                91, 92, 109, 110      2, 2, 2, 4          
                                117, 117, 118, 118    4, 10, 4, 10        
                                120, 120, 121, 121    3, 8, 3, 8          
                                284, 299, 300, 394    5, 4, 4, 2          
                                428, 429, 472, 472    8, 8, 3, 10         
                                572, 620, 620, 629    12, 4, 7, 3         
                                643, 644, 645, 648    4, 12, 12, 2        
                                648, 648, 649, 649    7, 11, 4, 14        
                                650, 650, 651, 651    4, 14, 4, 11        
                                653, 653, 672, 673    2, 15, 23, 32       
                                674, 710, 750, 837    15, 27, 11, 30      
                                846, 869, 1094, 1158  4, 23, 2, 4         
                                1163, 1165, 1166, 1166  14, 4, 2, 7         
                                1166, 1166, 1166, 1166  11, 15, 21, 28      
                                1167, 1167, 1171, 1171  3, 18, 3, 8         
                                1171, 1171, 1172, 1173  15, 22, 4, 2        
                                1182, 1183, 1184, 1185  2, 5, 11, 2         
                                1186, 1187, 1188, 1249  2, 2, 2, 4          
                                1300, 1349, 1365, 1370  7, 29, 4, 4         
                                1410, 1411, 1436, 1496  4, 4, 4, 5          
                                1496, 1557, 1558, 1559  24, 7, 7, 5         
                                1579, 1579, 1580, 1584  7, 20, 14, 8        
                                1585, 1589, 1591, 1597  8, 27, 5, 5         
                                1599, 1599, 1600, 1600  5, 10, 5, 29        
                                1606, 1607, 1608, 1609  6, 6, 16, 4         
                                1610, 1645, 1645, 1648  5, 6, 25, 6         
                                1648, 1650, 1650, 1656  31, 15, 37, 26      
                                1657, 1683            26, 14              
ажил                            22, 23, 52, 53        23, 23, 15, 4       
                                84, 90, 90, 90        11, 5, 13, 19       
                                177, 177, 192, 210    5, 17, 5, 14        
                                245, 318, 351, 477    12, 11, 8, 8        
                                485, 530, 545, 578    34, 12, 9, 16       
                                594, 602, 608, 609    11, 37, 4, 5        
                                611, 622, 622, 623    10, 4, 10, 4        
                                623, 635, 800, 801    10, 15, 7, 7        
                                839, 840, 865, 1064   4, 15, 12, 4        
                                1179, 1243, 1243, 1311  3, 10, 15, 8        
                                1326, 1346, 1482, 1560  5, 5, 6, 4          
                                1561, 1714, 1715, 1739  4, 16, 16, 7        
                                1754                  11                  
үйлчилгээ                       22, 23, 52, 53        24, 24, 16, 5       
                                84, 90, 90, 90        12, 6, 14, 20       
                                177, 177, 351, 388    6, 18, 9, 11        
                                576, 767, 800, 801    22, 2, 8, 8         
                                804, 839, 840, 853    3, 5, 16, 9         
                                855, 856, 857, 865    2, 4, 2, 14         
                                895, 954, 1064, 1168  2, 5, 5, 25         
                                1169, 1179, 1197, 1200  8, 4, 4, 5          
                                1243, 1243, 1326, 1353  11, 16, 6, 2        
                                1482, 1527, 1530, 1560  7, 5, 12, 5         
                                1561, 1580, 1664, 1739  5, 5, 19, 8         
гүйцэтгэх ажил                  26                    23                  
хөтөлбөр                        26, 45, 52, 123       4, 9, 4, 5          
                                148, 148, 163, 164    3, 11, 8, 8         
                                167, 171, 348, 349    10, 6, 5, 5         
                                352, 370, 404, 490    4, 4, 11, 4         
                                501, 514, 515, 567    4, 4, 4, 6          
                                628, 710, 840, 841    3, 17, 24, 6        
                                862, 863, 897, 908    5, 8, 3, 3          
                                937, 938, 939, 953    6, 4, 4, 5          
                                981, 984, 989, 990    5, 20, 4, 4         
                                1000, 1001, 1009, 1010  4, 4, 4, 19         
                                1059, 1062, 1063, 1070  6, 13, 14, 3        
                                1071, 1073, 1092, 1096  8, 12, 6, 6         
                                1126, 1126, 1142, 1151  6, 7, 10, 10        
                                1152, 1154, 1187, 1228  10, 2, 7, 12        
                                1265, 1287, 1305, 1333  5, 14, 12, 2        
                                1389, 1390, 1401, 1402  4, 4, 10, 10        
                                1414, 1415, 1471, 1480  10, 10, 27, 9       
                                1483, 1483, 1487, 1498  11, 22, 12, 5       
                                1509, 1533, 1571, 1618  6, 34, 27, 22       
                                1638, 1719, 1725, 1777  10, 13, 5, 16       
үр                              26, 37, 38, 51        6, 43, 43, 6        
                                90, 108, 123, 145     25, 8, 9, 8         
                                162, 171, 184, 340    2, 24, 27, 4        
                                363, 568, 571, 574    3, 6, 2, 10         
                                576, 576, 576, 576    3, 8, 42, 48        
                                578, 580, 580, 583    9, 12, 15, 7        
                                594, 594, 630, 633    7, 12, 5, 8         
                                635, 710, 713, 714    8, 19, 27, 18       
                                746, 747, 895, 951    9, 9, 8, 3          
                                974, 974, 980, 994    15, 22, 3, 9        
                                995, 1018, 1019, 1025  9, 46, 46, 26       
                                1060, 1073, 1096, 1107  5, 10, 13, 16       
                                1126, 1212, 1227, 1228  9, 2, 18, 5         
                                1228, 1230, 1231, 1233  18, 9, 2, 8         
                                1244, 1305, 1310, 1316  6, 18, 4, 4         
                                1323, 1327, 1333, 1333  4, 6, 6, 12         
                                1342, 1346, 1474, 1483  12, 6, 3, 7         
                                1483, 1487, 1493, 1642  18, 17, 20, 4       
гэрээ                           26, 100, 101, 157     8, 13, 13, 15       
                                425, 425, 989, 990    16, 19, 14, 14      
                                1107, 1107, 1154, 1226  10, 25, 9, 5        
                                1227, 1243, 1364, 1499  20, 20, 12, 3       
                                1682                  14                  
зохицуулалт                     26, 27, 92, 146       13, 8, 9, 22        
                                184, 369, 382, 388    18, 29, 5, 8        
                                441, 442, 476, 1143   5, 5, 7, 6          
                                1261, 1262, 1263, 1271  6, 6, 6, 5          
                                1272, 1284, 1285, 1286  5, 6, 15, 4         
                                1287, 1288, 1384, 1433  2, 9, 8, 15         
                                1487                  9                   
аюул                            26, 549, 609, 979     19, 2, 2, 2         
байгууллага                     26, 66, 84, 139       28, 10, 2, 8        
                                181, 192, 201, 215    6, 11, 8, 8         
                                216, 227, 228, 230    8, 21, 8, 8         
                                240, 241, 243, 246    21, 21, 8, 4        
                                254, 263, 276, 285    22, 21, 27, 19      
                                286, 287, 288, 303    8, 8, 8, 37         
                                304, 307, 307, 307    37, 25, 42, 61      
                                309, 309, 310, 314    25, 31, 49, 8       
                                314, 315, 320, 321    27, 4, 8, 8         
                                382, 445, 446, 474    12, 10, 8, 17       
                                477, 485, 487, 499    21, 8, 8, 20        
                                504, 505, 508, 509    11, 11, 9, 9        
                                525, 525, 526, 529    8, 11, 7, 7         
                                530, 533, 535, 537    27, 12, 17, 15      
                                539, 539, 547, 551    8, 15, 5, 6         
                                555, 555, 572, 572    11, 14, 8, 35       
                                573, 574, 576, 580    17, 21, 34, 31      
                                594, 595, 596, 606    2, 8, 9, 4          
                                606, 612, 615, 621    10, 8, 11, 3        
                                621, 627, 630, 634    8, 2, 2, 8          
                                635, 637, 638, 659    21, 4, 3, 24        
                                661, 663, 664, 673    35, 36, 36, 5       
                                673, 674, 675, 675    20, 4, 2, 26        
                                679, 704, 710, 717    2, 11, 5, 26        
                                718, 840, 861, 869    20, 11, 2, 16       
                                875, 877, 885, 887    13, 43, 2, 18       
                                898, 909, 933, 935    4, 22, 35, 8        
                                970, 1007, 1018, 1018  8, 8, 27, 38        
                                1019, 1019, 1022, 1040  27, 38, 2, 8        
                                1066, 1069, 1107, 1160  8, 2, 42, 2         
                                1161, 1162, 1164, 1164  8, 8, 2, 22         
                                1166, 1167, 1169, 1171  19, 12, 20, 13      
                                1184, 1228, 1247, 1250  8, 8, 2, 14         
                                1259, 1260, 1260, 1274  17, 2, 18, 34       
                                1275, 1283, 1307, 1317  34, 5, 2, 2         
                                1318, 1319, 1327, 1339  4, 4, 2, 2          
                                1348, 1349, 1358, 1365  4, 9, 8, 15         
                                1367, 1373, 1431, 1433  2, 8, 12, 8         
                                1435, 1441, 1446, 1447  16, 13, 8, 8        
                                1489, 1491, 1521, 1571  32, 18, 8, 19       
                                1589, 1600, 1618, 1709  14, 18, 14, 10      
                                1710, 1714, 1715, 1740  10, 29, 29, 20      
                                1778                  8                   
гүйцэтгэгч                      26, 27, 90, 90        29, 22, 7, 17       
                                91, 460, 582, 644     15, 5, 10, 14       
                                645, 717, 838, 865    14, 16, 10, 13      
                                1089, 1161, 1186, 1201  2, 24, 11, 8        
                                1218, 1344, 1433, 1443  21, 12, 31, 9       
                                1669, 1670, 1733, 1735  38, 38, 7, 14       
                                1736, 1748, 1750, 1751  14, 7, 14, 14       
ажилгүй                         26, 27, 525, 555      30, 23, 4, 8        
                                595, 596              4, 6                
төрийн нууц                     27                    13                  
үйл ажиллагаа                   28, 37, 38, 44        11, 34, 34, 17      
                                45, 91, 95, 96        6, 3, 20, 20        
                                108, 109, 109, 109    18, 4, 19, 31       
                                156, 157, 160, 170    3, 17, 16, 11       
                                171, 171, 174, 175    4, 18, 4, 6         
                                195, 348, 349, 388    2, 3, 3, 13         
                                394, 396, 475, 570    3, 3, 6, 9          
                                576, 578, 594, 627    6, 7, 5, 5          
                                630, 635, 642, 644    3, 6, 9, 9          
                                645, 649, 650, 723    9, 7, 7, 48         
                                841, 877, 913, 914    3, 32, 3, 3         
                                953, 979, 1022, 1042  3, 7, 4, 16         
                                1069, 1160, 1168, 1168  4, 9, 3, 9          
                                1171, 1182, 1186, 1188  17, 3, 3, 3         
                                1238, 1250, 1256, 1258  13, 28, 9, 5        
                                1306, 1307, 1309, 1310  4, 8, 2, 8          
                                1312, 1312, 1313, 1314  2, 12, 6, 6         
                                1315, 1316, 1317, 1318  2, 2, 4, 5          
                                1323, 1326, 1328, 1338  2, 9, 12, 5         
                                1341, 1342, 1344, 1345  7, 7, 5, 10         
                                1348, 1350, 1351, 1367  5, 5, 3, 4          
                                1375, 1498, 1641, 1725  5, 3, 5, 3          
                                1778, 1779            15, 25              
салбар                          28, 372, 838, 887     10, 29, 5, 2        
                                1046, 1318, 1319, 1348  17, 2, 2, 2         
                                1481                  5                   
засгийн газрын өрийн баталгаа   29, 157, 881, 989     10, 4, 17, 19       
                                990, 1144, 1144, 1485  19, 5, 12, 5        
өр                              29, 37, 38, 91        5, 25, 25, 9        
                                100, 101, 103, 106    10, 10, 3, 2        
                                155, 171, 172, 384    5, 15, 5, 14        
                                384, 385, 385, 963    19, 14, 19, 2       
                                1180, 1198, 1345, 1354  5, 3, 6, 10         
                                1385, 1386, 1387, 1388  5, 5, 5, 5          
                                1399, 1400, 1428, 1431  6, 6, 4, 2          
                                1432, 1435, 1436, 1437  2, 2, 6, 14         
                                1441, 1443, 1452, 1453  2, 2, 9, 9          
                                1458, 1459, 1465, 1485  3, 3, 2, 3          
                                1495, 1495, 1497, 1540  3, 15, 2, 17        
                                1685, 1686, 1687, 1689  7, 7, 19, 19        
                                1690, 1695, 1696, 1705  19, 8, 8, 6         
                                1706, 1714, 1715, 1777  6, 7, 7, 12         
зам                             29, 143, 178, 881     7, 25, 11, 27       
                                882, 1356, 1617, 1656  18, 8, 8, 22        
                                1657, 1719            22, 21              
зээллэг                         29, 723, 989, 990     8, 53, 7, 7         
                                1440                  6                   
тодорхойлолт                    31                    6                   
хэрэглэгч                       32, 706               3, 13               
төсвийн хүрээний мэдэгдэл       35, 226, 329, 330     3, 3, 3, 3          
                                346, 379, 447, 707    3, 3, 3, 3          
                                911, 962, 1008        3, 3, 3             
дунд хугацааны төсвийн хүрээний мэдэгдэл  36, 43, 199, 201      4, 8, 15, 12        
                                204, 207, 210, 221    6, 7, 7, 14         
                                222, 227, 328, 347    14, 4, 9, 5         
                                348, 349, 457, 485    6, 6, 5, 27         
                                1097, 1501, 1793, 1794  5, 13, 2, 2         
төсөл                           36, 45, 148, 148      2, 10, 2, 10        
                                152, 178, 201, 204    14, 2, 17, 11       
                                207, 215, 216, 221    12, 16, 16, 13      
                                222, 223, 224, 229    13, 11, 11, 9       
                                346, 348, 349, 354    6, 21, 21, 2        
                                367, 370, 373, 374    5, 6, 15, 15        
                                379, 447, 448, 449    10, 6, 19, 19       
                                480, 485, 488, 490    4, 12, 8, 5         
                                499, 501, 512, 513    8, 5, 8, 8          
                                514, 515, 572, 619    5, 5, 17, 14        
                                619, 638, 841, 891    18, 16, 7, 4        
                                892, 897, 908, 916    2, 2, 9, 3          
                                917, 918, 919, 921    2, 2, 2, 4          
                                931, 931, 933, 933    5, 23, 8, 12        
                                935, 935, 938, 939    12, 23, 27, 27      
                                942, 946, 966, 970    9, 13, 23, 14       
                                978, 984, 994, 995    10, 22, 6, 6        
                                1000, 1001, 1006, 1007  12, 12, 3, 15       
                                1009, 1010, 1011, 1012  6, 18, 6, 7         
                                1014, 1016, 1017, 1018  6, 17, 17, 12       
                                1018, 1019, 1019, 1023  45, 12, 45, 6       
                                1025, 1029, 1034, 1036  32, 2, 7, 4         
                                1040, 1042, 1046, 1052  14, 4, 22, 7        
                                1053, 1055, 1064, 1070  7, 13, 7, 4         
                                1071, 1077, 1085, 1093  9, 4, 2, 6          
                                1102, 1106, 1107, 1107  5, 7, 12, 27        
                                1127, 1127, 1131, 1133  3, 12, 6, 7         
                                1136, 1139, 1142, 1151  5, 9, 11, 11        
                                1152, 1154, 1291, 1292  11, 3, 15, 15       
                                1294, 1362, 1389, 1390  17, 8, 3, 3         
                                1401, 1402, 1414, 1415  11, 11, 11, 11      
                                1471, 1509, 1554, 1555  26, 7, 8, 8         
                                1571, 1618, 1621, 1622  26, 21, 18, 18      
                                1689, 1690, 1711, 1712  14, 14, 6, 6        
                                1720, 1726, 1732, 1747  23, 6, 6, 7         
                                1766, 1769, 1769, 1793  9, 2, 12, 7         
                                1794, 1796            7, 5                
иргэн                           36, 67, 179, 249      32, 9, 3, 28        
                                251, 252, 253, 553    3, 19, 3, 5         
                                553, 555, 576, 580    11, 5, 20, 34       
                                596, 616, 616, 1148   3, 5, 13, 12        
                                1643, 1681, 1682, 1711  3, 32, 5, 8         
                                1712, 1717, 1718, 1720  8, 6, 6, 9          
                                1720, 1721, 1721, 1722  15, 8, 33, 3        
                                1724, 1732, 1747, 1760  5, 16, 17, 20       
                                1766, 1766, 1769      22, 25, 3           
санал                           36, 178, 179, 228     38, 16, 8, 15       
                                243, 309, 370, 373    15, 39, 9, 17       
                                374, 382, 459, 464    17, 8, 7, 14        
                                465, 480, 492, 499    14, 12, 13, 10      
                                516, 517, 933, 1000   13, 13, 13, 15      
                                1001, 1007, 1071, 1098  15, 19, 16, 9       
                                1101, 1107, 1245, 1274  9, 35, 8, 3         
                                1275, 1283, 1643, 1719  3, 17, 4, 28        
                                1720, 1720, 1721, 1722  5, 14, 12, 11       
                                1764, 1766, 1769      13, 23, 32          
арга хэмжээ                     37, 38, 106, 107      37, 37, 28, 6       
                                171, 177, 369, 574    7, 9, 12, 3         
                                840, 1062, 1096, 1228  13, 6, 7, 13        
                                1480, 1498, 1638, 1640  14, 9, 11, 9        
                                1643, 1777            13, 17              
мэдээ                           37, 38, 633, 1733     18, 18, 6, 16       
                                1748                  16                  
хөрөнгө                         37, 38, 45, 53        22, 22, 18, 13      
                                56, 57, 58, 59        9, 18, 31, 31       
                                63, 68, 72, 73        19, 26, 27, 27      
                                91, 92, 108, 109      8, 26, 5, 27        
                                115, 155, 340, 363    25, 4, 2, 2         
                                369, 416, 417, 472    28, 8, 8, 8         
                                474, 476, 619, 816    14, 6, 11, 3        
                                817, 835, 837, 839    3, 6, 32, 2         
                                841, 861, 907, 1006   12, 18, 5, 6        
                                1010, 1010, 1010, 1062  8, 11, 17, 10       
                                1093, 1120, 1144, 1159  4, 12, 16, 2        
                                1163, 1180, 1189, 1190  30, 4, 2, 8         
                                1193, 1193, 1198, 1243  8, 29, 2, 6         
                                1249, 1287, 1300, 1300  8, 4, 14, 27        
                                1311, 1314, 1365, 1365  2, 13, 8, 13        
                                1365, 1366, 1379, 1380  22, 13, 2, 2        
                                1383, 1384, 1440, 1471  4, 6, 7, 23         
                                1574, 1575, 1589, 1600  6, 6, 33, 35        
                                1611, 1695, 1696, 1739  5, 11, 11, 4        
                                1765, 1777            10, 11              
орлого                          37, 38, 43, 44        23, 23, 22, 2       
                                44, 44, 46, 47        13, 19, 9, 7        
                                69, 69, 69, 109       5, 16, 20, 24       
                                142, 143, 145, 155    5, 21, 4, 2         
                                157, 160, 476, 649    2, 8, 2, 15         
                                650, 653, 693, 710    15, 6, 5, 28        
                                720, 721, 721, 721    4, 2, 5, 8          
                                722, 723, 723, 723    2, 3, 42, 44        
                                723, 723, 726, 726    50, 62, 4, 6        
                                727, 728, 749, 749    4, 4, 5, 7          
                                752, 753, 754, 754    9, 8, 5, 7          
                                768, 768, 769, 769    3, 10, 3, 10        
                                778, 779, 782, 782    4, 4, 6, 8          
                                784, 784, 785, 786    10, 13, 9, 5        
                                786, 787, 787, 787    7, 3, 10, 17        
                                800, 801, 820, 820    13, 13, 3, 10       
                                821, 821, 824, 824    3, 10, 6, 8         
                                826, 826, 827, 828    10, 13, 9, 8        
                                829, 830, 832, 845    15, 11, 5, 6        
                                849, 850, 867, 868    4, 2, 2, 3          
                                874, 1068, 1069, 1090  10, 3, 6, 7         
                                1094, 1100, 1119, 1119  3, 3, 10, 15        
                                1160, 1175, 1180, 1186  11, 2, 2, 9         
                                1238, 1260, 1307, 1341  15, 6, 11, 10       
                                1342, 1344, 1350, 1367  10, 8, 8, 10        
                                1370, 1373, 1376, 1397  6, 11, 6, 5         
                                1398, 1408, 1409, 1535  5, 6, 6, 5          
                                1548, 1549, 1560, 1561  9, 9, 10, 10        
                                1566, 1567, 1577, 1584  15, 15, 7, 13       
                                1585, 1603, 1603, 1604  13, 8, 49, 8        
                                1604, 1621, 1621, 1622  49, 14, 30, 14      
                                1622, 1629, 1629, 1632  30, 7, 32, 6        
                                1632, 1645, 1648, 1692  8, 12, 12, 12       
                                1692, 1693, 1693, 1695  24, 12, 24, 12      
                                1696, 1699, 1700, 1777  12, 4, 4, 14        
зарлага                         37, 38, 43, 45        24, 24, 25, 2       
                                46, 48, 63, 65        10, 7, 20, 2        
                                72, 72, 73, 73        5, 28, 5, 28        
                                143, 145, 148, 148    11, 6, 6, 19        
                                155, 160, 381, 580    3, 18, 2, 9         
                                705, 708, 708, 834    10, 2, 13, 4        
                                835, 838, 849, 899    2, 2, 7, 2          
                                1073, 1094, 1099, 1120  18, 4, 4, 13        
                                1141, 1150, 1175, 1177  10, 10, 3, 2        
                                1180, 1220, 1239, 1260  3, 7, 4, 7          
                                1324, 1341, 1344, 1350  4, 4, 2, 2          
                                1480, 1481, 1513, 1516  5, 2, 9, 9          
                                1516, 1530, 1538, 1538  13, 5, 8, 14        
                                1613, 1614, 1617, 1639  8, 8, 6, 7          
                                1777                  15                  
төлбөр                          37, 38, 91, 91        26, 26, 10, 13      
                                98, 106, 150, 155     14, 3, 5, 6         
                                171, 172, 402, 407    16, 6, 10, 6        
                                439, 440, 516, 517    14, 14, 18, 18      
                                722, 723, 736, 737    10, 35, 8, 3        
                                739, 743, 746, 747    3, 8, 11, 11        
                                752, 756, 757, 767    6, 2, 2, 6          
                                776, 784, 796, 797    8, 7, 4, 7          
                                798, 799, 806, 808    6, 10, 8, 2         
                                809, 826, 835, 858    2, 7, 10, 5         
                                879, 880, 881, 881    7, 7, 16, 21        
                                882, 882, 963, 1050   5, 12, 3, 8         
                                1052, 1053, 1107, 1133  8, 8, 30, 30        
                                1144, 1177, 1179, 1179  9, 3, 10, 13        
                                1180, 1186, 1198, 1200  6, 7, 4, 3          
                                1243, 1257, 1257, 1290  21, 7, 13, 9        
                                1345, 1354, 1391, 1392  7, 11, 2, 2         
                                1428, 1431, 1432, 1432  5, 3, 3, 10         
                                1435, 1441, 1443, 1443  3, 3, 3, 8          
                                1465, 1495, 1497, 1499  3, 18, 3, 11        
                                1629, 1629, 1777      6, 31, 13           
орц                             37, 38, 1073, 1096    41, 41, 4, 11       
                                1530                  15                  
орон нутгийн төсөв              44, 63, 684, 685      9, 7, 8, 8          
                                1150, 1530            12, 8               
төсвийн  зарлага                47, 142, 143, 837     4, 3, 17, 42        
                                1120, 1190, 1193, 1246  6, 2, 2, 25         
                                1325, 1342            7, 3                
төсвийн зарлага                 47, 142, 143, 837     4, 3, 17, 42        
                                1120, 1190, 1193, 1246  6, 2, 2, 25         
                                1325, 1342            7, 3                
этгээд                          49, 50, 90, 98        4, 4, 32, 7         
                                168, 170, 639, 640    11, 9, 2, 2         
                                865, 1769             4, 20               
шалгуур үзүүлэлт                52, 707, 931, 935     12, 6, 19, 18       
                                1025, 1096, 1212      19, 16, 7           
эд хөрөнгө                      53, 407, 723, 752     8, 3, 32, 3         
                                762, 763, 784, 826    3, 3, 4, 4          
                                861, 1697, 1698       20, 11, 11          
эдийн засгийн дэлгэрэнгүй ангилал  54, 716               6, 12               
төсвийн алдагдал                56, 143, 830, 1141    4, 13, 16, 13       
                                1537                  3                   
шилжүүлэг                       57, 587, 1507, 1510   2, 8, 9, 17         
                                1525, 1531, 1579, 1591  3, 7, 12, 12        
                                1599, 1610, 1656, 1657  12, 7, 27, 27       
                                1683, 1702            3, 3                
захиргааны байгууллага          58, 59, 84, 494       25, 25, 27, 8       
                                495, 497, 639, 640    8, 6, 16, 16        
                                942, 946, 966, 974    18, 6, 6, 6         
                                984, 1000, 1001, 1250  6, 21, 21, 25       
                                1635                  15                  
хөрөнгө оруулалт                63, 352, 367, 369     2, 2, 2, 6          
                                370, 433, 485, 490    2, 2, 10, 2         
                                501, 514, 515, 569    2, 2, 2, 13         
                                574, 710, 921, 929    8, 21, 2, 4         
                                931, 931, 933, 935    2, 14, 6, 10        
                                937, 938, 938, 939    4, 2, 25, 2         
                                939, 951, 984, 989    25, 5, 18, 2        
                                990, 1000, 1000, 1001  2, 2, 10, 2         
                                1001, 1007, 1009, 1012  10, 13, 2, 5        
                                1014, 1017, 1018, 1018  4, 15, 10, 43       
                                1019, 1019, 1022, 1023  10, 43, 15, 4       
                                1025, 1027, 1042, 1046  2, 2, 2, 2          
                                1062, 1136, 1196, 1291  4, 8, 8, 13         
                                1292, 1318, 1348, 1480  13, 10, 10, 12      
                                1483, 1554, 1555, 1689  25, 6, 6, 12        
                                1690, 1711, 1712, 1719  12, 4, 4, 11        
                                1769, 1777            10, 19              
хөнгөлөлт                       65, 171, 480, 619     12, 12, 10, 6       
                                877, 1294, 1364, 1471  30, 14, 18, 18      
шийдвэр                         66, 144, 145, 178     11, 16, 12, 13      
                                179, 362, 678, 911    14, 4, 9, 9         
                                1349, 1365, 1500      24, 16, 6           
нийслэл                         67, 248, 249, 251     6, 2, 2, 2          
                                254, 274, 275, 276    2, 2, 2, 2          
                                277, 278, 303, 304    17, 17, 2, 2        
                                545, 553, 555, 557    12, 2, 2, 2         
                                587, 596, 602, 613    16, 2, 19, 2        
                                615, 616, 618, 661    2, 2, 2, 13         
                                661, 672, 673, 673    18, 21, 2, 30       
                                691, 692, 692, 754    6, 2, 18, 2         
                                782, 785, 832, 845    2, 5, 7, 2          
                                869, 920, 1166, 1167  19, 12, 9, 14       
                                1169, 1171, 1171, 1203  23, 6, 20, 11       
                                1259, 1274, 1275, 1408  20, 42, 42, 2       
                                1409, 1456, 1457, 1521  2, 2, 2, 11         
                                1521, 1533, 1539, 1548  14, 27, 11, 3       
                                1549, 1579, 1584, 1585  3, 2, 4, 4          
                                1644, 1645, 1648, 1650  10, 2, 2, 11        
                                1650, 1669, 1670, 1681  33, 2, 2, 2         
                                1682, 1683, 1687, 1697  2, 12, 2, 9         
                                1698, 1705, 1706, 1711  9, 8, 8, 7          
                                1712, 1724, 1729, 1730  7, 2, 4, 4          
                                1731, 1742, 1748, 1750  2, 2, 22, 2         
                                1751, 1754, 1760, 1764  2, 16, 2, 2         
                                1766, 1766            2, 19               
сум                             67, 545, 545, 553     7, 13, 14, 3        
                                555, 557, 613, 613    3, 3, 3, 4          
                                616, 618, 673, 691    3, 3, 17, 7         
                                692, 827, 869, 1166   10, 4, 20, 12       
                                1167, 1171, 1203, 1274  15, 24, 12, 43      
                                1275, 1521, 1548, 1549  43, 18, 2, 2        
                                1579, 1580, 1589, 1644  15, 9, 22, 11       
                                1645, 1648, 1669, 1670  20, 26, 3, 3        
                                1681, 1682, 1721, 1721  3, 3, 13, 31        
                                1724, 1760, 1764, 1766  3, 3, 4, 3          
                                1766                  20                  
улсын  төсөв                    68, 231, 232, 264     17, 3, 3, 8         
                                265, 329, 330, 404    8, 11, 11, 8        
                                684, 685, 692, 844    6, 6, 8, 10         
                                1078, 1079, 1111, 1112  3, 3, 13, 13        
                                1193, 1274, 1275, 1406  16, 5, 5, 10        
                                1407, 1443, 1456, 1457  10, 5, 5, 5         
                                1510, 1554, 1555, 1579  12, 21, 21, 9       
                                1650, 1687            38, 10              
улсын төсөв                     68, 231, 232, 264     17, 3, 3, 8         
                                265, 329, 330, 404    8, 11, 11, 8        
                                684, 685, 692, 844    6, 6, 8, 10         
                                1078, 1079, 1111, 1112  3, 3, 13, 13        
                                1193, 1274, 1275, 1406  16, 5, 5, 10        
                                1407, 1443, 1456, 1457  10, 5, 5, 5         
                                1510, 1554, 1555, 1579  12, 21, 21, 9       
                                1650, 1687            38, 10              
хангагч                         68, 106, 106, 133     15, 9, 23, 4        
                                134, 136, 140, 141    7, 4, 8, 9          
                                152, 154, 173, 175    28, 11, 9, 11       
                                176, 177, 179, 354    16, 24, 25, 16      
                                372, 394, 395, 396    13, 6, 10, 7        
                                463, 473, 568, 570    16, 12, 10, 11      
                                580, 594, 906, 970    18, 10, 11, 21      
                                1027, 1046, 1058, 1087  11, 9, 9, 7         
                                1111, 1112, 1244, 1250  12, 12, 8, 11       
                                1260, 1307, 1460, 1461  15, 5, 8, 8         
                                1462, 1463, 1493, 1496  5, 5, 35, 14        
                                1533, 1717, 1718, 1769  16, 10, 10, 28      
                                1778                  21                  
орон нутгийн чиг үүрэг          72, 73                14, 14              
нэгжийн удирдлага               72, 73                11, 11              
орон нутгийн төсвийн суурь орлого  79                    8                   
орон нутгийн төсвийн суурь зарлага  79, 1546, 1547        14, 5, 5            
нийгмийн даатгал                80, 110, 1248         6, 7, 4             
хүн                             81, 82, 768, 769      6, 6, 2, 2          
                                787, 787, 800, 801    2, 16, 12, 12       
                                820, 821, 863, 1581   2, 2, 2, 10         
                                1582, 1597, 1597      10, 22, 29          
хуулийн этгээдийн улсын бүртгэл  84                    14                  
улсын бүртгэл                   84, 639, 640          22, 3, 3            
төсвийн ерөнхийлөн захирагч     86, 89, 303, 304      4, 5, 3, 3          
                                308, 309, 310, 347    5, 5, 38, 11        
                                457, 522, 595, 596    11, 4, 13, 14       
                                656, 658, 659, 661    10, 8, 9, 3         
                                661, 708, 710, 897    19, 9, 12, 4        
                                1076, 1203, 1224, 1274  10, 6, 8, 22        
                                1275, 1608            22, 3               
төсвийн төвлөрүүлэн захирагч    86, 581, 587, 658     7, 11, 11, 12       
                                663, 664, 713, 1227   17, 17, 8, 5        
                                1285                  5                   
шуудан                          86, 88, 89, 283       12, 14, 2, 2        
                                297, 525, 581, 586    2, 5, 17, 9         
                                589, 591, 593, 594    7, 13, 4, 18        
                                595, 595, 596, 626    5, 10, 11, 2        
                                642, 658, 715, 1227   18, 15, 2, 2        
                                1266, 1267, 1268, 1268  2, 6, 2, 5          
                                1269, 1270, 1271, 1285  8, 2, 2, 12         
                                1313, 1313, 1314, 1314  10, 12, 9, 11       
                                1589, 1600            28, 30              
эрх бүхий этгээд                87, 88, 89, 179       23, 26, 24, 10      
                                1230, 1245, 1246      13, 18, 21          
хяналт тавих                    87, 88, 176, 177      17, 17, 13, 21      
                                340, 357, 460, 474    6, 3, 6, 24         
                                628, 1042, 1174, 1178  17, 10, 6, 6        
                                1231, 1244, 1343, 1431  10, 3, 12, 13       
                                1531, 1725, 1726, 1777  23, 9, 10, 8        
төсвийн ерөнхий данс            92, 194, 1299, 1320   11, 28, 32, 8       
                                1321, 1335            8, 15               
харилцах данс                   92, 93                27, 12              
өрийн хэрэгсэл                  98                    3                   
бусад этгээд                    98, 404, 422, 479     8, 6, 11, 11        
                                852, 1298, 1363       6, 6, 6             
үнэт цаас                       100, 101, 439, 440    7, 7, 12, 12        
                                516, 517, 881         16, 16, 12          
зээл                            100, 101, 160, 171    6, 6, 11, 14        
                                364, 365, 388, 464    3, 3, 4, 12         
                                465, 492, 516, 517    12, 10, 10, 10      
                                619, 638, 835, 843    7, 13, 13, 5        
                                844, 1093, 1102, 1257  14, 2, 6, 3         
                                1257, 1258, 1290, 1294  9, 20, 5, 15        
                                1364, 1404, 1405, 1406  19, 5, 5, 14        
                                1407, 1412, 1413, 1432  14, 7, 7, 4         
                                1454, 1455, 1465, 1465  14, 14, 7, 9        
                                1471, 1495, 1539, 1714  19, 13, 15, 4       
                                1715                  4                   
үндэсний аюулгүй байдал         106, 1250             11, 8               
хувийн хэвшлийн түншлэгч        106, 107, 1048, 1133  32, 10, 2, 17       
мөрдөгч                         107, 122, 233, 257    34, 30, 44, 44      
                                266, 279, 292, 331    44, 44, 44, 44      
                                450, 483, 665, 686    44, 23, 44, 44      
                                992, 1017, 1045, 1047  30, 22, 23, 23      
                                1049, 1051, 1054, 1056  23, 23, 23, 23      
                                1080, 1108, 1113, 1134  44, 23, 44, 23      
                                1276, 1439, 1452, 1453  44, 30, 14, 14      
                                1792, 1793, 1794, 1797  17, 47, 47, 18      
                                1798, 1800, 1805      18, 112, 15         
эрүүл мэндийн даатгал           110, 110              10, 17              
олон улсын байгууллага          115, 877, 1294, 1364  4, 8, 11, 14        
                                1412, 1413, 1571, 1618  3, 3, 23, 18        
шугам                           115, 619, 638, 1471   11, 3, 8, 14        
тэтгэвэр                        117, 117, 118, 118    2, 8, 2, 8          
                                1063, 1248            6, 6                
үйл ажиллагааны зардал          123, 1313, 1314, 1327  21, 2, 2, 3         
төрийн үйлчилгээ                123, 1046, 1358, 1373  11, 15, 6, 6        
аймаг, нийслэл, хотын хөгжлийн жилийн төлөвлөгөө  130, 131              5, 5                
төсвийн захирагч                139, 1229, 1237, 1743  9, 8, 3, 7          
                                1757                  7                   
төсвийн тодотгол                143, 348, 349, 379    28, 19, 19, 8       
                                1014, 1139, 1148, 1149  11, 7, 7, 3         
                                1149, 1152, 1153, 1262  9, 3, 7, 10         
                                1796                  3                   
нутгийн өөрөө удирдах байгууллага  144, 146              7, 4                
дүгнэлт                         144, 179, 246, 309    22, 9, 9, 40        
                                318, 318, 373, 374    8, 22, 18, 18       
                                387, 499, 1006, 1431  17, 11, 24, 15      
                                1433, 1483, 1769, 1777  26, 21, 33, 26      
төсвийн хөрөнгө оруулалт        152, 152, 881, 882    10, 23, 22, 13      
                                994, 995, 1040, 1042  2, 2, 10, 19        
                                1509                  3                   
төсвийн төсөл                   152, 244, 245, 246    7, 4, 4, 6          
                                247, 249, 251, 252    5, 8, 9, 8          
                                253, 348, 349, 373    9, 17, 17, 8        
                                374, 379, 410, 411    8, 6, 7, 7          
                                448, 449, 458, 566    15, 15, 2, 5        
                                889, 890, 909, 920    1, 1, 7, 3          
                                1057, 1058, 1065, 1066  7, 5, 12, 19        
                                1076, 1078, 1079, 1430  8, 17, 17, 11       
                                1681, 1732, 1733, 1747  22, 3, 11, 3        
                                1748, 1760, 1761, 1763  11, 9, 3, 11        
                                1766                  5                   
стандарт                        156, 462, 463, 463    12, 11, 6, 13       
                                718, 841, 884, 885    9, 22, 5, 11        
                                887, 954, 1472, 1527  10, 6, 18, 6        
                                1530, 1778            13, 17              
гадаад зээл                     157, 572, 881, 1040   8, 13, 9, 25        
гадаадын зээл                   157, 572, 881, 1040   8, 13, 9, 25        
хэлцэл                          157                   16                  
хандив                          160, 852, 853, 860    12, 10, 18, 6       
                                861, 864, 868, 869    24, 10, 2, 5        
                                870, 871, 1298, 1363  17, 8, 10, 9        
                                1571, 1618, 1635      16, 10, 18          
аж ахуйн нэгж                   167, 675, 837         2, 9, 6             
төрийн бус байгууллага          167, 179, 372, 877    5, 4, 23, 5         
                                1571, 1639            8, 4                
ажил гүйцэтгэх, үйлчилгээ үзүүлэх  168                   7                   
бараа                           168, 177, 351, 839    5, 16, 7, 3         
                                1064, 1179, 1243, 1243  3, 2, 9, 14         
                                1326, 1482, 1560, 1561  4, 5, 3, 3          
                                1739                  6                   
нээлт                           168, 174, 1260, 1707  14, 7, 21, 10       
                                1708, 1719            10, 27              
сонгогч                         168, 168, 370, 1720   15, 18, 13, 27      
болзошгүй өр төлбөр             171, 1052, 1053, 1103  20, 10, 10, 9       
                                1133, 1379, 1380, 1429  31, 3, 3, 3         
                                1430, 1433, 1465, 1495  3, 10, 21, 4        
хүртээмжтэй байдал              174, 1770             18, 12              
тал                             174, 181, 327, 345    13, 17, 5, 4        
                                378, 387, 437, 438    10, 16, 11, 11      
                                446, 487, 499, 508    11, 11, 9, 12       
                                509, 565, 590, 626    12, 6, 8, 6         
                                628, 830, 1087, 1228  5, 21, 8, 22        
                                1231, 1237, 1310, 1435  7, 7, 10, 4         
                                1589, 1589, 1600, 1600  9, 17, 13, 21       
                                1719, 1724, 1731, 1746  22, 13, 10, 10      
                                1769                  31                  
талууд                          174, 181, 327, 345    13, 17, 5, 4        
                                378, 387, 437, 438    10, 16, 11, 11      
                                446, 487, 499, 508    11, 11, 9, 12       
                                509, 565, 590, 626    12, 6, 8, 6         
                                628, 830, 1087, 1228  5, 21, 8, 22        
                                1231, 1237, 1310, 1435  7, 7, 10, 4         
                                1589, 1589, 1600, 1600  9, 17, 13, 21       
                                1719, 1724, 1731, 1746  22, 13, 10, 10      
                                1769                  31                  
ачаа                            178, 946, 952, 974    5, 17, 2, 18        
                                994, 995, 1025, 1071  12, 12, 29, 5       
                                1720, 1721            20, 19              
зохион байгуулагч               190, 192, 395, 485    13, 15, 7, 38       
                                1174, 1235, 1707, 1708  3, 5, 12, 12        
                                1732, 1747            12, 13              
тохиолдол                       194, 362, 425, 658    8, 9, 9, 7          
                                844, 861, 864, 1021   9, 8, 2, 14         
                                1098, 1139, 1142, 1148  6, 4, 8, 4          
                                1151, 1161, 1170, 1222  8, 15, 7, 4         
                                1307, 1315, 1351, 1406  6, 17, 7, 9         
                                1407, 1421, 1422, 1487  9, 9, 9, 11         
                                1513, 1516, 1521, 1540  13, 11, 29, 16      
                                1589, 1600            20, 24              
төрөлжсөн мэргэшил              196                   11                  
эмнэлэг                         196, 196              13, 15              
баримт бичиг                    199, 199, 201, 204    8, 12, 10, 4        
                                207, 210              5, 5                
жилийн төсвийн хязгаар          226, 227, 228, 229    10, 10, 12, 6       
                                230, 347, 379, 457    12, 15, 12, 15      
                                569, 906, 912, 1008   17, 5, 4, 7         
                                1038                  2                   
удирдамж@@                      230, 458, 909, 910    16, 5, 14, 2        
                                913, 914, 920         8, 8, 9             
ирээдүйн өв сангийн төсөв       231, 232, 233, 255    5, 5, 11, 3         
                                256, 257, 264, 265    3, 11, 10, 10       
                                266, 277, 278, 279    11, 3, 3, 11        
                                290, 291, 292, 329    3, 3, 11, 13        
                                330, 331, 448, 449    13, 11, 3, 3        
                                450, 663, 664, 665    11, 3, 3, 11        
                                684, 685, 686, 1078   11, 11, 11, 5       
                                1079, 1080, 1111, 1112  5, 11, 15, 15       
                                1113, 1274, 1275, 1276  11, 7, 7, 11        
нийгмийн даатгалын сангийн төсөв  231, 232, 233, 255    9, 9, 4, 7          
                                256, 257, 264, 265    7, 4, 14, 14        
                                266, 277, 278, 279    4, 7, 7, 4          
                                290, 291, 292, 329    7, 7, 4, 17         
                                330, 331, 448, 449    17, 4, 7, 7         
                                450, 663, 664, 665    4, 7, 7, 4          
                                684, 685, 686, 1078   15, 15, 4, 9        
                                1079, 1080, 1111, 1112  9, 4, 19, 19        
                                1113, 1274, 1275, 1276  4, 11, 11, 4        
эрүүл мэндийн даатгалын сан     231, 232, 255, 256    13, 13, 11, 11      
                                264, 265, 448, 449    18, 18, 11, 11      
                                663, 664, 1078, 1079  11, 11, 13, 13      
                                1111, 1112, 1274, 1275  23, 23, 15, 15      
                                1800, 1800, 1800      22, 46, 83          
төсвийн шууд захирагч           238, 239, 262, 597    5, 8, 9, 4          
                                662, 663, 664, 673    5, 21, 21, 9        
                                673, 674, 713, 714    21, 5, 17, 8        
төрийн аудитын байгууллага      249, 297, 298, 299    17, 33, 36, 41      
                                300, 303, 304, 310    41, 18, 18, 25      
                                1163                  16                  
гишүүн                          264, 265, 378, 437    7, 7, 7, 8          
                                438, 439, 440, 516    8, 21, 21, 25       
                                517, 539, 832, 994    25, 3, 18, 22       
                                995, 1286, 1343, 1443  22, 15, 21, 18      
                                1443, 1490, 1660, 1661  25, 18, 16, 16      
эрүүл мэндийн даатгалын сангийн төсөв  277, 278, 290, 291    11, 11, 11, 11      
                                329, 330, 684, 685    21, 21, 19, 19      
                                1800, 1800            33, 95              
санхүүгийн тайлан               310, 1470, 1470, 1471  16, 10, 31, 10      
                                1471                  28                  
тайлан                          315, 461, 572, 633    11, 4, 18, 7        
                                1072, 1199, 1310, 1469  5, 4, 2, 7          
                                1470, 1473, 1474, 1475  17, 3, 5, 3         
                                1476, 1477, 1479, 1488  3, 3, 3, 11         
төрийн байгууллага              324, 325              3, 3                
улсын хөгжлийн жилийн төлөвлөгөө  329, 330, 348, 349    7, 7, 12, 12        
                                373, 374              11, 11              
үнэт цаас гаргагч               341, 342              3, 3                
зөвшөөрөл                       341, 342, 384, 385    6, 6, 21, 21        
                                468, 482, 794, 795    4, 9, 9, 9          
                                1016, 1029, 1161, 1162  15, 8, 9, 11        
                                1163, 1284, 1315, 1709  26, 12, 5, 11       
                                1710, 1711, 1712      11, 12, 12          
засгийн газрын үнэт цаас        359, 360, 398, 399    5, 5, 6, 6          
                                402, 439, 440, 464    5, 5, 5, 6          
                                465, 492, 516, 517    6, 5, 5, 5          
журам                           367, 370, 380, 410    12, 15, 10, 10      
                                411, 428, 429, 675    10, 14, 14, 18      
                                717, 832, 853, 868    18, 10, 16, 5       
                                872, 875, 875, 877    13, 5, 15, 35       
                                1164, 1182, 1186, 1186  14, 5, 5, 12        
                                1188, 1260, 1286, 1341  5, 26, 8, 12        
                                1343                  14                  
мэргэжлийн холбоо               372                   26                  
зөвлөл                          372, 373, 374, 376    43, 6, 6, 6         
                                545, 545, 549, 549    3, 8, 4, 9          
                                609, 609, 611, 611    4, 9, 3, 9          
                                1076                  6                   
заавар                          380, 909, 918, 920    9, 11, 7, 7         
                                1186, 1186, 1188      6, 13, 6            
хуулийн төсөл                   387                   5                   
дотоод аудит                    395, 475, 1224, 1777  3, 2, 15, 33        
                                1778                  12                  
хяналт шалгалт                  395, 475, 1773, 1774  5, 4, 1, 1          
                                1777, 1780            22, 5               
нийтлэг журам                   416, 417, 719         11, 11, 22          
мэдээлэл                        422, 478, 479, 634    8, 9, 8, 10         
                                676, 677, 678, 678    4, 12, 2, 6         
                                679, 679, 679, 705    6, 10, 15, 6        
                                1052, 1053, 1107, 1107  16, 16, 14, 46      
                                1133, 1133, 1133, 1133  5, 23, 34, 50       
                                1429, 1430, 1435, 1441  7, 7, 6, 17         
                                1460, 1461, 1485, 1489  4, 4, 9, 24         
                                1490, 1492, 1502, 1728  5, 12, 5, 9         
гарын үсэг зурах                425                   24                  
гадаадын тусламж                425                   10                  
хэлэлцээр                       425, 425, 1499        17, 20, 4           
үнэлгээ                         433, 485, 929, 931    5, 14, 7, 17        
                                931, 933, 935, 935    21, 10, 14, 20      
                                1025, 1040, 1086, 1496  21, 18, 8, 29       
өрийн үйлчилгээ                 469, 470, 879, 880    7, 7, 5, 5          
                                881, 882, 1692, 1693  14, 10, 15, 15      
мэргэжил                        473                   8                   
зарцуулалтын эрх                476, 1181             11, 12              
хураамж                         480, 722, 738, 794    8, 11, 3, 10        
                                795, 804              10, 4               
хариуцагч                       525, 555, 580, 582    6, 9, 44, 9         
                                594, 595, 596, 1018   14, 6, 7, 28        
                                1019                  28                  
авто зам                        535, 602              4, 22               
биеийн тамир                    537, 602              3, 31               
спорт                           537, 602              5, 33               
шүүх                            543, 1250             5, 12               
шүүгч                           543, 1250             5, 12               
прокурор                        547, 547, 614, 614    3, 4, 3, 10         
                                615, 615, 1250        3, 10, 13           
аудитын үйл ажиллагаа           575, 632              6, 2                
зохиогч                         578, 635, 839, 1331   24, 23, 12, 7       
                                1333                  16                  
ажилтан                         582, 866, 1187, 1247  15, 2, 3, 3         
                                1311, 1346, 1347, 1349  6, 4, 2, 11         
боомт                           602                   14                  
хөрөнгийг удирдах               628                   13                  
хандивлагч орон                 638                   4                   
шинжээч                         642, 1788             5, 10               
эргэлтийн сан                   652, 653, 1300        5, 4, 11            
нэгдсэн төсөв                   684, 685              3, 3                
төсөл, арга хэмжээ              710, 923, 925, 927    23, 7, 5, 3         
                                979, 980, 989, 990    10, 8, 27, 27       
                                1025, 1027, 1136, 1136  8, 5, 10, 18        
                                1328, 1337, 1440, 1653  9, 2, 10, 8         
                                1719                  14                  
албан татвар                    722, 727, 728, 731    8, 5, 5, 3          
                                732, 733, 734, 755    2, 2, 5, 3          
                                762, 763, 766, 768    5, 5, 6, 4          
                                768, 769, 769, 774    12, 4, 12, 4        
                                778, 779, 787, 787    5, 5, 4, 12         
                                787, 790, 800, 801    18, 4, 14, 14       
                                803, 813, 816, 817    2, 4, 4, 4          
                                820, 820, 821, 821    4, 12, 4, 12        
                                877, 877, 1560, 1561  23, 27, 8, 8        
                                1632                  4                   
хувьцаа                         723, 750, 783, 825    24, 20, 15, 15      
торгууль                        723, 784, 826         43, 12, 12          
туслагч                         723, 1307, 1314       47, 7, 5            
түлш                            734                   4                   
нөөц ашигласны төлбөр           735, 741, 794, 1566   3, 3, 2, 12         
                                1567, 1577, 1597, 1621  12, 4, 8, 11        
                                1621, 1622, 1622      27, 11, 27          
ашиглалтын тусгай зөвшөөрөл     736, 743, 776, 806    5, 5, 5, 5          
                                1629, 1648, 1650      28, 20, 26          
хайгуул                         736, 743, 776, 806    3, 3, 3, 3          
                                1648, 1650            18, 24              
улсын тэмдэгтийн хураамж        738, 775, 793         8, 6, 6             
генетик нөөцтэй холбоотой уламжлалт мэдлэг  746, 747              3, 3                
төрийн өмчийн оролцоотой хуулийн этгээд  750                   4                   
ус                              767, 799              5, 7                
хүү                             784, 826, 1257, 1290  11, 11, 6, 8        
                                1495                  17                  
галт зэвсэг                     790                   2                   
амьтан                          794                   6                   
ургамал                         796, 1632             2, 42               
ашигт малтмал                   798, 1566, 1567, 1597  3, 10, 10, 6        
                                1597, 1621, 1621, 1622  14, 9, 25, 9        
                                1622, 1629, 1645, 1648  25, 26, 16, 16      
                                1650                  22                  
рашаан                          799                   8                   
санхүүгийн хэрэгсэл             837                   37                  
төрийн сангийн нэгдсэн данс     874, 1159, 1160, 1161  11, 5, 12, 20       
                                1163, 1163, 1164, 1193  2, 31, 3, 11        
буяны байгууллага               877                   12                  
хүмүүнлэгийн тусламж            877                   17                  
аккруэл суурь                   885, 886              14, 4               
бодлогын зорилт                 903, 904              3, 3                
тайлбар                         911, 1065, 1092, 1096  10, 18, 14, 20      
                                1097, 1099, 1501      13, 7, 34           
хүсэлт                          917, 1766             4, 24               
улсын хөрөнгө оруулалтын хөтөлбөр  942, 946, 966, 970    4, 8, 13, 9         
                                981                   9                   
эрсдэлийн үнэлгээ               963, 1089, 1448, 1449  7, 5, 5, 5          
батлан хамгаалах                979                   5                   
гамшиг                          980                   2                   
төр, хувийн хэвшлийн түншлэл    989, 989, 990, 990    10, 15, 10, 15      
                                992, 1040, 1046, 1046  5, 21, 18, 23       
                                1048, 1055, 1133, 1439  7, 14, 36, 5        
банк                            989, 990, 1162        24, 24, 12          
ашиглалт                        1006, 1329            7, 10               
тоног төхөөрөмж                 1010, 1329            13, 8               
барилга байгууламж              1012, 1025, 1329      3, 6, 6             
зураг төсөл                     1031                  9                   
магадлал                        1031, 1433            17, 18              
мэдээллийн сан                  1042, 1458, 1459      12, 7, 7            
систем                          1042, 1178            24, 4               
нийтийн зориулалттай дэд бүтэц  1046                  11                  
санхүүгийн дэмжлэг              1063, 1125, 1508, 1521  9, 7, 13, 22        
                                1552, 1553, 1764      4, 4, 9             
тэтгэмж                         1063, 1248            7, 7                
танилцуулга                     1078, 1079, 1085, 1096  23, 23, 3, 21       
                                1107, 1483, 1484, 1760  13, 10, 5, 16       
                                1761, 1763            5, 14               
объект                          1093                  12                  
орлогын шилжүүлэг               1125, 1509, 1521, 1550  5, 17, 24, 4        
                                1551, 1660, 1661, 1764  4, 5, 5, 11         
засгийн газрын баталгаа         1133                  43                  
төрөөс үзүүлэх дэмжлэг          1133                  46                  
бүтээгдэхүүн                    1141                  17                  
төрийн сангийн үйл ажиллагаа    1171                  26                  
зах зээл                        1190                  12                  
эрүүл мэнд                      1250                  3                   
өрийн бичиг                     1290                  3                   
тэмдэглэл                       1349                  22                  
өрийг дахин санхүүжүүлэх        1395, 1396            7, 7                
эрсдэл                          1432, 1443            9, 10               
холбогдох этгээд                1435                  7                   
даруй                           1435                  18                  
засгийн газрын өрийн удирдлага  1446, 1447            9, 9                
засгийн газрын өр               1499                  8                   
уригч                           1538                  4                   
газрын тос                      1577                  2                   
олборлолт                       1597, 1645            16, 18              
нэмэгдэл                        1617                  11                  
хайгуулын тусгай зөвшөөрөл      1629                  3                   
халдварт өвчнөөс урьдчилан сэргийлэх  1632                  25                  
эрүүл мэндийг хамгаалах         1632                  22                  
гамшгаас хамгаалах              1632                  34                  
мал                             1632, 1632, 1632      21, 29, 40          
тусгай зөвшөөрөл                1635                  11                  
сангийн хөрөнгө                 1637, 1719            4, 8                
ой                              1640                  8                   
ашигт малтмал ашиглах           1650                  7                   
улсын нийслэл                   1669, 1670            22, 22              
сонсогч                         1728                  10                  
зөвлөмж                         1777                  27                  
аудитор                         1777, 1780            38, 2               
