File: MNCLW00021.txt
Search Method: Trie (MWE + Single-Word)
Total runtime: 0.075508s
Found terms: 2546

Term                            Line                  Word Place          

төрийн ордон                    5                     1                   
нийслэл                         6, 11, 12, 13         2, 6, 4, 2          
                                25, 26, 43, 46        4, 2, 16, 12        
                                54, 59, 81, 91        17, 9, 9, 30        
                                121, 122, 123, 128    6, 17, 2, 11        
                                136, 140, 160, 160    6, 5, 6, 11         
                                162, 169, 169, 183    2, 2, 7, 4          
                                184, 184, 186, 188    2, 12, 2, 2         
                                190, 191, 191, 192    2, 2, 9, 2          
                                198, 204, 212, 213    2, 2, 9, 5          
                                216, 218, 220, 251    2, 11, 13, 2        
                                266, 327, 329, 332    36, 7, 10, 7        
                                410, 488, 494, 496    9, 3, 6, 2          
                                496, 624, 678, 683    15, 27, 14, 6       
                                768, 769, 791, 900    25, 27, 7, 10       
                                936, 936, 937, 937    33, 37, 41, 51      
                                986, 987, 998, 999    4, 2, 4, 14         
сум                             6, 11, 12, 13         3, 7, 5, 3          
                                25, 26, 43, 46        5, 3, 15, 11        
                                54, 81, 91, 121       16, 8, 31, 7        
                                128, 135, 135, 138    10, 15, 22, 5       
                                138, 140, 144, 147    10, 4, 6, 3         
                                147, 160, 160, 162    8, 14, 19, 3        
                                162, 169, 169, 200    24, 11, 16, 7       
                                204, 205, 205, 230    6, 11, 16, 11       
                                251, 264, 266, 275    3, 11, 34, 2        
                                276, 277, 288, 296    2, 2, 16, 6         
                                327, 329, 332, 410    6, 9, 6, 8          
                                488, 494, 496, 496    2, 17, 18, 26       
                                547, 678, 683, 774    16, 13, 5, 4        
                                791, 798, 927, 936    5, 35, 6, 23        
                                936, 937, 937, 986    27, 31, 35, 5       
                                987, 998, 999         3, 5, 15            
иргэн                           6, 11, 11, 12         5, 9, 26, 7         
                                13, 16, 17, 17        5, 6, 12, 25        
                                19, 21, 21, 25        23, 4, 26, 7        
                                26, 41, 42, 42        5, 5, 14, 16        
                                43, 46, 49, 54        33, 36, 13, 32      
                                58, 61, 81, 135       6, 4, 11, 2         
                                136, 137, 138, 144    2, 2, 6, 8          
                                150, 189, 205, 205    3, 9, 3, 13         
                                210, 256, 264, 270    13, 15, 13, 5       
                                272, 273, 274, 278    10, 17, 10, 7       
                                278, 284, 286, 287    13, 12, 3, 5        
                                296, 312, 314, 320    8, 21, 12, 5        
                                321, 338, 346, 373    16, 36, 36, 9       
                                396, 413, 430, 441    5, 6, 3, 3          
                                449, 505, 509, 547    17, 16, 7, 18       
                                549, 656, 696, 699    3, 5, 9, 3          
                                702, 713, 717, 734    4, 17, 3, 2         
                                740, 745, 747, 805    30, 7, 20, 8        
                                807, 807, 831, 832    6, 11, 12, 9        
                                849, 863, 866, 874    6, 10, 12, 4        
                                943, 986, 987, 994    21, 7, 5, 14        
                                998, 999              7, 17               
нийтлэх                         8, 9, 372, 395        1, 1, 2, 6          
                                625, 645              15, 21              
зохион байгуулагч               11, 64, 64, 68        13, 2, 25, 2        
                                84, 85, 86, 96        28, 3, 7, 7         
                                97, 109, 121, 136     11, 10, 15, 20      
                                137, 160, 161, 164    23, 27, 9, 6        
                                171, 174, 182, 187    45, 4, 9, 2         
                                187, 192, 192, 197    7, 14, 25, 12       
                                208, 208, 214, 214    2, 7, 13, 24        
                                221, 228, 233, 254    12, 34, 12, 11      
                                261, 317, 487, 557    39, 19, 7, 19       
                                588, 640, 641, 645    3, 20, 5, 19        
                                646, 655, 766, 787    7, 10, 18, 4        
                                825, 902, 957, 962    10, 11, 8, 15       
                                965, 970, 978         7, 13, 22           
журам                           11, 17, 83, 164       18, 10, 22, 10      
                                178, 196, 199, 220    5, 12, 11, 8        
                                230, 246, 250, 273    8, 12, 8, 11        
                                293, 303, 310, 337    18, 19, 9, 10       
                                345, 385, 477, 498    10, 7, 10, 44       
                                612, 614, 616, 633    8, 10, 11, 10       
                                746, 768, 771, 813    10, 22, 10, 8       
                                818, 867, 868, 875    17, 3, 14, 8        
                                893, 897, 925, 931    6, 16, 22, 4        
                                937                   47                  
сонгогч                         11, 19, 19, 26        27, 4, 7, 25        
                                27, 41, 42, 51        22, 6, 48, 2        
                                61, 62, 63, 68        5, 8, 4, 12         
                                121, 171, 495, 777    36, 25, 24, 7       
                                781, 783, 792, 793    3, 6, 12, 11        
                                794, 795, 796, 797    5, 12, 10, 5        
                                798, 801, 815, 823    8, 3, 7, 17         
                                846, 848, 927, 971    9, 14, 21, 12       
                                993                   7                   
захиргаа                        13, 18, 20, 27        19, 12, 9, 8        
                                29, 31, 33, 42        17, 8, 7, 3         
                                133, 133, 142, 146    22, 36, 4, 22       
                                154, 163, 165, 273    18, 8, 6, 10        
                                276, 296, 319, 321    32, 29, 3, 18       
                                892, 991              8, 6                
нэгж                            13, 20, 27, 29        22, 10, 11, 20      
                                31, 33, 42, 133       11, 10, 4, 25       
                                133, 142, 146, 154    39, 5, 25, 23       
                                296, 319, 319, 321    32, 5, 7, 20        
                                321, 402, 431, 444    22, 6, 12, 12       
удирдлага                       13, 27, 29, 31        24, 13, 22, 13      
                                33, 133, 161, 193     12, 41, 15, 11      
                                194, 215, 261, 798    22, 11, 42, 18      
                                798, 860              22, 9               
тодорхойлолт                    14, 428, 439, 791     6, 18, 18, 25       
                                798, 799, 800         26, 12, 19          
хэрэглэгч                       15, 92, 178, 359      3, 7, 13, 18        
                                572, 843, 871, 871    34, 11, 8, 19       
санал                           16, 19, 38, 39        13, 8, 5, 4         
                                46, 73, 74, 75        14, 20, 6, 6        
                                78, 79, 79, 84        18, 23, 38, 12      
                                91, 92, 92, 93        23, 16, 32, 10      
                                94, 114, 114, 114     10, 9, 15, 17       
                                117, 131, 144, 146    15, 2, 2, 11        
                                149, 154, 171, 171    23, 13, 29, 39      
                                172, 172, 176, 184    5, 16, 5, 4         
                                204, 205, 210, 218    10, 20, 5, 5        
                                225, 227, 228, 228    7, 7, 6, 11         
                                228, 228, 234, 236    24, 31, 4, 20       
                                239, 266, 270, 275    20, 50, 26, 11      
                                276, 281, 289, 296    11, 35, 7, 2        
                                296, 299, 302, 307    18, 8, 22, 5        
                                309, 311, 312, 319    21, 31, 31, 11      
                                319, 321, 327, 357    18, 38, 35, 15      
                                393, 394, 410, 410    12, 6, 15, 18       
                                453, 455, 467, 471    15, 8, 6, 3         
                                518, 519, 520, 522    18, 19, 23, 9       
                                522, 547, 580, 593    16, 21, 5, 16       
                                598, 612, 616, 629    27, 13, 27, 16      
                                633, 635, 635, 638    19, 8, 27, 9        
                                638, 638, 645, 646    24, 34, 17, 12      
                                660, 665, 686, 731    8, 15, 13, 4        
                                731, 738, 749, 750    12, 16, 1, 1        
                                765, 766, 766, 766    15, 4, 6, 13        
                                768, 768, 768, 768    4, 8, 12, 16        
                                769, 769, 770, 771    5, 15, 3, 4         
                                773, 773, 773, 774    2, 5, 13, 14        
                                774, 777, 777, 778    19, 3, 5, 5         
                                781, 781, 782, 782    7, 18, 19, 24       
                                782, 784, 785, 785    34, 7, 4, 14        
                                787, 787, 787, 788    6, 12, 14, 12       
                                788, 789, 789, 790    18, 11, 23, 5       
                                790, 791, 791, 791    7, 13, 16, 27       
                                792, 796, 796, 796    5, 8, 21, 23        
                                796, 798, 798, 798    27, 11, 13, 28      
                                799, 800, 800, 802    13, 12, 14, 3       
                                802, 802, 802, 803    5, 15, 17, 3        
                                803, 803, 804, 804    5, 8, 3, 5          
                                804, 804, 805, 805    12, 15, 3, 5        
                                805, 806, 806, 811    14, 3, 5, 3         
                                811, 812, 812, 812    5, 3, 5, 21         
                                812, 813, 813, 814    24, 2, 5, 5         
                                814, 815, 815, 815    7, 3, 5, 8          
                                816, 816, 817, 817    3, 7, 3, 5          
                                817, 818, 818, 819    9, 12, 15, 6        
                                820, 820, 821, 821    4, 7, 12, 14        
                                823, 823, 823, 823    5, 7, 13, 15        
                                823, 824, 824, 824    29, 3, 6, 17        
                                825, 826, 827, 827    4, 6, 7, 9          
                                827, 827, 827, 829    27, 34, 39, 9       
                                829, 830, 831, 833    13, 8, 28, 8        
                                838, 840, 841, 842    14, 2, 2, 2         
                                843, 843, 843, 844    5, 12, 17, 4        
                                844, 844, 845, 845    9, 13, 10, 15       
                                845, 845, 846, 846    25, 31, 4, 16       
                                846, 847, 850, 853    20, 4, 3, 2         
                                853, 853, 853, 854    11, 22, 24, 6       
                                854, 854, 854, 854    8, 12, 16, 20       
                                854, 855, 856, 857    23, 8, 10, 6        
                                859, 860, 862, 862    2, 13, 14, 27       
                                865, 868, 870, 871    22, 18, 8, 32       
                                873, 877, 881, 881    8, 2, 6, 11         
                                881, 887, 889, 891    14, 4, 11, 2        
                                895, 895, 896, 896    17, 21, 13, 19      
                                897, 897, 905, 910    8, 13, 4, 8         
                                913, 913, 913, 913    7, 14, 17, 27       
                                913, 914, 914, 914    33, 7, 17, 27       
                                915, 915, 917, 919    13, 17, 8, 6        
                                920, 921, 922, 922    5, 4, 6, 9          
                                923, 923, 923, 923    7, 13, 18, 28       
                                923, 924, 924, 925    31, 6, 10, 15       
                                926, 928, 933, 933    8, 18, 9, 11        
                                934, 934, 934, 936    5, 11, 13, 9        
                                936, 937, 937, 937    14, 3, 9, 13        
                                937, 938, 938, 940    17, 7, 16, 5        
                                940, 941, 942, 949    15, 3, 12, 15       
                                950, 951, 952, 952    13, 15, 13, 23      
                                952, 952, 952, 967    25, 31, 32, 4       
                                968, 968, 968, 969    3, 7, 12, 2         
                                969, 970, 971, 971    14, 2, 2, 5         
                                972, 972, 972, 972    2, 7, 10, 15        
                                972, 974, 975, 975    22, 7, 17, 22       
                                975, 975, 976, 977    27, 32, 6, 6        
                                978, 979, 981, 981    2, 2, 3, 6          
                                981, 982, 982, 999    11, 6, 27, 6        
18 нас хүрсэн                   17, 21, 46, 863       4, 17, 6, 3         
нэр дэвшигч                     17, 59, 59, 64        16, 5, 13, 13       
                                174, 354, 404, 409    15, 14, 7, 3        
                                409, 414, 415, 416    15, 3, 7, 6         
                                417, 434, 463, 490    6, 3, 8, 3          
                                493, 501, 502, 510    18, 10, 3, 3        
                                514, 516, 520, 609    18, 14, 39, 23      
                                647, 670, 686, 712    5, 7, 4, 9          
                                731, 758, 837, 849    10, 6, 4, 16        
                                862, 982              10, 19              
улсын бүртгэлийн байгууллага    18, 150, 281, 294     4, 19, 42, 28       
                                302, 305, 311         29, 3, 28           
төрийн үйлчилгээ                18, 163, 165, 892     14, 10, 8, 10       
ажилтан                         18, 91, 97, 99        2, 8, 7, 3          
                                108, 108, 109, 109    4, 8, 4, 8          
                                110, 110, 164, 174    9, 26, 4, 26        
                                247, 252, 275, 276    12, 3, 24, 25       
                                277, 304, 305, 307    29, 4, 2, 2         
                                308, 309, 314, 493    2, 2, 2, 16         
                                494, 496, 496, 498    21, 12, 24, 6       
                                611, 647, 849, 865    5, 4, 15, 6         
                                910                   15                  
гэрээ                           18, 121, 358, 376     7, 43, 22, 2        
                                600, 642, 658         28, 10, 24          
хүн                             19, 121, 133, 135     2, 33, 18, 23       
                                339, 347, 359, 405    15, 15, 10, 12      
                                408, 442, 471, 718    17, 11, 11, 4       
                                808, 853, 859, 872    10, 15, 11, 11      
уншигч                          19, 781               11, 9               
чадамж                          19, 21, 49, 272       22, 23, 3, 3        
                                863                   9                   
сонгуулийн эрх бүхий иргэн      20, 26, 261, 266      18, 18, 22, 12      
шүүхийн шийдвэр                 22, 49, 272, 273      17, 5, 5, 19        
                                427, 438, 464, 466    12, 12, 11, 35      
                                770, 812, 949, 950    7, 35, 20, 18       
                                954                   15                  
домэйн нэр                      23                    8                   
торгох ял                       24                    18                  
нэмэгдэл                        24                    13                  
нутгийн өөрөө удирдах байгууллага  26, 64, 175, 195      33, 6, 3, 14        
                                294, 577, 653, 716    11, 3, 8, 15        
шуудан                          26, 63, 100, 509      24, 3, 5, 10        
                                670, 670, 855         20, 22, 15          
дахин сонгууль                  28, 46, 83, 84        10, 4, 6, 10        
                                84, 118, 119, 192     23, 8, 13, 12       
                                194, 200, 222, 322    10, 12, 6, 8        
                                338, 346, 368, 369    25, 25, 11, 28      
                                398, 516, 681, 953    26, 7, 27, 14       
                                963, 964              6, 14               
тохиолдол                       31, 39, 40, 77        27, 7, 10, 13       
                                117, 155, 239, 242    11, 12, 13, 5       
                                314, 321, 404, 457    22, 10, 6, 4        
                                463, 467, 471, 478    6, 5, 2, 17         
                                517, 566, 580, 624    19, 15, 20, 13      
                                627, 653, 662, 712    10, 5, 21, 6        
                                747, 850, 894, 895    18, 20, 14, 11      
                                896, 915, 923, 954    9, 12, 26, 14       
                                974, 975              6, 26               
шийдвэр                         35, 166, 167, 168     8, 11, 16, 12       
                                191, 198, 198, 212    7, 8, 26, 7         
                                249, 254, 256, 320    4, 9, 7, 12         
                                322, 332, 332, 341    17, 12, 16, 7       
                                349, 355, 369, 379    7, 9, 38, 23        
                                386, 396, 424, 426    9, 9, 5, 13         
                                437, 453, 454, 498    13, 5, 5, 15        
                                498, 616, 632, 638    32, 34, 11, 21      
                                681, 685, 690, 720    31, 10, 19, 2       
                                900, 942, 943, 948    14, 20, 12, 23      
                                949, 950, 951, 952    33, 32, 9, 9        
                                953, 954, 964, 969    10, 5, 4, 6         
                                969, 970, 978, 978    13, 6, 6, 13        
                                990, 991, 992         10, 3, 3            
нэмэлт санал хураалт            39, 102, 192, 194     9, 3, 5, 12         
                                214, 659, 915, 968    4, 3, 5, 17         
дахин санал хураалт             40, 321, 321, 945     12, 3, 32, 5        
                                946, 973, 977, 978    5, 7, 15, 19        
хөрөнгө                         42, 121, 196, 216     27, 54, 6, 7        
                                432, 445, 509, 642    3, 3, 6, 5          
                                653, 671, 675, 688    31, 4, 4, 5         
                                727, 730, 733, 737    12, 9, 12, 9        
ажил                            42, 78, 79, 96        30, 14, 19, 11      
                                99, 121, 121, 187     8, 39, 56, 4        
                                192, 208, 214, 228    17, 4, 16, 33       
                                233, 235, 242, 246    10, 5, 6, 19        
                                251, 252, 252, 255    9, 13, 22, 40       
                                261, 322, 373, 398    31, 18, 15, 5       
                                398, 426, 437, 486    38, 8, 8, 14        
                                557, 643, 657, 766    18, 5, 19, 17       
                                820, 825, 891, 926    24, 8, 13, 15       
тушаал                          42, 373, 398, 398     32, 17, 7, 40       
                                406, 426, 433, 437    3, 10, 3, 10        
                                446                   3                   
ээлжит сонгууль                 43, 73, 74, 74        4, 8, 4, 10         
                                75, 76, 76, 77        4, 21, 31, 21       
                                78, 133, 139, 139     28, 7, 4, 10        
                                144, 154, 155, 155    13, 4, 4, 14        
                                338, 346, 398, 398    4, 4, 11, 14        
                                514, 514, 515, 559    7, 21, 7, 21        
                                597, 600, 636, 638    9, 4, 13, 4         
                                678, 681, 999         29, 14, 4           
хангагч                         43, 46, 54, 57        32, 35, 31, 10      
                                58, 66, 68, 93        5, 4, 9, 3          
                                96, 110, 110, 161     17, 7, 19, 16       
                                177, 177, 193, 194    5, 14, 12, 23       
                                215, 247, 261, 269    12, 28, 43, 25      
                                380, 384, 385, 395    3, 9, 9, 11         
                                413, 427, 428, 438    5, 9, 9, 9          
                                439, 696, 724, 752    9, 6, 10, 15        
                                769, 782, 789, 843    13, 10, 9, 7        
                                860, 873, 890         16, 24, 12          
ял эдэлж байгаа                 49, 273, 405          10, 2, 9            
зарлаг                          54, 72, 73, 78        7, 8, 19, 31        
                                79, 81, 84, 144       37, 23, 20, 27      
                                200, 222, 296, 322    15, 9, 58, 12       
                                638, 681, 785         20, 30, 22          
салбар                          54, 123, 275, 327     20, 13, 17, 11      
                                505, 511, 512, 514    9, 55, 55, 40       
                                515, 516, 520, 678    30, 42, 6, 9        
                                686, 731, 738, 738    25, 32, 8, 28       
                                740, 741, 747         6, 6, 6             
эвсэл                           56, 64, 91, 171       6, 18, 4, 13        
                                174, 247, 324, 325    21, 8, 2, 2         
                                326, 327, 329, 341    4, 2, 22, 4         
                                345, 350, 351, 358    8, 4, 14, 21        
                                358, 359, 361, 365    34, 21, 10, 3       
                                369, 369, 377, 378    25, 41, 6, 9        
                                379, 379, 380, 386    9, 19, 5, 16        
                                387, 388, 393, 403    8, 8, 8, 6          
                                407, 408, 409, 423    4, 2, 2, 4          
                                486, 486, 488, 491    2, 16, 9, 2         
                                491, 493, 493, 494    8, 2, 8, 2          
                                496, 498, 498, 501    8, 2, 12, 7         
                                502, 502, 510, 511    2, 8, 2, 2          
                                512, 514, 515, 516    2, 2, 2, 10         
                                517, 518, 520, 520    2, 5, 13, 35        
                                533, 533, 546, 549    12, 35, 3, 14       
                                556, 557, 557, 565    8, 2, 11, 2         
                                566, 567, 584, 592    3, 6, 3, 6          
                                592, 592, 604, 605    25, 34, 11, 6       
                                606, 608, 608, 609    6, 8, 18, 29        
                                610, 613, 621, 627    7, 30, 2, 12        
                                634, 658, 670, 678    5, 11, 5, 20        
                                680, 683, 685, 686    2, 2, 2, 2          
                                687, 689, 690, 692    6, 8, 14, 2         
                                693, 693, 726, 727    2, 8, 11, 5         
                                731, 742, 743, 755    2, 2, 2, 18         
                                755, 758, 761, 761    24, 4, 2, 7         
                                762, 763, 811, 862    11, 5, 11, 8        
                                865                   2                   
оролцогч                        64, 575, 604, 608     16, 16, 8, 6        
байгууллага                     64, 90, 91, 97        20, 2, 7, 5         
                                108, 109, 113, 116    3, 3, 12, 4         
                                118, 122, 123, 152    21, 37, 14, 3       
                                157, 158, 159, 162    2, 2, 4, 15         
                                174, 175, 175, 182    24, 11, 30, 17      
                                247, 247, 253, 255    11, 15, 9, 25       
                                255, 256, 264, 270    37, 12, 3, 3        
                                273, 276, 277, 294    22, 34, 33, 17      
                                299, 322, 327, 332    5, 15, 12, 11       
                                339, 341, 344, 347    4, 6, 3, 4          
                                355, 357, 362, 367    19, 10, 3, 3        
                                373, 374, 410, 427    3, 4, 11, 15        
                                431, 433, 438, 442    8, 14, 15, 8        
                                443, 444, 446, 477    8, 8, 14, 8         
                                483, 484, 485, 486    3, 3, 5, 22         
                                487, 491, 492, 493    3, 5, 5, 5          
                                494, 496, 498, 499    5, 11, 5, 8         
                                511, 512, 514, 515    56, 56, 41, 31      
                                516, 516, 520, 520    20, 43, 7, 48       
                                534, 535, 557, 565    6, 8, 5, 5          
                                576, 581, 611, 613    2, 14, 3, 37        
                                615, 629, 632, 633    19, 15, 10, 13      
                                647, 658, 662, 664    3, 4, 24, 10        
                                665, 678, 686, 716    29, 10, 26, 12      
                                731, 738, 740, 741    33, 29, 7, 7        
                                744, 745, 747, 767    13, 4, 7, 10        
                                767, 767, 768, 791    16, 22, 31, 24      
                                798, 798, 798, 808    17, 21, 25, 8       
                                812, 812, 812, 836    11, 34, 38, 6       
                                849, 860, 865, 916    14, 8, 5, 13        
                                929, 993              8, 10               
үйл ажиллагаа                   68, 70, 71, 77        4, 4, 2, 23         
                                86, 88, 110, 116      5, 4, 17, 23        
                                121, 166, 193, 194    46, 3, 5, 16        
                                195, 197, 215, 216    18, 10, 4, 15       
                                221, 234, 238, 244    10, 9, 13, 14       
                                248, 248, 254, 294    23, 30, 13, 5       
                                317, 368, 464, 476    10, 19, 6, 5        
                                494, 496, 496, 580    8, 4, 21, 16        
                                584, 611, 638, 646    10, 9, 40, 17       
                                649, 656, 662, 663    13, 23, 9, 14       
                                665, 700, 767, 789    21, 15, 6, 5        
                                865, 874, 874, 875    30, 13, 21, 5       
                                880, 883, 890, 899    3, 10, 10, 7        
                                900, 903              5, 5                
сонгуулийн автоматжуулсан систем  71                    7                   
сонгуулийн жил                  73, 338, 346, 466     10, 28, 28, 2       
                                989                   22                  
ажлын өдөр                      74                    20                  
ээлжит бус сонгууль             79, 79, 296, 298      11, 33, 44, 11      
                                638, 955, 956         14, 6, 6            
нөхөн сонгууль                  81, 205, 214, 945     4, 8, 11, 11        
                                946, 958, 959, 962    11, 6, 6, 9         
улсын  төсөв                    89, 105, 113, 116     16, 22, 17, 27      
                                118                   28                  
улсын төсөв                     89, 105, 113, 116     16, 22, 17, 27      
                                118                   28                  
зохиогч                         89, 95, 98, 104       5, 6, 2, 2          
                                105, 112, 113, 117    5, 2, 5, 5          
                                118, 119, 125, 126    10, 15, 4, 4        
                                149, 157, 158, 175    13, 3, 3, 14        
                                193, 195, 201, 215    7, 2, 2, 6          
                                235, 255, 294, 575    6, 4, 7, 6          
үйл ажиллагааны зардал          90                    3                   
тээврийн хэрэгсэл               91, 480, 536, 537     19, 5, 5, 10        
                                537, 538, 539, 572    14, 4, 14, 26       
                                653                   27                  
хэвлэмэл хуудас                 91, 178               44, 11              
туслагч                         91, 174, 493, 495     12, 31, 23, 21      
                                497, 498, 647, 865    5, 22, 11, 11       
тоног төхөөрөмж                 92, 110               9, 14               
лицензийн төлбөр                92, 106               30, 24              
үйлчилгээ                       92, 106, 121, 121     26, 18, 40, 57      
                                400, 507, 632, 639    2, 7, 5, 12         
                                903                   9                   
тээвэрлэгч                      92, 93, 106           28, 18, 20          
мэдээ                           92, 559, 597, 606     35, 41, 29, 11      
                                607, 608, 632, 636    6, 14, 19, 33       
                                658, 853              15, 9               
архивын баримт                  95                    21                  
талууд                          96, 171, 172, 172     14, 16, 8, 19       
                                254, 282, 312, 315    15, 13, 23, 6       
                                511, 512, 532, 575    49, 49, 5, 17       
                                605, 606, 611, 616    18, 9, 11, 6        
                                652, 741, 744, 851    10, 11, 7, 8        
тал                             96, 171, 172, 172     14, 16, 8, 19       
                                254, 282, 312, 315    15, 13, 23, 6       
                                511, 512, 532, 575    49, 49, 5, 17       
                                605, 606, 611, 616    18, 9, 11, 6        
                                652, 741, 744, 851    10, 11, 7, 8        
мэдээлэл                        96, 99, 107, 110      16, 4, 11, 22       
                                150, 152, 153, 172    18, 13, 5, 11       
                                195, 243, 247, 264    26, 18, 14, 22      
                                266, 270, 272, 273    32, 22, 11, 18      
                                274, 275, 276, 277    11, 25, 26, 30      
                                278, 279, 280, 299    14, 8, 19, 7        
                                300, 312, 339, 347    10, 22, 19, 19      
                                451, 466, 466, 466    10, 14, 20, 24      
                                477, 481, 481, 520    5, 10, 21, 52       
                                534, 559, 597, 598    5, 42, 30, 21       
                                601, 605, 605, 606    7, 3, 13, 3         
                                607, 611, 611, 632    7, 2, 13, 20        
                                636, 645, 658, 658    34, 2, 3, 16        
                                664, 702, 729, 734    9, 17, 7, 9         
                                743, 747, 769, 779    8, 15, 8, 3         
                                797, 820, 831, 832    20, 21, 14, 11      
                                836, 871, 884, 887    5, 12, 5, 7         
                                891, 891, 892, 895    10, 15, 20, 12      
                                916, 918, 926, 929    12, 6, 11, 7        
                                994                   12                  
гэрчилгээ                       97, 163, 164, 165     8, 5, 8, 3          
                                892, 893              25, 3               
гишүүн                          99, 171, 173, 179     10, 7, 7, 12        
                                238, 239, 244, 245    7, 7, 7, 13         
                                401, 402, 403, 403    25, 17, 3, 14       
                                460, 646, 803, 833    3, 5, 14, 3         
                                884, 892, 914         3, 4, 40            
холбоо                          100, 108              6, 12               
хяналт тавих                    103, 120, 196, 197    11, 18, 20, 14      
                                216, 221, 317, 612    23, 14, 21, 6       
                                614, 633, 662, 663    16, 8, 11, 16       
                                742, 767, 850, 900    16, 23, 12, 16      
улсын бүртгэл                   105, 146, 152, 153    11, 4, 21, 7        
                                261, 264, 279, 296    32, 45, 15, 11      
                                300, 307, 320, 322    18, 7, 13, 22       
                                765                   4                   
захиргааны байгууллага          105, 116, 146, 152    16, 17, 9, 26       
                                153, 261, 264, 266    12, 37, 50, 6       
                                269, 274, 275, 278    6, 17, 31, 21       
                                279, 280, 281, 293    20, 6, 6, 6         
                                296, 298, 300, 301    16, 6, 23, 6        
                                306, 307, 312, 320    6, 12, 6, 18        
                                322, 428, 439, 663    27, 16, 16, 6       
                                664, 665, 765         6, 13, 9            
хариуцагч                       105, 116, 146, 152    14, 15, 7, 24       
                                153, 177, 189, 210    10, 20, 17, 21      
                                261, 264, 266, 269    35, 48, 4, 4        
                                274, 275, 276, 278    15, 29, 30, 19      
                                279, 280, 281, 293    18, 4, 4, 4         
                                296, 298, 300, 301    14, 4, 21, 4        
                                306, 307, 309, 312    4, 10, 32, 4        
                                320, 322, 428, 431    16, 25, 14, 11      
                                439, 444, 663, 664    14, 11, 4, 4        
                                665, 763, 765, 767    11, 21, 7, 15       
                                767, 767, 812, 891    17, 21, 12, 19      
                                894, 910, 926         7, 16, 24           
аюул                            110, 177, 569, 769    5, 3, 20, 11        
                                789, 812, 812, 975    7, 8, 28, 5         
газар                           117, 119, 133, 146    22, 21, 27, 29      
                                150, 152, 262, 262    25, 7, 12, 30       
                                264, 264, 266, 281    7, 37, 29, 48       
                                283, 288, 296, 302    12, 21, 36, 35      
                                307, 402, 419, 478    17, 2, 25, 12       
                                547, 551, 803, 806    12, 9, 24, 8        
                                807, 808, 829         4, 2, 6             
сан                             119, 146, 261, 264    23, 18, 9, 28       
                                296, 704, 725         25, 14, 13          
төрийн аудитын байгууллага      120, 336, 338, 344    15, 9, 41, 13       
                                346, 384, 516         41, 11, 36          
гүйцэтгэгч                      120, 273, 427, 438    14, 21, 14, 14      
                                812, 820, 905, 911    37, 25, 10, 5       
                                928                   12                  
дүгнэлт                         120, 123, 336, 344    22, 15, 12, 16      
                                384, 443, 511, 512    14, 18, 58, 58      
                                514, 515, 516, 517    33, 23, 34, 17      
                                517, 518, 519, 520    28, 17, 18, 22      
                                665, 731              26, 25              
автоматжуулах хэрэгслийн иж бүрдэл  121                   18                  
орон нутгийн өмч                121, 176, 401, 579    51, 15, 8, 3        
                                653, 719              21, 8               
хуулийн этгээд                  121, 176, 338, 346    34, 19, 37, 37      
                                396, 401, 491, 576    3, 12, 17, 3        
                                578, 579, 653, 653    6, 12, 17, 25       
                                697, 697, 699, 700    6, 12, 9, 2         
                                702, 713, 719, 720    5, 19, 12, 9        
                                722, 734, 740         6, 3, 39            
бараа                           121, 121, 286, 473    38, 55, 2, 4        
                                639, 642              5, 8                
зохицуулалт                     121                   62                  
иргэний улсын бүртгэл           146, 261, 264, 296    13, 4, 23, 20       
байнга оршин суугч              146, 262, 262, 264    26, 9, 27, 34       
                                266, 275, 276, 277    26, 6, 6, 6         
                                283, 296, 791, 829    9, 33, 2, 3         
цахим мэдээлэл                  146, 261, 264, 296    16, 7, 26, 23       
тусгаарлах                      149                   17                  
зөвшөөрөл                       149, 252, 425, 478    33, 20, 6, 23       
                                572, 613, 617, 618    24, 21, 10, 24      
                                665, 786, 896         27, 21, 12          
мэргэжил                        161, 194              12, 18              
этгээд                          166, 172, 248, 248    7, 15, 6, 34        
                                368, 487, 638, 661    22, 5, 29, 14       
                                705, 715, 723, 723    2, 2, 4, 11         
                                806, 837, 872, 950    10, 16, 7, 27       
                                987, 994              12, 32              
гарын үсэг хуурамчаар үйлдэх    171                   41                  
мэдэгдэл                        172, 435, 598         20, 4, 17           
төрийн албан хаагч              174, 305, 648, 864    12, 8, 3, 4         
бусад этгээд                    174, 647, 837         34, 13, 8           
аж ахуйн нэгж                   175                   7                   
ажилгүй                         175, 508, 643, 871    37, 4, 8, 22        
төлбөр                          176, 396, 397, 506    22, 19, 5, 5        
                                507, 559, 563, 576    3, 19, 14, 27       
                                591, 592, 593, 597    16, 13, 11, 4       
                                597, 613, 636, 636    31, 12, 11, 35      
                                639, 640, 720         16, 15, 7           
арга хэмжээ                     195, 511, 512, 616    29, 13, 13, 17      
                                657, 902              28, 9               
сонсогч                         195                   27                  
өргөдөл                         198, 217, 234, 992    10, 7, 12, 9        
                                992                   16                  
гомдол                          198, 217, 234, 254    11, 8, 13, 20       
                                254, 254, 261, 282    28, 37, 29, 15      
                                310, 312, 629, 984    7, 19, 8, 6         
                                985, 988, 989, 989    6, 11, 2, 11        
                                990, 992, 992         20, 10, 17          
санал тоолох төхөөрөмж          228, 788, 824, 827    19, 4, 12, 36       
                                843, 844, 845, 881    14, 6, 12, 8        
                                890, 891, 894, 908    6, 5, 4, 9          
                                912, 913, 925, 928    3, 24, 4, 14        
                                936, 937              3, 5                
даруй                           229, 245, 248, 249    6, 32, 37, 6        
                                629, 786, 895, 907    22, 29, 29, 16      
                                914, 936              30, 45              
тогтоол                         236, 240, 241, 241    22, 3, 11, 17       
                                452                   17                  
гарын үсэг зурах                240, 329, 358, 419    11, 14, 27, 10      
                                914                   41                  
тэмдэглэл                       246, 314, 820, 831    10, 46, 26, 20      
                                831, 834, 834, 845    24, 13, 30, 7       
                                847, 912, 913, 914    10, 15, 21, 33      
ажиглах                         247, 248, 315, 849    21, 4, 13, 18       
                                861, 862, 862, 864    7, 33, 35, 7        
                                866, 867, 868, 869    14, 2, 6, 8         
                                872, 873, 877, 880    5, 7, 16, 5         
                                912, 929              9, 5                
саад учруулсан                  248                   32                  
захирамж                        251                   11                  
шалгагч                         261, 264, 289, 293    15, 44, 14, 13      
                                309, 378, 448, 449    20, 16, 13, 20      
                                665, 801, 831, 832    6, 10, 19, 16       
                                870, 913              7, 40               
иргэний бүртгэлийн дугаар       262, 266, 270, 284    24, 23, 11, 8       
                                419, 702, 827         20, 9, 12           
шүүгч                           272, 396, 462, 581    14, 6, 12, 6        
                                991                   8                   
шүүх                            272, 396, 462, 581    14, 6, 12, 6        
                                991                   8                   
зорчигч                         274                   9                   
батлан хамгаалах                276                   27                  
цагдаагийн алба хаагч           277                   16                  
гадаадын иргэн                  278                   15                  
тайлбар                         280                   27                  
итгэмжлэгдсэн ажилтан           306, 311, 317, 800    9, 25, 12, 8        
                                801, 827, 830, 834    6, 20, 6, 5         
                                926                   22                  
тагнуулын байгууллага           307, 768              3, 33               
гэр бүл                         311                   9                   
иргэний улсын бүртгэлийн мэдээллийн сан  312                   8                   
хүсэлт                          314, 327, 329, 331    27, 34, 6, 4        
                                340, 382, 383, 467    4, 3, 3, 20         
                                498, 498, 690, 791    9, 26, 12, 19       
                                796, 797, 798, 798    25, 19, 15, 24      
                                799, 800, 868, 869    11, 17, 9, 12       
                                870, 926              3, 6                
хөдөлгөөн                       318, 319, 320, 321    5, 10, 8, 25        
                                569                   10                  
улсын бүртгэлийн гэрчилгээ      334, 342              2, 4                
хөтөлбөр                        336, 344, 352, 363    3, 7, 5, 3          
                                384, 402, 443, 465    3, 5, 16, 7         
                                483, 484, 486, 500    6, 6, 9, 5          
                                501, 502, 502, 503    18, 11, 14, 3       
                                510, 511, 512, 514    8, 10, 10, 32       
                                516, 517, 518, 519    25, 10, 8, 9        
                                520, 557, 586, 605    18, 13, 3, 4        
                                606, 607, 609, 609    4, 9, 6, 14         
                                652, 656, 660, 660    3, 3, 18, 29        
                                670                   12                  
хандив                          338, 346, 515, 516    40, 40, 21, 32      
                                520, 532, 694, 695    14, 4, 4, 2         
                                695, 698, 699, 700    4, 4, 2, 25         
                                701, 701, 702, 702    6, 15, 13, 26       
                                702, 704, 705, 705    27, 5, 4, 8         
                                706, 707, 708, 711    3, 5, 3, 3          
                                712, 712, 713, 713    3, 14, 3, 10        
                                713, 715, 723, 723    22, 3, 13, 16       
                                724, 724, 725, 726    2, 13, 8, 22        
                                727, 734, 740, 740    13, 11, 28, 37      
                                742                   6                   
тайлан                          338, 346, 520, 520    46, 46, 15, 43      
                                657, 657, 692, 728    20, 32, 13, 5       
                                730, 746              3, 2                
агуулах                         339, 347, 466, 481    18, 18, 18, 14      
                                644, 652, 754, 918    10, 14, 6, 7        
овог                            359                   13                  
зарлага                         369, 690, 691, 692    14, 4, 6, 35        
                                693, 729, 737         22, 6, 4            
үр                              376                   7                   
холбогдох этгээд                388                   16                  
нийтлэг журам                   392                   5                   
батлан даалт                    396                   16                  
зээл                            396                   13                  
өр                              396, 397, 397, 506    18, 4, 25, 4        
                                720                   6                   
албан татвар                    397, 720              21, 4               
компани                         397, 397              9, 19               
хувьцаа                         397, 643              15, 3               
зөвлөл                          401                   22                  
хамтын удирдлагын байгууллага   402                   8                   
төсөл                           402                   4                   
шийтгэх тогтоол                 405                   7                   
гэмт хэрэг                      406, 433, 446         4, 4, 4             
хураагч                         410                   16                  
мэдээллийн сан                  431, 444              9, 9                
орлого                          432, 445, 505, 689    4, 4, 10, 15        
                                704, 725, 729, 733    11, 10, 4, 5        
мэдүүлэг                        432, 445              5, 5                
баримт бичгийн бүрдэл           448, 461              16, 8               
эрх бүхий этгээд                450, 451, 542, 571    10, 5, 4, 4         
                                572, 628, 649, 661    31, 3, 4, 4         
                                723, 868, 989         19, 3, 7            
баримт бичиг                    462, 598, 744, 752    8, 19, 8, 10        
                                853                   18                  
зөрчил шалган шийдвэрлэх        478                   29                  
нотлох баримт                   478                   13                  
итгэмжлэл                       488, 490, 493, 495    13, 7, 12, 4        
эд хөрөнгө                      504, 504, 569, 709    2, 4, 16, 5         
                                726                   8                   
орон нутгийн төсөв              505                   13                  
газрын тос                      505                   3                   
зуучлагч                        508, 643              3, 7                
төсвийн тусгай шаардлага        511, 512              43, 43              
аудитын байгууллага             518, 519              2, 2                
цахим хуудас                    520, 620, 621, 622    49, 5, 10, 7        
                                623, 624, 624, 625    2, 8, 14, 6         
                                626, 627, 627, 630    7, 5, 28, 6         
                                631, 632, 634, 636    6, 15, 12, 5        
нээлт                           520, 739, 916         54, 8, 9            
цуглаан                         527, 573, 575, 576    4, 6, 5, 9          
нэвтрүүлэг                      529, 533, 533, 590    4, 25, 30, 4        
                                590, 591, 592, 593    7, 6, 14, 12        
                                594, 595, 596, 597    10, 11, 2, 3        
                                598, 599, 602, 603    10, 2, 18, 8        
                                604, 606, 607, 608    2, 14, 8, 15        
                                608, 609, 609, 609    22, 5, 9, 13        
                                610, 613, 613, 660    2, 13, 19, 17       
                                660                   28                  
олон суваг дамжуулах үйлчилгээ  535, 662              9, 25               
зохицуулах хороо                535, 593, 613, 614    19, 3, 3, 14        
                                615, 617, 618, 629    3, 13, 27, 12       
                                635, 662              3, 3                
нэг хэвлэлийн хуудас            553                   3                   
танилцуулга                     557                   8                   
зар сурталчилгаа                559, 597, 600, 636    39, 27, 25, 31      
барилга байгууламж              565, 784              14, 2               
зам                             569, 569              5, 25               
бусад газар                     572                   41                  
биеийн тамир                    576, 640              18, 3               
прокурор                        581                   7                   
эмнэлэг                         581, 791, 808         13, 20, 4           
олон нийтийн радио, телевиз     593, 613              5, 5                
радио, телевизийн үйлчилгээ     617, 618              6, 20               
хөнгөлөлт                       639, 639              8, 13               
ивээн тэтгэгч                   640, 655              22, 13              
сувилах                         641                   9                   
хэлцэл                          642                   12                  
сонгуульд нэр дэвшигч           657                   5                   
өөрийн хөрөнгө                  673, 674              2, 3                
мөрдөгч                         681, 1001             17, 12              
банк                            685, 686, 690, 690    16, 11, 21, 24      
                                702, 738              18, 5               
зах зээл                        713                   5                   
үнэлгээ                         713, 713              4, 15               
олон улсын байгууллага          716, 866              6, 7                
гадаадын хөрөнгө оруулалт       716                   9                   
харьяалалгүй хүн                717                   4                   
шашны байгууллага               721                   3                   
санхүүгийн тайлан               730                   10                  
аудитын хуулийн этгээд          731                   22                  
төрийн бус байгууллага          742, 862, 874         12, 23, 16          
хуулийн этгээдийн мэдээлэл      747                   21                  
заавар                          754, 774, 787, 841    5, 12, 10, 5        
гэрч                            770                   17                  
хөгжлийн бэрхшээлтэй иргэн      782                   28                  
гал түймэр                      786                   11                  
ус                              786                   10                  
суурин газар                    789                   18                  
дайчилгаа                       793                   7                   
өрхийн эмч                      796                   16                  
гэр бүлийн гишүүн               807                   12                  
орон байр                       807                   7                   
боловсролын түвшин              848                   7                   
итгэмжилсэн хүн                 848, 849, 859         16, 24, 20          
хуулбарлах                      887                   3                   
үйлчлэгч                        901                   3                   
спорт                           902                   4                   
мэдээллийн технологийн даамал   926                   18                  
гамшиг                          975                   2                   
уригч                           975                   12                  
нэхэмжлэл                       992, 992              11, 18              
