File: MNCLW00389.txt
Search Method: Trie (MWE + Single-Word)
Total runtime: 0.006652s
Found terms: 314

Term                            Line                  Word Place          

хүү                             5, 21, 32             2, 8, 68            
үйл ажиллагаа                   10, 24, 27, 28        17, 2, 37, 20       
                                29, 30, 34, 34        16, 12, 12, 27      
                                35, 36, 37, 38        6, 13, 3, 2         
                                44, 45, 50, 51        11, 6, 5, 8         
                                52, 54, 71, 75        12, 27, 18, 21      
                                79, 80, 82, 84        6, 40, 19, 18       
                                85, 92                18, 6               
удирдлаг                        10, 58, 67, 70        25, 10, 7, 4        
удирдлага                       10, 58, 67, 70        25, 10, 7, 4        
байгууллага                     10, 41, 56, 56        26, 10, 2, 6        
                                58, 61, 67, 70        11, 3, 8, 5         
                                76, 84, 85, 86        12, 7, 7, 29        
                                90, 90, 90, 91        8, 32, 36, 8        
                                91, 91, 92, 92        32, 36, 14, 23      
                                96                    16                  
байгууллаг                      10, 41, 56, 56        26, 10, 2, 6        
                                58, 61, 67, 70        11, 3, 8, 5         
                                76, 84, 85, 86        12, 7, 7, 29        
                                90, 90, 90, 91        8, 32, 36, 8        
                                91, 91, 92, 92        32, 36, 14, 23      
                                96                    16                  
баар                            10, 17, 18, 20        33, 9, 16, 13       
                                30, 32, 53, 54        15, 9, 8, 26        
                                55, 56, 57, 79        13, 31, 17, 10      
бэлэг                           10, 32, 72, 87        40, 49, 8, 9        
                                88, 89, 90, 91        5, 5, 14, 14        
                                92, 93, 94            31, 7, 4            
бэлг                            10, 32, 72, 87        40, 49, 8, 9        
                                88, 89, 90, 91        5, 5, 14, 14        
                                92, 93, 94            31, 7, 4            
гамшгаас хамгаалах              12                    21                  
газр                            12, 24                19, 13              
донор                           12, 42                24, 4               
этгээд                          12, 55, 68            29, 16, 53          
олон улсын гэрээ                13                    12                  
хөдөлгөөн                       16, 42, 45, 49        10, 5, 16, 5        
хөдөлгөөний үндсэн зарчмууд     17, 41, 55            23, 7, 6            
хөлөг онгоц                     18                    27                  
женевийн конвенц                18, 19, 27, 28        45, 29, 11, 6       
                                34, 54, 68, 80        8, 14, 10, 28       
                                94                    10                  
нэрвэгдэгсэд                    18, 34, 36, 46        30, 3, 17, 11       
                                68, 68, 80            14, 24, 27          
нэрвэгдэгсд                     18, 34, 36, 46        30, 3, 17, 11       
                                68, 68, 80            14, 24, 27          
хүн                             18, 32, 32, 32        41, 15, 25, 38      
                                36, 86                21, 4               
нэмэлт протоколууд              19, 27, 28, 54        31, 13, 10, 17      
                                80                    30                  
хөдөлгөөний дүрм                20, 30                31, 27              
дүрэм                           20, 21, 30, 33        2, 3, 10, 12        
холбоо                          20, 21, 30, 43        12, 25, 20, 4       
холбооны үндсэн дүрм            21                    39                  
хөдөлгөөний дүрэм               24, 27, 54            17, 6, 9            
тодорхойлолт                    26                    8                   
бусад татвар                    27                    42                  
хүмүүнлэгийн байгууллаг         27                    46                  
хүмүүнлэгийн байгууллага        27                    46                  
нийтийн өмч                     29                    22                  
хуулийн этгээд                  29                    24                  
салбар                          29, 84, 85            19, 6, 6            
нэгж                            29                    20                  
эрүүл мэндийг хамгаалах         32                    73                  
эрүүл мэнд                      32                    17                  
гамшиг                          32, 36, 37, 47        12, 23, 8, 7        
                                68, 80, 80, 82        20, 17, 23, 10      
гамшг                           32, 36, 37, 47        12, 23, 8, 7        
                                68, 80, 80, 82        20, 17, 23, 10      
хөрөнгө                         32                    55                  
хөрөнг                          32                    55                  
ажил                            32, 39, 65, 66        58, 8, 9, 6         
нөхөрлөл                        32                    85                  
монгол улсын олон улсын гэрээ   33                    13                  
тогтоол                         33, 56                30, 25              
иргэн                           34, 41, 57, 90        20, 14, 12, 37      
                                91, 96                37, 12              
хохирогч                        34                    23                  
эрүүл мэндийг дэмжих            35, 45                3, 3                
урьдчилан сэргийлэх             35, 36, 45, 46        12, 4, 32, 3        
                                68                    31                  
эм                              35                    11                  
бэлэн байдл                     36, 46                6, 5                
эрсдэлийг бууруулах             36, 46                9, 9                
арга хэмжээ                     36, 68                25, 39              
осл                             36, 46, 82            3, 2, 13            
талууд                          36, 38, 40, 58        28, 11, 27, 13      
                                71, 75                21, 11              
тал                             36, 38, 40, 58        28, 11, 27, 13      
                                71, 75                21, 11              
үйлчилгээ                       37, 46, 48, 68        18, 16, 9, 29       
төрийн байгууллага              40, 55                28, 14              
төрийн байгууллаг               40, 55                28, 14              
аж ахуйн нэгж                   41, 57, 61, 90        11, 6, 4, 33        
                                91, 92, 96            33, 15, 13          
ажл                             42, 68                8, 54               
цусны донор                     45                    14                  
осол                            47, 68, 80            2, 23, 26           
нээлт                           50                    9                   
холбооны үндсэн дүрэм           54                    11                  
төрийн бус байгууллаг           57                    3                   
төрийн бус байгууллага          57                    3                   
орон нутгийн төсв               60                    5                   
улсын төсв                      60                    2                   
хандив                          61, 62, 90, 91        8, 7, 43, 43        
                                92                    10                  
орлого                          63                    2                   
орлог                           63                    2                   
гишүүн                          65, 66                8, 5                
дүрм                            66                    27                  
орон нутгийн төсөв              68                    49                  
аюулт үзэгдэл                   68, 80, 82            21, 24, 11          
газар                           68, 71                9, 7                
мэдээлэл                        68                    42                  
гэрээ                           68                    61                  
захиргааны байгууллаг           71                    9                   
захиргааны байгууллага          71                    9                   
монгол улсын нутаг дэвсгэр      74                    5                   
журм                            76, 79                14, 17              
хүмүүнлэгийн тусламж            80                    33                  
барилга байгууламж              84, 85                22, 22              
тээврийн хэрэгсэл               84, 85, 86            24, 24, 16          
эмнэлгийн тусламж, үйлчилгээ    86                    8                   
эрүүл мэндийн байгууллаг        86                    12                  
эрүүл мэндийн байгууллага       86                    12                  
зөвшөөрл                        86, 92                23, 25              
тохиолдол                       94                    18                  
