File: MNCLW00724.txt
Search Method: Trie (MWE + Single-Word)
Total runtime: 0.001475s
Found terms: 44

Term                            Line                  Word Place          

хүн                             6, 11, 12, 13         1, 5, 4, 20         
                                16, 17, 25            1, 1, 7             
сан                             6, 11, 12, 13         3, 7, 6, 3          
                                13, 16, 16, 17        22, 3, 10, 3        
                                17, 18, 19, 20        10, 5, 3, 3         
                                22                    3                   
нийтлэх                         8, 9                  1, 1                
орлого                          11, 18, 19, 20        13, 10, 8, 8        
хөрөнгө                         11, 11, 16, 16        15, 19, 12, 15      
                                17, 17, 24            12, 15, 3           
төсвийн орлого                  16, 17                6, 6                
сангийн хөрөнгө                 25                    9                   
төлбөр                          26, 32                5, 5                
сургалтын төлбөр                30                    3                   
оюутан-цэрг                     30                    2                   
оюутан-цэрэг                    30                    2                   
оюутан                          30                    2                   
сууц                            32                    2                   
мөрдөгч                         38                    14                  
