File: MNCLW00746.txt
Search Method: Aho-Corasick
Total runtime: 0.018395s
Found terms: 1069

Term                            Line                  Word Place          

нийтлэх                         12, 13, 25, 28        1, 1, 21, 17        
                                164, 309, 347, 348    8, 11, 9, 5         
                                355, 360, 361, 375    20, 9, 7, 7         
                                377, 435, 482, 496    16, 10, 11, 7       
                                497, 503, 505, 507    7, 5, 11, 17        
                                509, 530              4, 8                
шийдвэр                         15, 22, 100, 127      10, 5, 57, 11       
                                166, 176, 232, 236    27, 13, 66, 4       
                                417                   5                   
хангагч                         15, 21, 22, 25        25, 10, 14, 11      
                                30, 67, 71, 84        4, 12, 6, 11        
                                191, 192, 230, 231    11, 11, 9, 46       
                                287, 300, 348, 361    10, 6, 7, 9         
                                408, 435, 482, 483    12, 12, 13, 28      
                                489, 490, 491, 551    14, 22, 16, 4       
төсөв                           15, 47, 63, 64        28, 3, 3, 3         
                                82, 150, 161, 190     11, 7, 7, 5         
                                194, 195, 197, 198    8, 8, 24, 8         
                                209, 212, 213, 217    16, 11, 9, 17       
                                219, 224, 232, 236    19, 9, 67, 22       
                                265, 269, 369, 373    5, 3, 2, 2          
                                377, 380, 381, 386    23, 4, 2, 4         
                                392, 398, 399, 401    8, 10, 10, 21       
                                433, 434, 435, 443    4, 2, 2, 50         
                                454, 456, 460, 461    14, 11, 7, 6        
                                467, 472              8, 8                
үр                              15, 47, 57, 61        35, 15, 30, 12      
                                88, 91, 144, 144      4, 4, 9, 18         
                                148, 153, 171, 178    14, 12, 38, 6       
                                179, 180, 184, 185    6, 10, 10, 7        
                                187, 188, 198, 198    25, 26, 24, 31      
                                198, 213, 213, 288    62, 29, 36, 30      
                                359, 443, 443, 469    24, 28, 35, 17      
                                469, 545, 546, 546    24, 17, 22, 30      
                                548, 552, 554, 555    13, 6, 6, 4         
                                558, 559, 560         2, 4, 9             
зам                             15, 288               38, 35              
тодорхойлолт                    16, 377, 377, 377     6, 13, 24, 36       
                                378                   17                  
хэрэглэгч                       17, 357, 362, 362     3, 20, 7, 10        
                                366, 373, 375, 376    6, 9, 8, 9          
                                380, 381, 381, 385    6, 19, 22, 3        
                                386, 387              6, 24               
этгээд                          18, 19, 356, 357      15, 27, 28, 8       
                                535                   18                  
мэргэжил                        19, 63, 74, 177       28, 10, 12, 21      
хуулийн төсөл                   21, 37, 39, 162       17, 25, 4, 7        
                                207, 239, 240, 243    14, 1, 1, 2         
                                244, 246, 247, 249    4, 2, 6, 4          
                                250, 251, 252, 254    33, 6, 27, 14       
                                256, 258, 268, 269    37, 4, 5, 19        
                                277, 278, 279, 279    12, 4, 9, 17        
                                281, 333, 338, 345    8, 7, 6, 5          
                                358, 390, 403, 493    15, 3, 19, 8        
                                493                   27                  
төсөл                           21, 22, 22, 44        2, 6, 25, 5         
                                46, 49, 50, 50        19, 3, 8, 18        
                                51, 53, 54, 55        17, 3, 3, 5         
                                56, 59, 59, 60        5, 11, 14, 10       
                                61, 62, 66, 67        11, 16, 3, 10       
                                68, 69, 70, 71        5, 3, 6, 22         
                                73, 74, 74, 75        5, 3, 23, 5         
                                76, 77, 81, 82        5, 3, 5, 5          
                                83, 84, 86, 88        3, 5, 3, 3          
                                92, 100, 106, 107     10, 58, 7, 6        
                                114, 116, 127, 129    14, 13, 12, 22      
                                132, 138, 147, 147    16, 5, 5, 8         
                                148, 151, 154, 155    22, 3, 3, 10        
                                156, 157, 158, 158    5, 10, 9, 12        
                                159, 159, 160, 160    6, 9, 19, 22        
                                161, 161, 162, 163    12, 15, 11, 14      
                                163, 166, 166, 170    17, 10, 13, 9       
                                170, 171, 171, 173    12, 9, 12, 5        
                                174, 175, 176, 176    3, 3, 3, 14         
                                177, 178, 179, 180    11, 5, 5, 9         
                                182, 183, 184, 185    3, 3, 3, 3          
                                185, 187, 191, 192    17, 3, 6, 6         
                                197, 198, 198, 200    8, 30, 56, 3        
                                200, 202, 202, 203    18, 8, 16, 13       
                                205, 210, 213, 215    13, 3, 35, 8        
                                215, 216, 217, 222    21, 17, 23, 25      
                                223, 225, 227, 228    10, 4, 4, 4         
                                230, 231, 231, 235    4, 17, 54, 9        
                                241, 242, 245, 271    4, 2, 4, 6          
                                272, 277, 292, 293    6, 4, 4, 2          
                                294, 295, 300, 306    2, 2, 2, 2          
                                308, 318, 326, 347    2, 2, 2, 4          
                                348, 359, 360, 361    2, 2, 4, 2          
                                389, 391, 392, 395    4, 2, 2, 2          
                                396, 405, 406, 407    2, 5, 5, 7          
                                408, 412, 413, 414    9, 4, 2, 2          
                                419, 424, 425, 426    2, 2, 2, 2          
                                429, 432, 438, 439    2, 4, 3, 3          
                                440, 441, 441, 443    5, 9, 26, 9         
                                443, 455, 459, 464    34, 7, 7, 3         
                                465, 466, 468, 469    3, 5, 3, 3          
                                469, 471, 473, 474    23, 6, 3, 3         
                                476, 477, 478, 478    10, 7, 8, 11        
                                485, 487, 488, 489    3, 5, 5, 12         
                                489, 490, 491, 501    17, 12, 17, 3       
                                501, 563, 564         7, 41, 6            
тогтоол                         22, 40, 41, 42        24, 6, 6, 18        
                                43, 106, 405, 406     17, 6, 4, 4         
                                407, 408, 408, 418    6, 5, 7, 3          
                                420, 423, 424, 425    5, 3, 6, 6          
                                428, 428, 433         16, 27, 3           
үйлчлэгч                        24, 187, 286, 288     4, 8, 13, 2         
                                289, 290, 291, 356    2, 11, 3, 7         
                                401                   30                  
зохион байгуулагч               25, 53, 54, 56        27, 6, 6, 11        
                                69, 75, 76, 440       9, 8, 10, 7         
                                441, 450, 512, 516    19, 3, 18, 31       
                                521, 523, 525, 528    19, 12, 32, 4       
                                529, 530, 547         4, 6, 16            
дүгнэлт                         25, 64, 64, 169       14, 6, 12, 7        
                                170, 190, 191, 192    16, 8, 23, 20       
                                212, 213, 215, 219    15, 50, 20, 18      
                                222, 223, 224, 231    24, 9, 8, 53        
                                232, 235, 235, 397    4, 33, 37, 8        
                                476                   15                  
үнэлгээ                         25, 47, 57, 61        35, 17, 32, 14      
                                91, 135, 148, 171     6, 8, 16, 40        
                                188, 198, 213, 443    28, 26, 31, 30      
                                469, 538, 539, 540    19, 6, 6, 8         
                                541, 542, 543, 544    11, 10, 9, 8        
                                545, 546, 547, 548    8, 32, 6, 15        
                                554, 555, 559, 560    8, 6, 7, 12         
                                562, 563, 564         8, 6, 25            
нээлт                           29                    3                   
хууль санаачлагч                37, 39, 39, 69        4, 11, 20, 6        
                                441                   5                   
хуулийн этгээд                  39, 62, 73, 74        2, 9, 13, 19        
                                80, 187, 288, 312     2, 12, 12, 2        
                                356, 445              14, 22              
санал                           39, 46, 47, 62        14, 11, 4, 18       
                                63, 64, 74, 153       14, 11, 21, 21      
                                154, 168, 170, 194    33, 4, 15, 9        
                                197, 212, 213, 215    18, 14, 49, 19      
                                217, 219, 219, 220    19, 14, 17, 3       
                                221, 222, 223, 224    6, 23, 8, 7         
                                231, 232, 236, 438    52, 3, 25, 7        
                                439, 443, 447, 449    7, 51, 9, 2         
                                454, 458, 459, 460    18, 5, 17, 13       
                                461, 462, 473, 474    23, 6, 15, 15       
                                476, 481              14, 5               
тохиолдол                       41, 145, 158, 202     11, 2, 23, 10       
                                232, 235, 254, 272    13, 35, 27, 2       
                                279, 290, 291, 333    24, 14, 5, 6        
                                355, 357, 358, 369    12, 2, 2, 4         
                                373, 381, 382, 403    4, 15, 2, 17        
                                426, 473, 474, 478    11, 5, 5, 20        
                                509, 533, 546, 560    11, 7, 26, 25       
байгууллага                     41, 42, 46, 46        13, 14, 8, 10       
                                47, 63, 70, 71        6, 13, 11, 9        
                                74, 78, 83, 159       15, 2, 16, 16       
                                161, 162, 177, 177    4, 20, 8, 17        
                                177, 191, 195, 195    20, 20, 4, 13       
                                197, 197, 197, 198    4, 13, 29, 4        
                                198, 198, 200, 202    51, 74, 23, 14      
                                202, 209, 215, 216    26, 12, 30, 8       
                                216, 217, 217, 218    31, 5, 40, 4        
                                219, 222, 231, 400    8, 8, 8, 15         
                                400, 402, 458, 459    28, 32, 4, 16       
                                460, 461, 516, 518    4, 22, 8, 12        
                                525, 543, 544, 547    7, 14, 5, 15        
үйл ажиллагаа                   42, 83, 108, 187      15, 8, 3, 16        
                                236, 312              13, 4               
зохиогч                         42, 236, 287, 455     5, 17, 4, 21        
                                456                   15                  
ажилгүй                         42, 71                10, 24              
шуудан                          42, 265               11, 13              
хариуцагч                       42, 68, 69, 70        12, 8, 8, 24        
                                71, 400, 516          14, 16, 30          
гишүүн                          42, 157, 158, 158     26, 5, 5, 30        
                                159, 159, 160, 160    23, 30, 28, 35      
                                161, 161, 162, 162    21, 31, 27, 37      
                                163, 166, 171, 197    7, 20, 6, 36        
                                200, 203, 205, 207    16, 7, 7, 7         
                                213, 216, 235, 368    5, 29, 44, 17       
                                485, 514              17, 23              
сонгогч                         43, 548               12, 25              
ажил                            44, 53, 54, 55        7, 5, 5, 7          
                                56, 68, 69, 75        7, 7, 5, 7          
                                76, 78, 81, 83        7, 9, 7, 5          
                                84, 215, 216, 217     7, 13, 22, 28       
                                222, 223, 232, 287    17, 20, 5, 13       
                                512, 516, 521, 523    17, 29, 6, 8        
                                525                   31                  
газар                           45, 49, 51, 66        2, 5, 13, 5         
                                70, 70, 85, 98        2, 18, 2, 2         
                                103, 108, 158, 158    2, 2, 18, 29        
                                159, 159, 159, 160    2, 22, 29, 8        
                                160, 160, 161, 161    27, 34, 20, 30      
                                162, 162, 163, 166    26, 36, 6, 5        
                                166, 171, 171, 191    19, 5, 20, 2        
                                192, 194, 194, 197    17, 4, 12, 35       
                                200, 203, 203, 203    15, 6, 9, 22        
                                205, 205, 205, 207    6, 9, 23, 6         
                                207, 209, 209, 209    17, 18, 22, 25      
                                210, 210, 212, 212    5, 11, 13, 18       
                                213, 215, 215, 215    53, 2, 5, 18        
                                216, 219, 219, 222    27, 10, 16, 22      
                                222, 222, 223, 223    28, 31, 2, 5        
                                223, 223, 224, 231    7, 25, 6, 51        
                                231, 232, 234, 235    66, 2, 2, 2         
                                235, 236, 254, 321    43, 24, 17, 3       
                                324, 368, 422, 461    14, 16, 3, 2        
                                476, 477, 477, 478    13, 2, 24, 17       
                                478, 485, 489, 490    26, 16, 29, 5       
                                491, 493, 500, 502    5, 11, 17, 11       
                                505, 512, 514, 521    7, 5, 22, 17        
                                523, 525, 531, 531    11, 2, 11, 14       
                                531, 541, 542, 543    24, 5, 21, 2        
                                545, 563, 564         5, 12, 32           
тал                             45, 111, 143, 153     10, 4, 9, 16        
                                177, 330, 331, 334    13, 5, 7, 8         
                                335, 336, 345, 392    3, 5, 11, 13        
                                401, 430, 431         6, 3, 6             
талууд                          45, 111, 143, 153     10, 4, 9, 16        
                                177, 330, 331, 334    13, 5, 7, 8         
                                335, 336, 345, 392    3, 5, 11, 13        
                                401, 430, 431         6, 3, 6             
засгийн газрын үйл ажиллагааны хөтөлбөр  46                    20                  
захиргаа                        46, 70, 159, 161      6, 9, 14, 2         
                                162, 177, 177, 191    18, 6, 15, 18       
                                195, 195, 197, 197    2, 11, 2, 11        
                                197, 198, 198, 198    27, 2, 49, 72       
                                200, 202, 202, 209    21, 12, 24, 10      
                                215, 216, 217, 218    28, 6, 38, 2        
                                219, 222, 231, 400    6, 6, 6, 13         
                                400, 402, 460, 516    26, 30, 2, 6        
                                518, 525, 543, 547    10, 5, 12, 13       
иргэн                           62, 74, 164, 187      8, 18, 4, 11        
                                288, 325, 359, 445    11, 8, 17, 21       
                                525                   10                  
төрийн бус байгууллага          63, 74                7, 9                
эрх бүхий этгээд                64                    8                   
салбар                          70, 71, 164, 279      22, 3, 6, 4         
                                367, 368, 525         29, 4, 24           
удирдлага                       71, 84, 356           10, 10, 19          
мэдээ                           73                    10                  
шинжээч                         74, 220, 221, 354     16, 2, 5, 5         
                                392                   11                  
гэрээ                           93, 162, 398, 472     3, 3, 5, 3          
улсын  төсөв                    95                    3                   
улсын төсөв                     95                    3                   
төсвийн тодотгол                95                    5                   
төсвийн хүрээний мэдэгдэл       96                    3                   
хөрөнгө оруулалт                97                    2                   
хөтөлбөр                        97, 108, 483          4, 5, 12            
өрийн удирдлага                 98                    3                   
олон улсын хөл хориот өвчин     100, 232              34, 42              
дайн бүхий байдал               100                   6                   
дайны байдал                    100, 232              23, 31              
гамшгаас хамгаалах              100, 232              25, 33              
бэлэн байдал                    100, 232              30, 38              
дайчилгаа                       100                   12                  
дайсан                          100, 232              20, 28              
чуулганы хуралдаан              114, 124, 483, 500    5, 11, 5, 5         
аюул                            116                   2                   
төлөөлөгчийн газар              120                   2                   
захиргааны байгууллага          122                   2                   
албан татвар                    127                   2                   
зөвлөмж                         135, 139, 158, 180    18, 9, 31, 15       
                                367, 478, 547         21, 28, 7           
монгол улсын олон улсын гэрээ   140, 154, 225, 235    5, 8, 9, 15         
                                517                   6                   
зохицуулалт                     145, 182, 250, 284    9, 9, 24, 7         
                                288, 290, 315, 356    7, 5, 5, 18         
                                357, 392, 564         27, 12, 14          
төрийн байгууллага              187, 197, 461, 512    14, 16, 14, 14      
                                513                   11                  
гарын үсэг зурах                197, 445              37, 30              
орлого                          198, 203              60, 17              
тайлбар                         200, 310, 369, 378    26, 3, 7, 18        
зөвшөөрөл                       203, 205, 207, 208    31, 32, 26, 5       
                                209, 232, 477         5, 20, 28           
олон улсын гэрээ                207, 399, 507         8, 3, 3             
танилцуулга                     213, 389, 390, 391    13, 5, 5, 3         
                                469                   6                   
дунд хугацааны төсвийн хүрээний мэдэгдэл  231, 493              41, 17              
төсвийн тусгай шаардлага        231                   25                  
агуулах                         267, 348, 392         17, 3, 4            
мөрдөгч                         284, 285, 315, 344    5, 3, 3, 5          
                                357, 532, 533, 534    25, 10, 10, 11      
                                535, 569              7, 12               
журам                           284, 285, 312, 315    6, 4, 7, 4          
                                356, 357, 368, 433    35, 26, 8, 9        
                                472, 485, 502, 514    15, 10, 6, 16       
шилжилтийн үе                   287                   6                   
гүйцэтгэгч                      287, 400              14, 17              
баталгаажуулах                  288, 402, 485         23, 24, 8           
нэгж                            295, 426, 502, 540    5, 5, 4, 10         
                                541, 545              18, 10              
холбоо                          301                   5                   
сан                             302, 303, 496, 497    3, 3, 3, 3          
                                513, 514, 515, 516    15, 7, 5, 20        
                                517, 518              5, 4                
ашигт малтмал                   324                   8                   
үндэсний аюулгүй байдал         349, 455              13, 8               
оролцогч                        356                   12                  
хүн                             356                   13                  
зөвлөл                          367, 367, 368         4, 30, 5            
мэдээлэл                        391, 505, 507, 516    5, 9, 15, 9         
                                518                   15                  
уригч                           394, 417              3, 3                
арга хэмжээ                     395, 490, 530         9, 27, 9            
олон улсын байгууллага          402                   3                   
санхүүгийн байгууллага          402                   12                  
банк                            402                   11                  
зээл                            402                   15                  
орчуулагч                       402, 472              21, 24              
баримт бичиг                    435, 482              4, 5                
цахим хуудас                    443, 454, 518         5, 23, 18           
холбогдох этгээд                445                   28                  
хяналт тавих                    459                   10                  
мэргэжлийн байгууллага          460                   11                  
тайлан                          469, 483              35, 21              
архив                           502                   3                   
хуулбарлах                      512, 513              11, 6               
хувийн хэрэг                    514, 531              13, 16              
нийтлэг журам                   528, 529              6, 6                
ачаа                            564                   12                  
