File: MNCLW00786.txt
Search Method: Aho-Corasick
Total runtime: 0.002328s
Found terms: 179

Term                            Line                  Word Place          

цэргийн алба                    7, 14, 23, 25         1, 22, 13, 3        
                                30, 33, 34, 37        7, 3, 3, 4          
                                39, 41, 50, 52        13, 6, 26, 4        
                                60, 64, 70, 75        4, 10, 3, 9         
                                78, 81, 84, 86        3, 3, 3, 5          
                                88, 90, 96, 96        6, 17, 19, 28       
эд хөрөнгө                      7, 14, 17, 19         4, 26, 6, 4         
                                23, 25, 25, 29        16, 12, 28, 2       
                                29, 30, 30, 33        36, 2, 33, 6        
                                34, 37, 39, 41        6, 7, 16, 2         
                                41, 43, 45, 52        23, 6, 5, 7         
                                54, 60, 62, 66        4, 7, 25, 6         
                                69, 70, 75, 77        10, 16, 12, 4       
                                78, 80, 83, 88        47, 8, 9, 2         
                                88, 90, 93, 94        19, 20, 4, 4        
                                96, 96                5, 12               
нийтлэх                         11, 12                1, 1                
цэргийн жинхэнэ алба хаагч      14                    6                   
дайчилгаатай сургууль           14                    10                  
дайчилгааны сургууль            14                    10                  
цэргийн үүрэгтэн                14, 83                15, 6               
сонсогч                         14                    20                  
үйлчлэгч                        22                    4                   
цэргийн эд хөрөнгө              23, 30, 39, 58        8, 18, 6, 7         
                                62, 68, 69, 70        8, 3, 23, 7         
                                73                    6                   
гүйцэтгэгч                      23, 39, 62, 86        5, 3, 6, 23         
цэргийн анги, байгууллага       25, 29, 50, 74        18, 5, 17, 10       
                                75, 78, 81, 88        24, 33, 32, 15      
                                90, 96                3, 45               
хариуцагч                       25, 96                15, 49              
иргэн                           25, 96                27, 35              
тодорхойлолт                    27                    6                   
хэрэглэгч                       28, 59                3, 6                
санхүүгийн тайлан               29                    10                  
галт зэвсэг                     29                    17                  
цэргийн техник                  29                    21                  
тоног төхөөрөмж                 29                    23                  
барилга байгууламж              29                    27                  
хүнсний бүтээгдэхүүн            29                    32                  
мал                             29                    31                  
батлан хамгаалах                32, 69                15, 13              
үйл ажиллагаа                   32                    18                  
хуулийн этгээд                  32, 101               22, 5               
байгууллага                     32, 32, 45, 73        3, 9, 3, 3          
                                74, 75                18, 3               
удирдлага                       32                    8                   
салбар                          32                    17                  
эс үйлдэхүй                     41, 50, 56            14, 6, 7            
захиргаа                        41, 73, 75            17, 26, 29          
тохиолдол                       43, 50, 54, 73        5, 21, 14, 37       
                                84                    8                   
тушаал                          46, 78, 80, 88        5, 52, 7, 23        
                                96, 96                16, 43              
захирамж                        46                    6                   
шинжээч                         47, 58, 62, 74        5, 3, 20, 5         
эрсдэл                          48                    7                   
гуравдагч этгээд                50                    9                   
журам                           50, 66, 73, 75        32, 10, 27, 30      
гэмт хэрэг                      56                    10                  
тогтоол                         56                    17                  
хөрөнгө                         64, 72, 86            2, 4, 2             
шалгагч                         66, 72                5, 7                
зах зээл                        68, 69                18, 4               
газар                           69                    18                  
мэдээ                           73                    12                  
этгээд                          73                    20                  
ажил                            73                    23                  
даруй                           74                    20                  
нотлох баримт                   75                    17                  
төлбөр                          80, 84, 86, 90        2, 2, 20, 26        
                                96                    23                  
нэхэмжлэл                       81                    40                  
төлбөр төлөгч                   86, 88                15, 10              
шүүхийн шийдвэр                 86                    21                  
шийдвэр                         93, 94, 94            9, 9, 13            
гомдол                          93                    10                  
хүн                             101                   4                   
мөрдөгч                         104                   13                  
