File: MNCLW00510.txt
Search Method: Aho-Corasick
Total runtime: 0.002724s
Found terms: 348

Term                            Line                  Word Place          

органик хүнс                    8, 13, 14, 19         1, 11, 4, 8         
                                19, 20, 42, 60        19, 6, 10, 6        
                                70, 72, 75, 76        8, 4, 4, 7          
                                79, 80, 81, 84        2, 3, 3, 1          
                                85, 87, 103, 113      1, 4, 4, 6          
                                114, 115              5, 9                
нийтлэх                         10, 11                1, 1                
органик үйлдвэрлэл              13, 24, 30, 38        8, 17, 4, 1         
                                39, 40, 43, 47        1, 4, 6, 4          
                                56, 58, 70, 86        7, 4, 4, 6          
                                94, 113               12, 4               
ажилгүй                         13, 19, 24, 42        6, 5, 10, 27        
                                44, 67, 70, 70        17, 5, 2, 18        
                                71, 75, 80, 81        9, 14, 17, 17       
                                90, 91, 92, 94        21, 26, 30, 3       
                                96, 99, 111           6, 20, 11           
үйлдвэрлэгч                     13, 19, 20, 25        15, 18, 8, 22       
                                31, 41, 42, 44        2, 19, 4, 4         
                                56, 64, 90, 90        11, 2, 6, 11        
                                105, 110              12, 3               
баталгаажуулах                  13, 42, 90, 91        17, 12, 17, 14      
хэрэглэгч                       13, 22, 51, 55        25, 3, 16, 19       
                                65, 70, 90, 111       7, 13, 12, 7        
                                112                   16                  
тохирлын үнэлгээний итгэмжлэл   15, 73                31, 43              
хүнсний бүтээгдэхүүн            15, 48, 64, 73        14, 4, 3, 13        
                                79, 106, 114          9, 4, 18            
техникийн зохицуулалт           15, 73                29, 41              
хяналт шалгалт                  15, 52, 73, 80        49, 21, 36, 9       
                                81, 114, 114          9, 26, 48           
хүнс                            15, 15, 23, 23        2, 11, 2, 4         
                                24, 36, 42, 44        15, 10, 25, 15      
                                46, 52, 55, 59        2, 8, 6, 4          
                                62, 66, 70, 71        26, 2, 16, 2        
                                71, 73, 73, 75        7, 2, 7, 6          
                                75, 80, 81, 86        12, 15, 15, 9       
                                90, 90, 91, 92        7, 19, 24, 28       
                                94, 96, 99, 106       14, 4, 18, 2        
                                109, 110, 111, 114    3, 4, 9, 15         
аюул                            15, 32, 48, 64        16, 11, 6, 5        
                                73, 79, 106, 114      15, 11, 6, 20       
хангагч                         15, 48, 49, 59        18, 8, 10, 14       
                                64, 73, 76, 79        7, 17, 18, 13       
                                79, 101, 106, 114     19, 9, 8, 22        
ургамал                         15, 15, 19, 32        22, 37, 16, 4       
                                62, 63, 63, 73        6, 6, 13, 24        
                                114                   36                  
ой                              15, 63                25, 9               
стандартчилал                   15, 26, 27, 73        28, 3, 3, 40        
амьтан                          15, 19, 20, 32        36, 22, 2, 5        
                                50, 68, 73, 114       2, 8, 23, 35        
бүтээгдэхүүн                    15, 19, 35, 50        42, 14, 14, 14      
                                57, 69, 73, 114       4, 8, 29, 41        
мөрдөгч                         17, 43, 50, 112       17, 12, 23, 21      
                                123                   12                  
мал                             19, 68                21, 7               
үр                              19, 68                28, 10              
үйл ажиллагаа                   20, 102               12, 13              
тодорхойлолт                    21                    7                   
анхан шатны үйлдвэрлэл эрхлэх   25                    4                   
эрх бүхий этгээд                25, 41                15, 11              
баталгаажуулалт                 25, 41, 84, 85        13, 9, 3, 3         
                                86, 91, 92, 96        10, 21, 15, 19      
                                97, 102, 104, 104     6, 6, 5, 14         
                                115                   6                   
гэрээ                           25, 98                18, 8               
тохирлын үнэлгээ                26, 27                4, 4                
ус                              32, 51                2, 13               
агаар                           32                    3                   
хүн                             32, 50, 121           6, 3, 4             
зээл                            34                    2                   
эрүүл мэнд                      35, 50                9, 4                
шинжээч                         35, 50, 120           18, 16, 10          
технологи                       35, 50                24, 21              
шилжилтийн үе                   40, 42, 43, 46        6, 6, 3, 5          
                                55, 105               4, 6                
байгууллага                     41, 42, 42, 43        16, 2, 34, 2        
                                44, 44, 49, 52        2, 24, 2, 26        
                                62, 75, 78, 80        34, 21, 6, 2        
                                80, 81, 81, 86        24, 2, 24, 5        
                                87, 88, 88, 89        11, 5, 8, 8         
                                90, 91, 91, 92        28, 6, 11, 2        
                                92, 94, 96, 99        37, 10, 13, 27      
                                101, 102, 106         3, 11, 19           
хүсэлт                          41                    22                  
ажил                            42, 44, 52, 99        21, 25, 12, 28      
захиргаа                        42, 44, 62, 75        32, 22, 32, 19      
                                80, 81, 90, 92        22, 22, 26, 35      
                                94, 96, 99            8, 11, 25           
үнэлгээ                         43                    20                  
дүгнэлт                         43                    21                  
журам                           43, 56, 70, 77        27, 5, 12, 6        
                                91, 91, 92, 111       8, 23, 12, 8        
мэдээлэл                        44, 99, 101           14, 17, 8           
хүнсний түүхий эд               50                    11                  
хувиргасан амьд организм        57                    12                  
хариуцагч                       61                    3                   
байгаль орчин                   62                    23                  
тохиолдол                       62, 79, 91            8, 6, 15            
халдваргүйжүүлэлт               62                    20                  
талууд                          62, 90                22, 15              
тал                             62, 90                22, 15              
цэвэрлэх байгууламж             67                    11                  
газар                           67, 70, 71, 91        7, 23, 14, 31       
                                111                   16                  
лаг                             67                    13                  
гишүүн                          70, 71, 91, 111       24, 15, 32, 17      
орц                             71, 107               3, 4                
мэдээллийн сан                  75, 94, 96            23, 15, 23          
гэрчилгээ                       78, 92                13, 17              
гүйцэтгэгч                      87                    12                  
итгэмжлэл                       91, 96, 102           10, 2, 10           
олон улсын байгууллага          92                    7                   
дүрэм                           92                    11                  
стандарт                        92                    13                  
этгээд                          96, 97, 102, 115      21, 8, 8, 8         
зар сурталчилгаа                109, 110              14, 13              
тээвэрлэлт                      114                   8                   
үйлчилгээ                       114                   12                  
хяналт тавих                    115                   15                  
хуулийн этгээд                  121                   5                   
