File: MNCLW00033.txt
Search Method: Trie (MWE + Single-Word)
Total runtime: 0.012642s
Found terms: 417

Term                            Line                  Word Place          

санал                           8, 15, 15, 15         3, 7, 10, 17        
                                16, 17, 18, 19        4, 3, 4, 10         
                                19, 21, 22, 24        15, 2, 8, 5         
                                26, 27, 28, 29        4, 14, 9, 3         
                                29, 30, 31, 32        12, 4, 3, 2         
                                32, 33, 34, 34        20, 4, 9, 10        
                                37, 38, 39, 40        4, 6, 7, 6          
                                40, 40, 41, 41        12, 20, 7, 17       
                                44, 44, 47, 51        24, 26, 4, 20       
                                52, 57, 58, 59        11, 1, 1, 4         
                                60, 61, 61, 63        3, 2, 5, 14         
                                63, 63, 64, 64        18, 20, 8, 24       
                                64, 66, 66, 70        43, 13, 21, 4       
                                77, 77, 88, 89        10, 27, 1, 1        
                                90, 91, 92, 93        4, 2, 4, 5          
                                93, 94, 94, 96        12, 4, 6, 4         
                                96, 97, 97, 99        9, 3, 8, 4          
                                101, 101, 103, 103    13, 15, 5, 7        
                                103, 103, 103, 103    13, 15, 28, 41      
                                104, 104, 104, 104    3, 6, 12, 17        
                                106, 107, 109, 112    6, 15, 4, 4         
                                113, 114, 115, 115    2, 2, 2, 10         
                                115, 115, 115, 116    12, 22, 28, 21      
                                118, 118, 121, 122    2, 5, 1, 1          
                                123, 124, 124, 125    4, 2, 5, 3          
                                125, 125, 126, 126    11, 16, 7, 14       
                                126, 127, 128, 129    17, 10, 14, 3       
                                129, 129, 129, 130    18, 40, 42, 6       
                                130, 130, 130, 130    13, 18, 28, 31      
                                131, 131, 131, 132    7, 17, 30, 10       
                                133, 133, 134, 134    6, 9, 5, 11         
                                135, 135, 135, 136    3, 6, 14, 14        
                                137, 137, 138, 139    4, 6, 5, 8          
                                140, 140, 141, 141    2, 6, 4, 9          
                                142, 143, 143, 143    3, 19, 24, 29       
                                144, 144, 145, 146    3, 8, 14, 8         
                                147, 147, 147, 148    14, 17, 22, 4       
                                149, 150, 150, 150    7, 4, 11, 20        
                                150, 151, 151, 152    31, 11, 16, 9       
                                152, 152              22, 30              
нийтлэх                         12, 13                1, 1                
зохион байгуулагч               15, 71, 84, 97        20, 42, 19, 31      
журам                           15, 24, 43, 76        15, 11, 11, 14      
                                85, 91, 96, 111       13, 15, 15, 5       
                                118, 129, 136, 155    8, 51, 19, 10       
                                156                   10                  
сонгуулийн автоматжуулсан систем  17, 117               16, 4               
байгууллага                     17, 24, 24, 40        23, 21, 30, 19      
                                43, 51, 57, 58        9, 19, 7, 7         
                                67, 67, 70, 71        18, 27, 8, 10       
                                74, 76, 96, 97        18, 10, 3, 20       
                                106, 106, 108, 110    12, 27, 9, 16       
                                111, 116, 118, 124    8, 26, 11, 15       
                                129, 129, 149         32, 54, 17          
иргэн                           19, 20, 22, 24        4, 17, 7, 4         
                                39, 42, 44, 64        4, 20, 12, 7        
                                64, 66, 66, 67        14, 15, 23, 3       
                                81, 82, 83, 84        1, 1, 4, 4          
                                93, 100, 101, 101     9, 10, 3, 8         
                                101, 103, 106, 106    17, 17, 5, 15       
                                106, 107, 107, 110    31, 4, 8, 3         
                                110, 116, 124, 126    11, 13, 17, 11      
                                130, 130, 147, 147    17, 20, 11, 26      
                                151                   6                   
18 нас хүрсэн                   20                    10                  
чадамж                          20                    16                  
зохиогч                         24, 57, 58, 70        8, 9, 9, 10         
                                75                    6                   
захиргаа                        24, 64                28, 28              
тохиолдол                       27, 129, 130, 142     13, 49, 26, 7       
                                143                   23                  
эрх бүхий этгээд                30                    7                   
газар                           31, 32, 42, 42        10, 11, 16, 26      
                                64, 71, 71, 73        37, 21, 26, 22      
                                77, 90, 91, 97        6, 6, 4, 29         
                                134, 134, 134, 135    32, 38, 45, 32      
                                135, 135, 145, 149    38, 45, 11, 6       
шийдвэр                         33, 38, 38, 40        7, 5, 11, 15        
                                146                   14                  
зарлаг                          37, 38, 41, 44        7, 25, 22, 34       
                                64, 101, 102, 125     55, 19, 5, 14       
мэдээлэл                        42, 67, 67, 69        9, 13, 31, 5        
                                108, 124, 129, 136    8, 14, 34, 3        
хангагч                         42, 53, 84, 93        10, 11, 23, 23      
                                136                   6                   
хариуцагч                       42, 53                27, 17              
төрийн бус байгууллага          43                    4                   
сум                             44, 64, 66, 71        9, 12, 4, 12        
                                73, 77, 97, 134       17, 17, 23, 27      
                                134, 135, 135, 145    33, 27, 33, 6       
нийслэл                         44, 66, 67, 67        10, 9, 15, 24       
                                71, 77, 97, 134       13, 18, 24, 41      
                                135, 136, 149         41, 23, 2           
улсын төсөв                     48                    6                   
улсын  төсөв                    48                    6                   
улсын бүртгэл                   51, 64, 67, 69        4, 17, 40, 7        
                                73, 84                6, 10               
захиргааны байгууллага          51, 64, 67, 69        9, 22, 45, 12       
                                73, 84                11, 15              
хүн                             51, 116               12, 33              
орон нутгийн өмч                52                    21                  
хуулийн этгээд                  52                    25                  
төлбөр                          52                    28                  
аудитын байгууллага             54                    13                  
гүйцэтгэгч                      54, 100, 105          6, 20, 8            
дүгнэлт                         54                    17                  
монгол улсын нутаг дэвсгэр      60                    9                   
байнга оршин суугч              64                    34                  
мэдээллийн сан                  64                    39                  
нэгж                            64, 71, 77            31, 30, 26          
иргэний бүртгэл                 67, 67, 106, 106      16, 25, 10, 25      
даруй                           67, 129, 131, 134     20, 38, 33, 49      
ажил                            71, 84, 97            4, 9, 17            
гишүүн                          73, 105, 150          32, 25, 18          
удирдлага                       84                    22                  
гомдол                          85, 155, 156, 157     5, 6, 6, 13         
баримт бичиг                    93                    17                  
гарын үсэг зурах                105, 134              26, 22              
тэмдэглэл                       105, 115, 125, 127    10, 7, 24, 7        
итгэмжлэгдсэн ажилтан           106, 106              13, 28              
мэдээллийн систем               106                   32                  
шалгагч                         106, 126, 131         34, 24, 24          
ажиглах                         108, 109, 110, 111    5, 6, 17, 3         
                                116, 124              30, 12              
олон улсын байгууллага          110                   6                   
сонгогч                         114                   17                  
сонгуулийн эрх бүхий иргэн      116                   16                  
ажилтан                         116                   27                  
нээлт                           124                   22                  
санал тоолох төхөөрөмж          129, 129, 129         4, 9, 22            
мэдээ                           129                   14                  
уншигч                          134                   8                   
аюул                            136, 143              4, 4                
хураагч                         141, 150              10, 12              
уригч                           143                   11                  
дахин санал хураалт             146, 147              20, 27              
тал                             150                   10                  
талууд                          150                   10                  
