File: MNCLW00513.txt
Search Method: Aho-Corasick
Total runtime: 0.020158s
Found terms: 2130

Term                            Line                  Word Place          

өрийн удирдлага                 8, 13, 32, 60         1, 5, 3, 3          
                                60, 89, 90, 92        13, 1, 1, 4         
                                100, 103, 104, 113    10, 3, 3, 3         
                                115, 120, 121, 128    8, 3, 6, 9          
                                130, 147, 154, 154    3, 3, 12, 26        
                                159, 165, 179, 182    6, 5, 2, 5          
                                188, 197, 198, 217    10, 1, 1, 5         
                                220, 221, 225, 290    12, 3, 3, 5         
                                334, 336, 347, 348    14, 3, 4, 4         
                                453, 454, 587, 588    3, 3, 1, 1          
                                591, 626, 648, 656    10, 10, 4, 3        
нийтлэх                         10, 11, 361, 493      1, 1, 12, 5         
                                500, 549              5, 5                
засгийн газрын өрийн баталгаа   13, 21, 39, 62        29, 15, 3, 6        
                                63, 65, 66, 71        6, 6, 4, 7          
                                80, 81, 87, 118       13, 9, 4, 4         
                                136, 189, 190, 193    7, 5, 5, 5          
                                255, 256, 257, 259    5, 16, 7, 18        
                                260, 516, 517, 519    18, 1, 1, 21        
                                522, 528, 530, 531    10, 12, 7, 7        
                                533, 539, 556, 558    5, 6, 5, 15         
                                559, 560, 561, 568    24, 22, 30, 29      
                                570, 571, 576, 590    10, 14, 10, 13      
                                593, 597, 605, 626    9, 17, 5, 25        
                                642                   21                  
зохицуулалт                     13, 130, 154, 197     8, 6, 15, 4         
                                198, 235, 290, 326    4, 12, 7, 6         
                                327, 340, 506, 648    25, 4, 7, 6         
хангагч                         13, 27, 55, 57        13, 20, 4, 4        
                                68, 69, 72, 79        8, 9, 8, 8          
                                111, 160, 167, 193    11, 6, 12, 14       
                                209, 223, 248, 267    5, 23, 9, 7         
                                270, 273, 283, 285    13, 16, 14, 29      
                                296, 310, 354, 358    3, 14, 10, 19       
                                359, 360, 382, 386    17, 7, 23, 27       
                                401, 411, 422, 424    8, 12, 7, 15        
                                441, 442, 447, 448    17, 17, 16, 16      
                                471, 520, 521, 528    11, 18, 19, 6       
                                542, 546, 552, 591    7, 18, 25, 17       
                                626                   15                  
газар                           13, 15, 20, 27        19, 25, 2, 5        
                                28, 30, 31, 31        7, 2, 2, 24         
                                32, 33, 37, 38        2, 12, 5, 12        
                                43, 43, 60, 62        2, 7, 2, 2          
                                63, 65, 66, 67        2, 2, 2, 2          
                                70, 71, 72, 74        2, 2, 4, 2          
                                74, 81, 94, 95        8, 2, 15, 15        
                                96, 97, 100, 102      2, 2, 7, 4          
                                103, 104, 105, 105    2, 2, 9, 19         
                                113, 115, 116, 116    2, 6, 15, 25        
                                117, 118, 119, 120    2, 2, 2, 2          
                                122, 122, 123, 123    2, 15, 2, 15        
                                125, 125, 130, 131    7, 11, 2, 9         
                                132, 133, 134, 134    9, 2, 6, 11         
                                135, 136, 137, 138    2, 2, 2, 16         
                                141, 143, 147, 148    2, 2, 2, 2          
                                149, 151, 151, 152    2, 4, 13, 2         
                                155, 155, 156, 156    14, 33, 14, 33      
                                163, 181, 189, 190    10, 2, 2, 2         
                                192, 193, 200, 203    15, 2, 2, 2         
                                212, 213, 217, 218    19, 19, 4, 13       
                                218, 220, 221, 222    24, 2, 2, 5         
                                223, 225, 228, 229    17, 2, 6, 2         
                                231, 232, 233, 234    2, 2, 2, 2          
                                238, 239, 242, 245    16, 25, 14, 6       
                                246, 247, 252, 254    2, 2, 2, 4          
                                255, 256, 257, 257    2, 11, 2, 14        
                                258, 259, 260, 262    4, 5, 5, 2          
                                263, 263, 264, 265    15, 29, 2, 4        
                                266, 267, 270, 271    2, 2, 2, 2          
                                272, 273, 283, 284    2, 6, 2, 2          
                                289, 314, 326, 334    2, 2, 4, 25         
                                336, 340, 341, 341    2, 2, 7, 15         
                                342, 343, 344, 345    35, 4, 11, 2        
                                345, 351, 352, 353    11, 2, 2, 4         
                                354, 358, 359, 362    2, 2, 2, 5          
                                365, 366, 367, 368    2, 9, 4, 2          
                                371, 373, 374, 374    2, 8, 2, 26         
                                381, 381, 387, 390    2, 14, 26, 2        
                                390, 391, 391, 397    21, 2, 21, 4        
                                398, 400, 400, 400    2, 2, 18, 24        
                                400, 401, 405, 405    30, 2, 2, 23        
                                406, 410, 411, 412    2, 2, 2, 2          
                                413, 413, 413, 414    2, 14, 31, 10       
                                416, 417, 425, 426    4, 2, 2, 2          
                                428, 428, 428, 429    13, 16, 20, 6       
                                430, 445, 445, 446    22, 42, 52, 42      
                                446, 449, 450, 451    52, 2, 2, 2         
                                452, 453, 454, 461    2, 2, 2, 22         
                                462, 470, 471, 475    22, 4, 2, 2         
                                476, 478, 479, 479    2, 2, 2, 19         
                                482, 484, 489, 506    6, 12, 7, 21        
                                507, 507, 518, 519    10, 26, 4, 2        
                                520, 521, 522, 525    2, 2, 20, 11        
                                525, 526, 526, 530    18, 11, 18, 18      
                                530, 531, 531, 534    21, 18, 21, 2       
                                535, 540, 541, 546    2, 4, 2, 2          
                                548, 557, 562, 563    2, 4, 2, 2          
                                563, 567, 568, 568    21, 6, 2, 26        
                                569, 571, 572, 578    2, 2, 4, 25         
                                579, 579, 582, 585    6, 29, 2, 2         
                                594, 602, 604, 606    25, 2, 2, 2         
                                607, 612, 623, 625    9, 2, 2, 23         
                                629, 630, 631, 632    18, 2, 2, 2         
                                636, 637, 638, 639    2, 2, 20, 29        
                                642, 643, 644, 645    18, 4, 11, 4        
                                646, 646, 647, 649    2, 10, 11, 2        
                                651, 654, 654, 656    2, 2, 29, 2         
                                656, 657, 665         14, 7, 2            
зээллэг                         13, 21, 33, 36        22, 14, 42, 10      
                                38, 46, 62, 63        15, 5, 5, 5         
                                65, 66, 66, 67        5, 3, 13, 5         
                                71, 74, 75, 76        6, 11, 9, 10        
                                77, 81, 84, 98        10, 6, 11, 12       
                                107, 109, 112, 117    7, 5, 4, 4          
                                122, 123, 135, 138    3, 3, 3, 4          
                                148, 149, 152, 155    3, 3, 3, 15         
                                156, 161, 162, 163    15, 4, 4, 15        
                                166, 167, 173, 174    4, 4, 5, 5          
                                176, 181, 189, 190    2, 4, 3, 3          
                                193, 194, 257, 264    3, 2, 5, 9          
                                265, 266, 267, 268    5, 14, 3, 6         
                                270, 271, 272, 272    3, 3, 11, 15        
                                273, 280, 280, 281    7, 2, 16, 2         
                                283, 284, 289, 291    5, 16, 9, 30        
                                291, 292, 292, 320    33, 30, 33, 13      
                                383, 403, 471, 475    15, 14, 4, 3        
                                476, 478, 479, 489    3, 3, 4, 9          
                                519, 519, 521, 522    7, 20, 6, 8         
                                528, 533, 533, 546    11, 10, 21, 6       
                                551, 556, 559, 559    4, 4, 13, 20        
                                560, 560, 561, 561    6, 19, 4, 29        
                                562, 565, 570, 571    8, 17, 15, 6        
                                604, 606, 636, 643    4, 6, 4, 6          
                                644, 649              13, 9               
зам                             13, 32, 72, 86        24, 17, 9, 6        
                                235                   10                  
өр                              13, 18, 19, 21        25, 9, 8, 27        
                                26, 28, 30, 34        10, 4, 3, 4         
                                39, 41, 47, 70        11, 14, 2, 5        
                                73, 78, 81, 84        5, 9, 7, 5          
                                85, 85, 86, 87        5, 11, 4, 10        
                                116, 136, 163, 200    18, 5, 3, 5         
                                212, 213, 222, 228    21, 21, 8, 4        
                                245, 255, 256, 258    4, 3, 14, 7         
                                294, 295, 304, 310    14, 14, 9, 10       
                                317, 319, 320, 321    5, 20, 14, 20       
                                347, 348, 544, 593    1, 1, 3, 4          
                                601, 608, 613, 625    4, 2, 14, 10        
удирдлага                       14, 15, 27, 52        4, 2, 2, 4          
                                53, 59, 61, 83        2, 4, 5, 2          
                                111, 160, 178, 184    2, 2, 4, 2          
                                218, 235, 287, 333    2, 2, 16, 4         
                                334, 424, 447, 448    2, 10, 10, 10       
                                475, 476, 530, 531    19, 28, 5, 5        
                                589, 655, 658, 666    4, 4, 2, 25         
                                667, 672, 674, 676    25, 2, 4, 2         
сан                             15, 141, 572, 612     27, 5, 7, 4         
мөрдөгч                         16, 286, 288, 390     17, 24, 24, 9       
                                391, 610, 640, 685    9, 24, 24, 5        
                                686                   12                  
үйлчлэгч                        17                    4                   
орон нутгийн төсөв              18, 285, 287, 321     3, 3, 3, 14         
                                323, 609, 639         6, 3, 3             
тохиолдол                       19, 21, 31, 74        5, 23, 16, 24       
                                83, 98, 181, 237      19, 24, 16, 20      
                                238, 272, 280, 281    14, 13, 7, 7        
                                320, 321, 372, 373    19, 13, 21, 6       
                                380, 381, 443, 444    27, 8, 18, 18       
                                445, 446, 475, 476    37, 37, 12, 21      
                                483, 484, 485, 490    22, 14, 12, 6       
                                506, 508, 509, 510    16, 13, 15, 14      
                                556, 559, 560, 561    11, 6, 17, 27       
                                579, 597              21, 30              
төлбөр                          19, 21, 25, 25        9, 28, 11, 15       
                                28, 31, 31, 35        28, 11, 17, 12      
                                35, 47, 81, 85        15, 3, 8, 12        
                                119, 208, 363, 364    9, 2, 7, 6          
                                409, 463, 464, 489    5, 5, 5, 17         
                                490, 490, 502, 504    18, 23, 8, 6        
                                509, 509, 510, 551    10, 19, 11, 8       
                                562, 570, 576, 578    12, 26, 17, 7       
                                578, 579, 579, 581    20, 24, 31, 24      
                                582, 592, 605, 608    5, 2, 10, 3         
                                625, 638              11, 23              
болзошгүй өр төлбөр             20, 71, 81, 654       10, 11, 13, 13      
                                654                   20                  
орон нутгийн өмч                21, 78, 271, 375      8, 22, 13, 15       
                                375, 483, 512, 523    24, 8, 8, 8         
                                613, 620              8, 8                
хуулийн этгээд                  21, 21, 474, 483      12, 25, 26, 12      
                                512, 519, 523, 524    12, 13, 12, 13      
                                613, 620              12, 12              
тодорхойлолт                    23                    6                   
хэрэглэгч                       24                    3                   
өрийн хэрэгсэл                  25, 39, 40            3, 8, 14            
хүү                             25, 35, 319, 328      9, 11, 23, 3        
                                474, 490, 502, 551    16, 22, 5, 7        
                                562, 578              11, 6               
үнэт цаас                       26, 43, 44, 49        7, 3, 3, 3          
                                49, 50, 50, 119       15, 3, 15, 3        
                                317, 398, 398, 400    13, 4, 10, 5        
                                401, 403, 405, 410    3, 2, 8, 3          
                                411, 412, 413, 414    4, 4, 4, 12         
                                416, 417, 418, 419    5, 3, 9, 10         
                                420, 424, 431, 437    9, 3, 3, 10         
                                438, 439, 440, 447    10, 11, 11, 3       
                                448, 453, 453, 454    3, 20, 25, 20       
                                454, 463, 464, 548    25, 3, 3, 8         
                                602                   3                   
зээл                            26, 41, 42, 42        6, 2, 4, 14         
                                106, 117, 125, 139    14, 9, 2, 3         
                                146, 168, 169, 281    2, 5, 5, 13         
                                296, 324, 355, 356    20, 14, 8, 8        
                                357, 359, 366, 372    11, 7, 21, 14       
                                372, 373, 376, 382    23, 19, 4, 13       
                                382, 383, 388, 389    15, 5, 2, 10        
                                389, 411, 468, 469    12, 22, 3, 3        
                                470, 472, 472, 473    7, 24, 27, 10       
                                474, 474, 477, 478    10, 14, 10, 16      
                                481, 482, 482, 485    5, 11, 20, 17       
                                486, 487, 488, 489    21, 14, 9, 3        
                                490, 491, 492, 494    9, 5, 12, 3         
                                495, 502, 504, 505    6, 3, 5, 8          
                                506, 508, 510, 511    11, 7, 8, 14        
                                513, 548, 604, 607    10, 7, 10, 10       
                                622, 630, 636, 636    3, 18, 10, 23       
                                642, 652              19, 3               
гэрээ                           26, 67, 151, 168      13, 13, 25, 6       
                                169, 361, 365, 366    6, 6, 5, 12         
                                376, 382, 387, 388    6, 16, 19, 3        
                                388, 389, 481, 483    9, 13, 6, 52        
                                484, 485, 488, 508    38, 18, 10, 14      
                                568, 569, 571, 584    7, 5, 18, 15        
                                630, 636, 637         7, 13, 5            
хяналт тавих                    27, 100, 104, 135     21, 16, 24, 13      
                                139, 151, 160, 167    6, 28, 7, 18        
                                193, 240, 374, 488    19, 8, 17, 29       
                                492, 494, 571, 656    15, 7, 37, 9        
үйл ажиллагаа                   27, 36, 67, 167       23, 12, 15, 16      
                                235, 326, 340, 364    13, 7, 5, 15        
                                413, 508, 648         10, 4, 7            
аж ахуйн нэгж                   28                    15                  
байнга оршин суугч              28, 41                21, 7               
этгээд                          28, 41, 60, 84        26, 12, 7, 9        
                                85, 87, 522, 541      9, 2, 2, 18         
                                545, 559, 560, 582    9, 11, 38, 12       
                                627, 672, 673, 676    4, 7, 6, 7          
                                677, 679, 680, 684    20, 12, 6, 15       
төсөв                           29, 131, 133, 176     2, 17, 23, 17       
                                194, 256, 263, 279    17, 23, 26, 8       
                                297, 307, 453, 454    2, 2, 19, 19        
                                671                   10                  
гүйцэтгэгч                      31, 36, 323, 344      13, 7, 9, 18        
                                483, 484, 509, 509    35, 21, 12, 21      
                                574, 578, 579, 644    4, 8, 32, 22        
засгийн газрын өрийн удирдлага  32, 40, 72, 93        7, 4, 10, 5         
үнэт цаас гаргагч               33, 397, 406, 413     38, 5, 3, 16        
                                421, 425, 428, 430    5, 3, 3, 5          
                                434, 435, 437, 438    5, 5, 21, 21        
                                443, 444, 445, 445    5, 5, 14, 46        
                                446, 446, 449, 450    14, 46, 3, 3        
                                461, 462              5, 5                
зах зээл                        33, 211, 413          29, 9, 8            
валют                           33, 33, 34, 272       5, 28, 9, 7         
үр                              33, 56, 71, 73        25, 6, 15, 10       
                                74, 74, 84, 98        26, 30, 15, 2       
                                99, 110, 111, 162     7, 11, 12, 11       
                                280, 368, 368, 372    14, 12, 16, 2       
                                477, 561, 660, 673    20, 13, 17, 10      
шинжээч                         34, 422               12, 15              
үйлчилгээ                       35, 78, 78, 271       2, 16, 28, 7        
                                271, 363              19, 6               
өрийн үйлчилгээ                 36, 133, 143, 154     5, 5, 9, 20         
                                300, 302, 304, 323    29, 7, 17, 3        
                                343, 344, 345, 595    5, 12, 3, 22        
                                649                   10                  
үнэ цэнэ                        37, 42, 629           8, 9, 22            
бүтээгдэхүүн                    37                    14                  
хөрөнгө                         41, 46, 56, 73        16, 6, 5, 9         
                                74, 77, 78, 78        12, 11, 13, 25      
                                84, 87, 98, 99        12, 14, 13, 2       
                                108, 110, 117, 122    5, 5, 5, 4          
                                123, 133, 135, 138    4, 17, 4, 5         
                                146, 148, 149, 152    3, 4, 4, 4          
                                155, 156, 161, 162    16, 16, 5, 5        
                                166, 167, 173, 174    5, 5, 6, 6          
                                176, 176, 189, 190    3, 9, 4, 4          
                                192, 193, 194, 194    5, 4, 3, 9          
                                264, 270, 271, 271    10, 4, 4, 16        
                                273, 280, 280, 281    8, 3, 17, 3         
                                302, 304, 365, 366    23, 12, 14, 22      
                                367, 368, 373, 374    7, 5, 13, 5         
                                374, 375, 377, 378    8, 12, 29, 29       
                                411, 471, 472, 474    6, 5, 28, 15        
                                475, 476, 478, 478    4, 4, 4, 17         
                                479, 499, 501, 512    5, 2, 2, 26         
                                521, 533, 546, 561    7, 11, 7, 5         
                                565, 570, 571, 606    18, 16, 7, 7        
                                636, 643, 644         5, 7, 14            
журам                           43, 44, 49, 50        12, 14, 24, 24      
                                113, 120, 147, 341    9, 9, 9, 13         
                                345, 374, 390, 391    5, 20, 10, 10       
                                413, 430, 461, 462    20, 11, 11, 11      
                                479, 555, 557, 568    8, 9, 8, 13         
                                625, 685              14, 6               
нийслэл                         44, 44, 49, 49        2, 7, 2, 7          
                                50, 50, 66, 112       2, 7, 15, 2         
                                158, 159, 165, 188    4, 2, 2, 2          
                                212, 213, 291, 291    2, 2, 2, 37         
                                292, 292, 294, 295    2, 37, 2, 2         
                                296, 300, 304, 305    5, 15, 2, 11        
                                306, 310, 314, 317    2, 2, 6, 2          
                                319, 320, 321, 323    2, 21, 2, 2         
                                324, 421, 422, 423    5, 4, 9, 2          
                                424, 428, 430, 431    2, 2, 2, 2          
                                434, 435, 437, 438    4, 4, 2, 2          
                                439, 439, 440, 440    2, 8, 2, 8          
                                443, 444, 445, 446    2, 2, 11, 11        
                                447, 448, 453, 454    2, 2, 17, 17        
                                461, 462, 463, 464    2, 2, 2, 2          
                                611, 649, 666, 667    2, 5, 2, 2          
олон улсын гэрээ                46                    14                  
төслийн баримт бичиг            46                    17                  
төсөл                           46, 75, 76, 77        8, 15, 2, 7         
                                87, 98, 99, 104       18, 9, 4, 16        
                                108, 110, 122, 123    8, 8, 10, 10        
                                132, 135, 136, 137    22, 9, 14, 9        
                                138, 146, 148, 149    11, 6, 10, 10       
                                152, 155, 156, 161    10, 21, 21, 7       
                                162, 166, 167, 173    8, 7, 8, 8          
                                174, 176, 189, 190    8, 5, 11, 11        
                                192, 193, 194, 205    8, 12, 5, 7         
                                206, 252, 264, 279    7, 22, 13, 2        
                                282, 296, 337, 364    2, 19, 4, 11        
                                365, 368, 371, 372    11, 7, 8, 9         
                                374, 375, 377, 378    10, 5, 31, 31       
                                387, 400, 411, 428    13, 11, 13, 7       
                                445, 445, 446, 446    18, 50, 18, 50      
                                471, 477, 483, 484    12, 15, 15, 5       
                                498, 503, 519, 522    2, 3, 16, 4         
                                528, 533, 537, 561    7, 13, 2, 8         
                                561, 606, 643, 644    18, 10, 9, 16       
                                654, 660              6, 12               
хариуцагч                       46, 477, 498          10, 33, 6           
оролцогч                        46, 60                21, 6               
тал                             46, 80, 92, 96        22, 17, 6, 5        
                                103, 108, 110, 115    5, 13, 13, 10       
                                128, 135, 159, 165    11, 17, 8, 7        
                                178, 283, 377, 378    5, 17, 36, 36       
                                491, 503, 579, 594    7, 7, 23, 20        
                                597, 626              21, 29              
талууд                          46, 80, 92, 96        22, 17, 6, 5        
                                103, 108, 110, 115    5, 13, 13, 10       
                                128, 135, 159, 165    11, 17, 8, 7        
                                178, 283, 377, 378    5, 17, 36, 36       
                                491, 503, 579, 594    7, 7, 23, 20        
                                597, 626              21, 29              
байгууллага                     46, 65, 127, 128      32, 17, 10, 8       
                                154, 155, 156, 173    8, 8, 8, 23         
                                174, 180, 181, 182    23, 15, 29, 4       
                                189, 190, 219, 226    26, 26, 8, 8        
                                239, 241, 251, 251    8, 8, 15, 23        
                                252, 253, 256, 257    15, 8, 8, 29        
                                263, 269, 283, 291    8, 13, 25, 22       
                                292, 312, 313, 317    22, 20, 8, 34       
                                319, 320, 327, 342    41, 8, 8, 9         
                                344, 361, 371, 377    8, 3, 6, 8          
                                378, 380, 380, 380    8, 8, 23, 30        
                                382, 385, 386, 388    8, 12, 7, 19        
                                390, 391, 399, 412    18, 18, 8, 20       
                                413, 423, 430, 443    28, 28, 19, 33      
                                444, 445, 446, 455    33, 8, 8, 8         
                                456, 461, 462, 472    8, 19, 19, 8        
                                479, 483, 484, 486    16, 44, 30, 8       
                                488, 492, 496, 497    28, 8, 15, 8        
                                506, 507, 510, 512    39, 21, 22, 30      
                                512, 514, 528, 545    35, 5, 25, 2        
                                552, 558, 563, 565    15, 8, 18, 8        
                                566, 568, 570, 571    8, 23, 8, 36        
                                576, 578, 581, 591    8, 37, 19, 8        
                                595, 596, 597, 599    8, 8, 8, 8          
                                615, 616, 616, 619    8, 13, 22, 4        
                                626, 629, 638, 642    8, 8, 14, 8         
                                644, 647, 659, 659    8, 8, 8, 13         
                                660                   29                  
арга хэмжээ                     48                    2                   
төсөл, арга хэмжээ              49, 50, 74, 270       9, 9, 14, 6         
                                273, 280, 285, 312    10, 9, 19, 6        
                                358, 359, 385, 437    10, 11, 2, 5        
                                438, 441, 442, 521    5, 5, 5, 9          
                                535, 546, 570, 571    8, 9, 19, 10        
нийтэд санал болгох             49, 50                30, 30              
санал                           49, 50, 122, 123      35, 35, 13, 13      
                                136, 146, 148, 149    34, 13, 13, 13      
                                155, 156, 161, 163    24, 24, 10, 7       
                                166, 173, 174, 181    10, 11, 11, 20      
                                189, 190, 256, 257    14, 14, 42, 33      
                                269, 283, 377, 378    14, 26, 34, 34      
                                384, 385, 386, 423    5, 13, 13, 20       
                                457, 458, 506, 507    12, 12, 40, 22      
                                677                   8                   
үндэсний аюулгүй байдал         62, 63, 342, 597      13, 13, 14, 22      
хөгжлийн бодлого                62, 63, 377, 378      27, 27, 21, 21      
захиргаа                        65, 127, 128, 154     15, 8, 6, 6         
                                155, 156, 173, 174    6, 6, 21, 21        
                                180, 181, 189, 190    13, 27, 24, 24      
                                219, 226, 239, 241    6, 6, 6, 6          
                                253, 256, 257, 263    6, 6, 27, 6         
                                269, 283, 291, 292    11, 23, 20, 20      
                                312, 313, 317, 319    18, 6, 32, 39       
                                320, 327, 342, 344    6, 6, 7, 6          
                                377, 378, 380, 380    6, 6, 6, 21         
                                382, 385, 386, 388    6, 10, 5, 17        
                                390, 391, 399, 412    16, 16, 6, 18       
                                413, 423, 430, 443    26, 26, 17, 31      
                                444, 445, 446, 455    31, 6, 6, 6         
                                456, 461, 462, 472    6, 17, 17, 6        
                                479, 483, 484, 486    14, 42, 28, 6       
                                488, 492, 496, 497    26, 6, 13, 6        
                                506, 507, 510, 528    37, 19, 20, 23      
                                552, 558, 563, 565    13, 6, 16, 6        
                                566, 568, 570, 571    6, 21, 6, 34        
                                576, 578, 581, 591    6, 35, 17, 6        
                                595, 596, 597, 599    6, 6, 6, 6          
                                615, 616, 626, 629    6, 20, 6, 6         
                                638, 642, 644, 647    12, 6, 6, 6         
                                659, 666, 667, 672    6, 20, 20, 21       
иргэн                           66, 158, 159, 166     16, 5, 3, 17        
                                291, 292, 314, 429    38, 38, 7, 15       
                                443, 444              10, 10              
хэлцэл                          67                    14                  
хөрөнгө оруулалт                77, 296, 312, 524     3, 17, 4, 7         
бараа                           78, 78, 271, 271      14, 26, 5, 17       
                                363                   4                   
ажил                            78, 78, 137, 152      15, 27, 15, 17      
                                167, 168, 169, 193    13, 9, 9, 15        
                                271, 271, 317, 320    6, 18, 17, 29       
                                363, 390, 391         5, 7, 7             
улсын нийт гадаад өр            80, 187, 590, 594     5, 5, 5, 8          
                                596, 597, 626         10, 10, 17          
засгийн газрын өр               80, 187, 590, 593     9, 9, 9, 5          
                                594, 595, 601, 626    12, 10, 5, 21       
хүртээмжтэй байдал              80                    23                  
төрийн байгууллага              83, 89, 90, 145       4, 4, 4, 9          
мэдээлэл                        87, 145, 154, 187     22, 8, 23, 16       
                                223, 245, 317, 319    19, 9, 26, 27       
                                320, 320, 496, 496    17, 34, 7, 20       
                                503, 503, 547, 552    9, 14, 2, 7         
                                552, 578, 590, 600    20, 16, 18, 6       
                                602, 606, 608, 609    7, 14, 4, 14        
                                611, 612, 614, 615    4, 6, 3, 18         
                                616, 625, 627, 630    11, 6, 10, 6        
                                636, 644, 646, 649    12, 32, 4, 12       
                                650, 651, 652, 653    3, 6, 5, 3          
                                654, 677              27, 12              
баримт бичиг                    93, 93, 109, 224      12, 16, 2, 4        
                                253, 317, 453, 454    10, 24, 6, 6        
                                594                   2                   
төсвийн хүрээний мэдэгдэл       94, 95, 116, 275      3, 3, 3, 3          
                                536                   3                   
гадаадын зээл                   96, 97, 125, 151      3, 3, 14, 14        
                                151, 351, 352, 353    21, 3, 3, 5         
                                354, 358, 365, 366    3, 5, 3, 10         
                                367, 368, 373, 374    5, 3, 11, 3         
                                377, 378, 381, 387    27, 27, 16, 7       
                                390, 391, 630         3, 3, 3             
гадаад зээл                     96, 97, 125, 151      3, 3, 14, 14        
                                151, 351, 352, 353    21, 3, 3, 5         
                                354, 358, 365, 366    3, 5, 3, 10         
                                367, 368, 373, 374    5, 3, 11, 3         
                                377, 378, 381, 387    27, 27, 16, 7       
                                390, 391, 630         3, 3, 3             
төсвийн төсөл                   105, 445, 446, 665    15, 39, 39, 13      
                                665, 677              35, 9               
гарын үсэг зурах                106, 125, 317         16, 17, 9           
зээллэгийн төлөвлөгөө           109, 134, 268, 383    12, 7, 4, 19        
                                405, 453, 454, 594    11, 13, 13, 4       
зөвшөөрөл                       112, 314, 425, 449    5, 3, 7, 7          
                                450                   7                   
гишүүн                          115, 341, 345, 374    7, 8, 12, 27        
                                381, 400, 405, 428    15, 25, 24, 14      
                                482, 506, 507, 525    7, 22, 11, 12       
                                526, 530, 531, 567    12, 19, 19, 7       
                                579, 625              7, 24               
зөвлөл                          121, 333, 334, 334    8, 5, 16, 18        
                                341, 342              11, 17              
дунд хугацааны төсвийн хүрээний мэдэгдэл  129, 226, 453, 454    4, 17, 8, 8         
                                665, 671              5, 4                
шийдвэр                         132, 136, 163, 256    21, 13, 17, 22      
                                291, 292, 334, 400    35, 35, 27, 10      
                                428, 429, 443, 444    6, 14, 16, 16       
                                445, 445, 446, 446    17, 49, 17, 49      
                                579, 638              30, 5               
шалгуур үзүүлэлт                136, 229, 256, 339    28, 4, 36, 4        
                                445, 446, 455, 456    32, 32, 29, 29      
                                597                   15                  
дүгнэлт                         136, 183, 184, 185    35, 11, 9, 12       
                                186, 252, 256, 257    6, 16, 43, 34       
                                269, 283, 384, 443    15, 27, 6, 35       
                                444, 455, 456, 506    35, 15, 15, 41      
                                507, 578              23, 28              
эрсдэлийн үнэлгээ               137, 185, 280, 565    12, 5, 22, 23       
                                570                   31                  
зохион байгуулагч               137, 152, 167, 168    16, 18, 14, 10      
                                169, 193, 315, 374    10, 16, 12, 14      
үнэлгээ                         138, 566, 660, 673    2, 14, 22, 4        
                                673                   9                   
засгийн газрын үнэт цаас        140, 140, 394, 395    6, 11, 1, 1         
                                399, 415, 560         10, 7, 12           
бусад этгээд                    145, 624              12, 2               
хөнгөлөлт                       146, 357, 359, 359    11, 2, 3, 6         
                                364, 372, 372         8, 13, 22           
олон улсын байгууллага          151                   7                   
хүсэлт                          151, 320, 522, 525    17, 25, 22, 5       
                                526, 528              5, 17               
сонгогч                         152, 477              13, 18              
нэгж                            154, 666, 667         28, 23, 23          
аймаг, нийслэлийн үнэт цаас     168, 169, 394, 395    12, 12, 6, 6        
                                422, 423, 423, 427    27, 6, 15, 4        
                                428, 429, 432, 457    21, 9, 7, 4         
                                458, 465, 466, 631    4, 7, 7, 4          
                                632                   4                   
хэлэлцээр                       168, 169, 361, 365    7, 7, 8, 6          
                                366, 377, 378, 380    13, 38, 38, 14      
                                387, 387, 388, 388    10, 20, 4, 10       
төрийн бус байгууллага          178                   6                   
монгол улсын мөнгөний болон валютын зах зээлд нөлөөлөхүйц байх  181                   7                   
зөвлөмж                         181, 183, 184, 335    21, 13, 11, 5       
                                659                   19                  
статистикийн мэдээлэл           187                   25                  
төсвийн ерөнхийлөн захирагч     188, 473, 483         6, 16, 28           
орлого                          202, 300, 304, 306    4, 22, 13, 6        
                                422, 511              17, 12              
үнэт цаасны зах зээл            203, 218              4, 26               
гадаад валют                    208                   7                   
гадаадын валют                  208                   7                   
салбар                          209, 342, 380, 385    2, 22, 17, 6        
                                483, 506, 522, 525    24, 2, 16, 7        
                                526, 660              7, 9                
банк                            209, 473, 473, 473    11, 23, 26, 29      
                                476, 476, 478, 478    10, 12, 13, 25      
                                484, 484, 485, 485    9, 16, 2, 14        
                                486, 486, 487, 487    11, 13, 2, 4        
                                513, 519, 541, 556    3, 5, 12, 2         
                                559, 561, 621         18, 2, 3            
эрсдэлийг бууруулах             211                   11                  
засгийн газрын өрийн удирдлагын стратеги  219                   9                   
эрсдэлийн шинжилгээ             220, 246, 650         9, 7, 6             
мэдээллийн сан                  223                   5                   
зорилтот түвшин                 237                   14                  
тайлбар                         246                   10                  
өрийн хязгаар                   254, 629, 671         5, 19, 23           
концессын гэрээ                 285                   9                   
засгийн газрын зөвшөөрөл        291, 292              24, 24              
улсын төсөв                     294, 295              5, 5                
улсын  төсөв                    294, 295              5, 5                
санхүүгийн дэмжлэг              297, 511              3, 9                
зарлага                         302                   17                  
эд хөрөнгө                      305                   13                  
шилжүүлэг                       307, 308, 463, 464    6, 4, 8, 8          
төсвийн орлого                  308                   2                   
нээлт                           315                   10                  
алданги                         319                   24                  
торгууль                        319                   25                  
зөвлөх                          334, 597              7, 25               
санхүүгийн зохицуулах хороо     342                   11                  
хөнгөлөлтийн түвшин             355, 356, 357         6, 6, 9             
хураамж                         364                   7                   
ашиглалт                        367, 494, 604, 630    8, 4, 6, 19         
                                636, 639              24, 26              
зээлдүүлэгч                     377, 378, 567, 578    35, 35, 9, 39       
                                579, 581              22, 10              
мэргэжил                        380                   28                  
холбогдох этгээд                387, 644              27, 28              
шуудан                          387                   29                  
зээлдэгч                        472, 473, 474, 476    18, 2, 2, 6         
                                477, 483, 484, 493    6, 47, 33, 2        
                                495, 500, 505, 509    2, 2, 4, 9          
                                509, 510, 605, 622    17, 4, 4, 6         
                                622                   9                   
санхүүгийн байгууллага          473, 476, 485, 486    32, 15, 4, 16       
                                487, 513              7, 6                
тайлан                          496, 496, 503, 503    6, 19, 8, 13        
                                547, 552, 552         3, 6, 19            
нотлох баримт                   506, 578              27, 14              
эрсдэл                          506                   14                  
мэдэгдэл                        506, 578, 579, 581    26, 12, 15, 7       
даруй                           506, 578              44, 41              
улсын хөрөнгө оруулалтын хөтөлбөр  528                   26                  
танилцуулга                     536, 537, 538         6, 3, 3             
санхүүгийн тайлан               543                   4                   
мэргэжлийн байгууллага          566                   17                  
зөвлөх үйлчилгээ                566                   21                  
нэхэмжлэгч                      579                   25                  
мэдээллийн нэгдсэн сан          593, 598, 599, 600    14, 4, 11, 2        
                                615, 616, 625, 627    11, 2, 2, 7         
                                630, 631, 632, 636    13, 14, 14, 19      
                                637, 639              11, 16              
заавар                          625                   16                  
төлбөр тооцоо                   631, 632              8, 8                
дотоод аудит                    658                   14                  
төсөл хэрэгжүүлэгч              660                   5                   
тушаал                          672                   15                  
эрх бүхий этгээд                675                   10                  
торгуул                         675, 677, 679, 680    28, 36, 26, 18      
                                681, 682              22, 23              
хяналт шалгалт                  676, 683              15, 14              
шүүх                            676, 683              12, 7               
шүүгч                           676, 683              12, 7               
мэдээ                           677                   11                  
